1499.9998807967213 747.0 5.0 0.08592300000600517
1499.9995231871906 747.0 5.0 0.3411748333601281
1499.998927172323 747.0 5.0 0.4002103334059939
1499.998092753644 747.0 5.0 0.42006383335683495
1499.9970199332893 747.0 5.0 0.43674083333462477
1499.9957087140046 747.0 5.0 0.4534075333504006
1499.994159099146 747.0 5.0 0.47008713334798813
1499.9923710926792 747.0 5.0 0.4867603334132582
1499.9903446991805 747.0 5.0 0.5034366333857179
1499.9880799238358 747.0 5.0 0.5201095333322883
1499.9855767724414 747.0 5.0 0.536780433380045
1499.9828352514028 747.0 5.0 0.5535441333195195
1499.9798553677358 747.0 5.0 0.571599233429879
1499.9766371290661 747.0 5.0 0.5882775334175676
1499.9731805436286 747.0 5.0 0.6049556334037334
1499.969485620268 747.0 5.0 0.6218605333706364
1499.9655523684385 747.0 5.0 0.6490578333614394
1499.961380798204 747.0 5.0 0.6684157333802432
1499.956970920237 747.0 5.0 0.6850911333458498
1499.9523227458196 747.0 5.0 0.7018624333431944
1499.9474362868432 747.0 5.0 0.7189327334053814
1499.9423115558077 747.0 5.0 0.7365307334112003
1499.9369485658221 747.0 5.0 0.7532018333440647
1499.9313473306042 747.0 5.0 0.7698770334245637
1499.92550786448 747.0 5.0 0.7865509333787486
1499.919430182384 747.0 5.0 0.8032305333763361
1499.9131142998592 747.0 5.0 0.8203431334113702
1499.9065602330563 747.0 5.0 0.8374254333321005
1499.8997679987342 747.0 5.0 0.854093833360821
1499.8927376142594 747.0 5.0 0.8709565333556384
1499.8854690976063 747.0 5.0 0.8876269333995879
1499.8779624673564 747.0 5.0 0.9042975333286449
1499.870217742698 747.0 5.0 0.920970733393915
1499.8622349434274 747.0 5.0 0.9376465333625674
1499.854014089947 747.0 5.0 0.9543199334293604
1499.8455552032658 747.0 5.0 0.9710225333692506
1499.8368583049994 747.0 5.0 0.9876970333280042
1499.8279234173697 747.0 5.0 1.004374833428301
1499.818750563204 747.0 5.0 1.0210533334175125
1499.8093397659359 747.0 5.0 1.0379436333896592
1499.799691049604 747.0 5.0 1.0550478333607316
1499.7898044388526 747.0 5.0 1.0717197334161028
1499.7796799589303 747.0 5.0 1.0883873333223164
1499.7693176356909 747.0 5.0 1.1050583333708346
1499.7587174955925 747.0 5.0 1.1217257333919406
1499.7478795656975 747.0 5.0 1.1383969333255664
1499.736803873672 747.0 5.0 1.1551058334298432
1499.7254904477857 747.0 5.0 1.1722685333807021
1499.7139393169118 747.0 5.0 1.1977110333973542
1499.7021505105265 747.0 5.0 1.2152391333365813
1499.6901240587088 747.0 5.0 1.2319088333752006
1499.6778599921397 747.0 5.0 1.2485810334328562
1499.6653583421028 747.0 5.0 1.2652597334235907
1499.6526191404832 747.0 5.0 1.2824790333397686
1499.6396424197678 747.0 5.0 1.2991748333442956
1499.6264282130444 747.0 5.0 1.3159976333845407
1499.6129765540015 747.0 5.0 1.33267183334101
1499.5992874769283 747.0 5.0 1.3495269333943725
1499.585361016714 747.0 5.0 1.3661989333340898
1499.5711972088473 747.0 5.0 1.382875733426772
1499.5567960894166 747.0 5.0 1.3995515333954245
1499.5421576951094 747.0 5.0 1.4162244333419949
1499.5272820632117 747.0 5.0 1.4328992334194481
1499.512169231608 747.0 5.0 1.44957223336678
1499.49681923878 747.0 5.0 1.4662398333894089
1499.4812321238078 747.0 5.0 1.4992676334222779
1499.4654079263678 747.0 5.0 1.5159407333703712
1499.4493466867339 747.0 5.0 1.5326773333363235
1499.4330484457755 747.0 5.0 1.5495314333820716
1499.4165132449584 747.0 5.0 1.5662017334252596
1499.3997411263438 747.0 5.0 1.5828782333992422
1499.3827321325878 747.0 5.0 1.599548133322969
1499.365486306941 747.0 5.0 1.6162189333699644
1499.3480036932485 747.0 5.0 1.6332371333846822
1499.3302843359488 747.0 5.0 1.6499047334073111
1499.3123282800736 747.0 5.0 1.6665802333736792
1499.2941355712478 747.0 5.0 1.6832519334275275
1499.2757062556882 747.0 5.0 1.6999241333687678
1499.2570403802038 747.0 5.0 1.716598333325237
1499.2381379921949 747.0 5.0 1.7332653333432972
1499.2189991396526 747.0 5.0 1.7499428333248943
1499.1996238711588 747.0 5.0 1.7666154333855957
1499.1800122358848 747.0 5.0 1.7834559333277866
1499.1601642835917 747.0 5.0 1.8001330334227532
1499.1400800646295 747.0 5.0 1.8168669333681464
1499.1197596299369 747.0 5.0 1.833540533320047
1499.09920303104 747.0 5.0 1.850214833393693
1499.0784103200524 747.0 5.0 1.866886333329603
1499.057381549675 747.0 5.0 1.8835663333302364
1499.0361167731946 747.0 5.0 1.9002359333680943
1499.0146160444842 747.0 5.0 1.9169146333588287
1498.9928794180016 747.0 5.0 1.9335842333966866
1498.97090694879 747.0 5.0 1.9502584333531559
1498.9486986924758 747.0 5.0 1.9669321334222332
1498.9262547052697 747.0 5.0 1.9835988333215937
1498.9035750439655 747.0 5.0 2.000289333402179
1498.8806597659388 747.0 5.0 2.016959433327429
1498.857508929148 747.0 5.0 2.0336351334117353
1498.834122592132 747.0 5.0 2.0503146334085613
1498.8105008140108 747.0 5.0 2.0669874333543703
1498.7866436544846 747.0 5.0 2.0836551333777606
1498.7625511738327 747.0 5.0 2.1003218333935365
1498.7382234329139 747.0 5.0 2.1172007333952934
1498.7136604931648 747.0 5.0 2.1338735333411023
1498.6888624166 747.0 5.0 2.150540433358401
1498.6638292658108 747.0 5.0 2.1672117334092036
1498.6385611039657 747.0 5.0 2.1838889333885163
1498.613057994808 747.0 5.0 2.2005669333739206
1498.587320002657 747.0 5.0 2.217237133416347
1498.561347192406 747.0 5.0 2.2339149334002286
1498.5351396295225 747.0 5.0 2.2505904333665967
1498.5086973800471 747.0 5.0 2.2672676333459094
1498.482020510593 747.0 5.0 2.2839451333275065
1498.4551090883451 747.0 5.0 2.3007260333979502
1498.4279631810598 747.0 5.0 2.3173935334198177
1498.4005828570637 747.0 5.0 2.33406793337781
1498.3729681852537 747.0 5.0 2.350810933392495
1498.3451192350956 747.0 5.0 2.367488033371046
1498.3170360766235 747.0 5.0 2.384291333379224
1498.28871878044 747.0 5.0 2.4009602334117517
1498.2601674177138 747.0 5.0 2.417627233429812
1498.2313820601807 747.0 5.0 2.4343035334022716
1498.202362780142 747.0 5.0 2.4509761333465576
1498.1731096504639 747.0 5.0 2.4676470333943143
1498.1436227445765 747.0 5.0 2.4843221333576366
1498.1139021364738 747.0 5.0 2.5009964334312826
1498.0839479007125 747.0 5.0 2.517674233415164
1498.0537601124113 747.0 5.0 2.5343460333533585
1498.02333884725 747.0 5.0 2.551024933345616
1497.9926841814688 747.0 5.0 2.56770153332036
1497.9617961918682 747.0 5.0 2.5843755333917215
1497.930674955807 747.0 5.0 2.6010438334196806
1497.899320551203 747.0 5.0 2.6177139333449304
1497.8677330565304 747.0 5.0 2.634391533327289
1497.8359125508211 747.0 5.0 2.6510711333248764
1497.8038591136626 747.0 5.0 2.667743533384055
1497.7715728251974 747.0 5.0 2.6844240333884954
1497.7390537661222 747.0 5.0 2.7011938333744183
1497.7063020176872 747.0 5.0 2.7178745333803818
1497.6733176616958 747.0 5.0 2.734687533346005
1497.6401007805027 747.0 5.0 2.7513551333686337
1497.6066514570143 747.0 5.0 2.7680310333380476
1497.5729697746867 747.0 5.0 2.7847087333211675
1497.5390558175259 747.0 5.0 2.801380933378823
1497.5049096700861 747.0 5.0 2.818056633346714
1497.4705314174698 747.0 5.0 2.8347236333647743
1497.4359211453263 747.0 5.0 2.8513989333296195
1497.4010789398508 747.0 5.0 2.868068633368239
1497.366004887784 747.0 5.0 2.884740033419803
1497.3306990764106 747.0 5.0 2.9014369334327057
1497.2951615935597 747.0 5.0 2.9181048333412036
1497.2593925276024 747.0 5.0 2.9347726333653554
1497.2233919674518 747.0 5.0 2.9514405333902687
1497.187160002562 747.0 5.0 2.9685486333910376
1497.1506967229275 747.0 5.0 2.9852294333977625
1497.1140022190814 747.0 5.0 3.001901933341287
1497.0770765820957 747.0 5.0 3.0185754334088415
1497.0399199035796 747.0 5.0 3.035910233389586
1497.0025322756787 747.0 5.0 3.0525842333445325
1496.9649137910744 747.0 5.0 3.0692692333832383
1496.9270645429829 747.0 5.0 3.085946833365597
1496.888984625154 747.0 5.0 3.1026197334285825
1496.8506741318708 747.0 5.0 3.119296233402565
1496.812133157948 747.0 5.0 3.1363812333438545
1496.7733617987317 747.0 5.0 3.153054033406079
1496.734360150098 747.0 5.0 3.169742733356543
1496.695128308452 747.0 5.0 3.199398533324711
1496.6556663707274 747.0 5.0 3.2170568333240226
1496.6159744343852 747.0 5.0 3.2337297333870083
1496.5760525974126 747.0 5.0 3.250405333354138
1496.5359009583226 747.0 5.0 3.267079933430068
1496.4955196161523 747.0 5.0 3.2837514333659783
1496.4549086704626 747.0 5.0 3.3004246334312484
1496.4140682213367 747.0 5.0 3.317099133390002
1496.3729983693797 747.0 5.0 3.3337695334339514
1496.3316992157174 747.0 5.0 3.3504488334292546
1496.2901708619947 747.0 5.0 3.3671207333682105
1496.2484134103759 747.0 5.0 3.383789833402261
1496.2064269635423 747.0 5.0 3.4004682333907112
1496.1642116246924 747.0 5.0 3.4171368334209546
1496.12176749754 747.0 5.0 3.4338142334017903
1496.079094686314 747.0 5.0 3.450487633352168
1496.0361932957567 747.0 5.0 3.467161733424291
1495.9930634311233 747.0 5.0 3.483830733341165
1495.9497051981807 747.0 5.0 3.5005085333250463
1495.9061187032064 747.0 5.0 3.5171826333971694
1495.8623040529874 747.0 5.0 3.533850833424367
1495.8182613548197 747.0 5.0 3.5505215333541855
1495.7739907165064 747.0 5.0 3.5671963334316388
1495.7294922463577 747.0 5.0 3.583876533433795
1495.684766053189 747.0 5.0 3.600546933361329
1495.6398122463202 747.0 5.0 3.6172180334106088
1495.5946309355747 747.0 5.0 3.63388823333662
1495.5492222312787 747.0 5.0 3.6505771334050223
1495.503586244259 747.0 5.0 3.667248333338648
1495.4577230858433 747.0 5.0 3.683921233401634
1495.4116328678583 747.0 5.0 3.7005930333398283
1495.3653157026288 747.0 5.0 3.717273533344269
1495.3187717029768 747.0 5.0 3.733943433384411
1495.2720009822208 747.0 5.0 3.7506174333393574
1495.2250036541734 747.0 5.0 3.7672861333703622
1495.1777798331416 747.0 5.0 3.8051254333695397
1495.130329633925 747.0 5.0 3.831789933377877
1495.082653171815 747.0 5.0 3.8496092333225533
1495.034750562594 747.0 5.0 3.8662804333725944
1494.986621922533 747.0 5.0 3.883007633383386
1494.9382673683924 747.0 5.0 3.8996844333596528
1494.8896870174194 747.0 5.0 3.916362433345057
1494.8408809873476 747.0 5.0 3.933031633379869
1494.7918493963957 747.0 5.0 3.9497101333690807
1494.742592363266 747.0 5.0 3.966377833392471
1494.6931100071445 747.0 5.0 3.983050433336757
1494.6434024476982 747.0 5.0 3.99972313339822
1494.5934698050753 747.0 5.0 4.016394333331846
1494.5433121999029 747.0 5.0 4.033066833391786
1494.492929753287 747.0 5.0 4.04974003334064
1494.4423225868106 747.0 5.0 4.066419933340512
1494.3914908225331 747.0 5.0 4.083132233354263
1494.3404345829886 747.0 5.0 4.099804133409634
1494.289153991185 747.0 5.0 4.116490733344108
1494.237649170603 747.0 5.0 4.133430933346972
1494.1859202451944 747.0 5.0 4.15010123339016
1494.1339673393823 747.0 5.0 4.166959333349951
1494.081790578058 747.0 5.0 4.183629333390854
1494.0293900865815 747.0 5.0 4.200299033429474
1493.9767659907795 747.0 5.0 4.217162433429621
1493.9239184169444 747.0 5.0 4.233829333330505
1493.870847491833 747.0 5.0 4.250533633399755
1493.8175533426656 747.0 5.0 4.267203133320436
1493.7640360971247 747.0 5.0 4.28398993331939
1493.7102958833539 747.0 5.0 4.300659433356486
1493.656332829956 747.0 5.0 4.317329033394344
1493.6021470659934 747.0 5.0 4.334001833340153
1493.5477387209853 747.0 5.0 4.350676833419129
1493.4931079249072 747.0 5.0 4.367351433378644
1493.4382548081899 747.0 5.0 4.384490833384916
1493.383179501718 747.0 5.0 4.401161933434196
1493.3278821368283 747.0 5.0 4.4178391334135085
1493.2723628453095 747.0 5.0 4.434511833358556
1493.2166217594006 747.0 5.0 4.451191233354621
1493.160659011789 747.0 5.0 4.467865233425982
1493.1044747356107 747.0 5.0 4.4845356333535165
1493.0480690644476 747.0 5.0 4.501205333392136
1492.9914421323274 747.0 5.0 4.51827063341625
1492.9345940737217 747.0 5.0 4.535294633358717
1492.8775250235449 747.0 5.0 4.551969033433124
1492.8202351171535 747.0 5.0 4.568800033419393
1492.7627244903442 747.0 5.0 4.585483533330262
1492.7049932793527 747.0 5.0 4.602164833340794
1492.6470416208529 747.0 5.0 4.618890433339402
1492.5888696519553 747.0 5.0 4.635561833390966
1492.530477510206 747.0 5.0 4.65223183343187
1492.4718653335856 747.0 5.0 4.668906233389862
1492.4130332605068 747.0 5.0 4.685575033421628
1492.3539814298151 747.0 5.0 4.702248433372006
1492.2947099807857 747.0 5.0 4.7189184334129095
1492.2352190531233 747.0 5.0 4.7355892333434895
1492.1755087869606 747.0 5.0 4.7522606333950534
1492.1155793228568 747.0 5.0 4.768932633334771
1492.0554308017965 747.0 5.0 4.785603433381766
1491.995063365189 747.0 5.0 4.80227273341734
1491.9344771548658 747.0 5.0 4.818947133375332
1491.8736723130805 747.0 5.0 4.835616233409382
1491.8126489825067 747.0 5.0 4.852285133325495
1491.7514073062373 747.0 5.0 4.869087233324535
1491.6899474277827 747.0 5.0 4.88576213340275
1491.6282694910701 747.0 5.0 4.902453233371489
1491.566373640442 747.0 5.0 4.919193533365615
1491.504260020654 747.0 5.0 4.935868033324368
1491.4419287768756 747.0 5.0 4.952539733378217
1491.3793800546866 747.0 5.0 4.969208033406176
1491.3166140000774 747.0 5.0 4.985880433348939
1491.2536307594469 747.0 5.0 5.002557833329774
1491.1904304796014 747.0 5.0 5.019234633422457
1491.1270133077535 747.0 5.0 5.035901733324863
1491.0633793915206 747.0 5.0 5.052578233415261
1490.9995288789237 747.0 5.0 5.0692507333587855
1490.935461918386 747.0 5.0 5.085924433427863
1490.8711786587314 747.0 5.0 5.103407333372161
1490.8066792491838 747.0 5.0 5.120452433358878
1490.741963839365 747.0 5.0 5.137353033409454
1490.677032579294 747.0 5.0 5.154023633338511
1490.6118856193855 747.0 5.0 5.170695533393882
1490.5465231104483 747.0 5.0 5.187369433348067
1490.4809452036843 747.0 5.0 5.204037633375265
1490.4151520506873 747.0 5.0 5.220712133334018
1490.3491438034412 747.0 5.0 5.23738543340005
1490.282920614319 747.0 5.0 5.254064133390784
1490.2164826360815 747.0 5.0 5.270992633420974
1490.149830021876 747.0 5.0 5.28803143335972
1490.0829629252341 747.0 5.0 5.3046994333853945
1490.0158815000723 747.0 5.0 5.321950133424252
1489.9485859006884 747.0 5.0 5.339149733423255
1489.8810762817616 747.0 5.0 5.355816433322616
1489.813352798351 747.0 5.0 5.3724877333734185
1489.7454156058934 747.0 5.0 5.3980847334023565
1489.6772648602034 747.0 5.0 5.414842833415605
1489.608900717471 747.0 5.0 5.431517633376643
1489.54032333426 747.0 5.0 5.448769533424638
1489.4715328675077 747.0 5.0 5.465450533432886
1489.402529474523 747.0 5.0 5.482117733336054
1489.3333133129845 747.0 5.0 5.498788733384572
1489.2638845409401 747.0 5.0 5.515464833355509
1489.1942433168053 747.0 5.0 5.53214673337061
1489.1243897993618 747.0 5.0 5.548823933349922
1489.0543241477558 747.0 5.0 5.56550353334751
1488.984046521497 747.0 5.0 5.582173933391459
1488.9135570804574 747.0 5.0 5.598850933369249
1488.8428559848696 747.0 5.0 5.615521133411676
1488.7719433953257 747.0 5.0 5.632188133429736
1488.7008194727757 747.0 5.0 5.648858933360316
1488.6294843785263 747.0 5.0 5.6655291334027424
1488.5579382742392 747.0 5.0 5.682407733402215
1488.4861813219302 747.0 5.0 5.699836933403276
1488.4142136839678 747.0 5.0 5.7165134333772585
1488.3420355230712 747.0 5.0 5.733355133328587
1488.2696470023097 747.0 5.0 5.750026333378628
1488.197048285101 747.0 5.0 5.766697833430953
1488.1242395352094 747.0 5.0 5.783523433376104
1488.0512209167455 747.0 5.0 5.80019603332039
1487.9779925941637 747.0 5.0 5.816972633358091
1487.9045547322612 747.0 5.0 5.8337707333266735
1487.8309074961771 747.0 5.0 5.850441833375953
1487.7570510513904 747.0 5.0 5.867115433327854
1487.6829855637186 747.0 5.0 5.883782433345914
1487.608711199317 747.0 5.0 5.900455833412707
1487.5342281246765 747.0 5.0 5.917133633396588
1487.4595365066227 747.0 5.0 5.933808433357626
1487.3846365123145 747.0 5.0 5.950487733352929
1487.3095283092425 747.0 5.0 5.967157733393833
1487.2342120652277 747.0 5.0 5.983837733394466
1487.1586879484198 747.0 5.0 6.000527733354829
1487.0829561272967 747.0 5.0 6.017235333332792
1487.0070167706622 747.0 5.0 6.034934933413751
1486.930870047645 747.0 5.0 6.0516075333580375
1486.8545161276973 747.0 5.0 6.068275033379905
1486.7779551805932 747.0 5.0 6.084951333352365
1486.7011873764275 747.0 5.0 6.101625533425249
1486.6242128856143 747.0 5.0 6.118292533326894
1486.5470318788855 747.0 5.0 6.134967933408916
1486.4696445272898 747.0 5.0 6.151667233323678
1486.3920510021903 747.0 5.0 6.168334533344023
1486.3142514752644 747.0 5.0 6.185008833417669
1486.2362461185014 747.0 5.0 6.201677433331497
1486.1580351042014 747.0 5.0 6.218346133362502
1486.0796186049743 747.0 5.0 6.235016533406451
1486.0009967937378 747.0 5.0 6.25168863334693
1485.9221698437163 747.0 5.0 6.268363133422099
1485.8431379284395 747.0 5.0 6.285030233324505
1485.763901221741 747.0 5.0 6.301699033356272
1485.6844598977566 747.0 5.0 6.31836933339946
1485.6048141309232 747.0 5.0 6.335044133360498
1485.5249640959776 747.0 5.0 6.351721633342095
1485.4449099679546 747.0 5.0 6.368389533367008
1485.3646519221859 747.0 5.0 6.385063633322716
1485.2841901342986 747.0 5.0 6.401786733418703
1485.2035247802137 747.0 5.0 6.418463933398016
1485.1226560361451 747.0 5.0 6.435135633335449
1485.0415840785977 747.0 5.0 6.451806433382444
1484.960309084366 747.0 5.0 6.468474333407357
1484.8788312305328 747.0 5.0 6.485150933382101
1484.7971506944687 747.0 5.0 6.501829633372836
1484.7152676538287 747.0 5.0 6.518505233339965
1484.633182286553 747.0 5.0 6.5351811334257945
1484.5508947708638 747.0 5.0 6.551873833406717
1484.468405285265 747.0 5.0 6.568550833384506
1484.3857140085402 747.0 5.0 6.585228433366865
1484.3028211197516 747.0 5.0 6.601901633432135
1484.2197267982388 747.0 5.0 6.618571133352816
1484.1364312236165 747.0 5.0 6.6352518333587795
1484.0529345757743 747.0 5.0 6.651931733358651
1483.9692370348741 747.0 5.0 6.668603933416307
1483.88533878135 747.0 5.0 6.685445533366874
1483.801239995905 747.0 5.0 6.702116333413869
1483.716940859512 747.0 5.0 6.7189810334239155
1483.6324415534104 747.0 5.0 6.7356668333522975
1483.5477422591057 747.0 5.0 6.752619833336212
1483.4628431583674 747.0 5.0 6.769294933415949
1483.3777444332284 747.0 5.0 6.785965933348052
1483.2924462659832 747.0 5.0 6.802733133430593
1483.2069488391865 747.0 5.0 6.819405533373356
1483.1212523356512 747.0 5.0 6.836079633329064
1483.0353569384483 747.0 5.0 6.8527586333220825
1482.9492628309044 747.0 5.0 6.869427733356133
1482.8629701966008 747.0 5.0 6.886098033399321
1482.7764792193716 747.0 5.0 6.902776133385487
1482.689790083303 747.0 5.0 6.919611833407544
1482.6029029727315 747.0 5.0 6.936285933363251
1482.5158180722422 747.0 5.0 6.952958233421668
1482.428535566668 747.0 5.0 6.969627233338542
1482.3410556410875 747.0 5.0 6.986340133356862
1482.2533784808245 747.0 5.0 7.003016033326276
1482.1655042714458 747.0 5.0 7.0198139334097505
1482.0774331987602 747.0 5.0 7.036482733325101
1481.9891654488167 747.0 5.0 7.053162933327258
1481.9007012079037 747.0 5.0 7.069835033384152
1481.8120406625471 747.0 5.0 7.086695933365263
1481.723183999509 747.0 5.0 7.10337413335219
1481.6341314057863 747.0 5.0 7.120043533388525
1481.5448830686096 747.0 5.0 7.136720133363269
1481.4554391754411 747.0 5.0 7.153583133360371
1481.3657999139741 747.0 5.0 7.170531733427197
1481.275965472131 747.0 5.0 7.1872250334126875
1481.1859360380618 747.0 5.0 7.203902233392
1481.0957118001431 747.0 5.0 7.220582833397202
1481.0052929469766 747.0 5.0 7.237251133425161
1480.9146796673876 747.0 5.0 7.253926633391529
1480.8238721504235 747.0 5.0 7.270598633331247
1480.7328705853529 747.0 5.0 7.287575733382255
1480.6416751616632 747.0 5.0 7.304545433376916
1480.5502860690603 747.0 5.0 7.321220733341761
1480.4587034974666 747.0 5.0 7.337899633334018
1480.3669276370197 747.0 5.0 7.354595133336261
1480.2749586780712 747.0 5.0 7.382348833372816
1480.1827968111852 747.0 5.0 7.399018733412959
1480.0904422271365 747.0 5.0 7.415734633337706
1479.9978951169098 747.0 5.0 7.433125733397901
1479.9051556716984 747.0 5.0 7.4498055333970115
1479.8122240829018 747.0 5.0 7.466472533415072
1479.7191005421255 747.0 5.0 7.483143833349459
1479.6257852411788 747.0 5.0 7.499812533380464
1479.532278372074 747.0 5.0 7.5164906333666295
1479.4385801270246 747.0 5.0 7.53315833339002
1479.3446906984439 747.0 5.0 7.549833633354865
1479.250610278944 747.0 5.0 7.566519033396617
1479.156339061334 747.0 5.0 7.583204533322714
1479.061877238619 747.0 5.0 7.599874233361334
1478.9672250039982 747.0 5.0 7.616551533341408
1478.8723825508641 747.0 5.0 7.633221833384596
1478.7773500728006 747.0 5.0 7.649893433321267
1478.682127763582 747.0 5.0 7.666571133420803
1478.5867158171714 747.0 5.0 7.683302433346398
1478.4911144277194 747.0 5.0 7.699978033429943
1478.395323789563 747.0 5.0 7.71664793335367
1478.2993440972236 747.0 5.0 7.733320533414371
1478.203175545406 747.0 5.0 7.75007033336442
1478.1068183289974 747.0 5.0 7.766742933425121
1478.010272643065 747.0 5.0 7.7834196334006265
1477.913538682856 747.0 5.0 7.8000870334217325
1477.8166166437948 747.0 5.0 7.817296433378942
1477.7195067214827 747.0 5.0 7.833968533319421
1477.6222091116963 747.0 5.0 7.850640833377838
1477.5247240103856 747.0 5.0 7.867513533332385
1477.4270516136733 747.0 5.0 7.884709133417346
1477.329192117853 747.0 5.0 7.901383233373053
1477.2311457193878 747.0 5.0 7.91805483342614
1477.1329126149099 747.0 5.0 7.934729633387178
1477.0344930012177 747.0 5.0 7.951423833379522
1476.9358870752756 747.0 5.0 7.9680972333299
1476.8370950342119 747.0 5.0 7.984766533365473
1476.7381170753183 747.0 5.0 8.001446333364584
1476.638953396048 747.0 5.0 8.018117733416148
1476.5396041940141 747.0 5.0 8.034786733333021
1476.4400696669886 747.0 5.0 8.051454133354127
1476.3403500129011 747.0 5.0 8.068124533398077
1476.2404454298376 747.0 5.0 8.084801833378151
1476.1403561160384 747.0 5.0 8.101506633334793
1476.0400822698975 747.0 5.0 8.118265433353372
1475.9396240899612 747.0 5.0 8.134941333322786
1475.8389817749264 747.0 5.0 8.151613033376634
1475.7381555236393 747.0 5.0 8.16829803341534
1475.6371455350945 747.0 5.0 8.184974733390845
1475.535952008433 747.0 5.0 8.201645433320664
1475.4345751429416 747.0 5.0 8.218315133359283
1475.333015138051 747.0 5.0 8.234990333323367
1475.2312721933345 747.0 5.0 8.251661333371885
1475.1293465085068 747.0 5.0 8.268338933354244
1475.0272382834232 747.0 5.0 8.285017833346501
1474.9249477180774 747.0 5.0 8.30169613333419
1474.8224750126005 747.0 5.0 8.318370433407836
1474.7198203672597 747.0 5.0 8.335329833324067
1474.6169839824572 747.0 5.0 8.35200253338553
1474.5139660587283 747.0 5.0 8.368675933335908
1474.410766796741 747.0 5.0 8.385369733325206
1474.3073863972936 747.0 5.0 8.402041633380577
1474.2038250613143 747.0 5.0 8.418714433326386
1474.1000829898592 747.0 5.0 8.43570613337215
1473.9961603841114 747.0 5.0 8.45243323338218
1473.8920574453794 747.0 5.0 8.46910813334398
1473.7877743750964 747.0 5.0 8.485948033398017
1473.6833113748182 747.0 5.0 8.502617033431306
1473.5786686462225 747.0 5.0 8.51928533334285
1473.473846391107 747.0 5.0 8.53595983341802
1473.3688448113887 747.0 5.0 8.552630133344792
1473.2636641091024 747.0 5.0 8.569305833429098
1473.1583044863992 747.0 5.0 8.58598363341298
1473.0527661455453 747.0 5.0 8.602663833415136
1472.947049288921 747.0 5.0 8.619337533367798
1472.8411541190192 747.0 5.0 8.636130233411677
1472.7350808384433 747.0 5.0 8.652810033410788
1472.6288296499079 747.0 5.0 8.669487633393146
1472.5224007562354 747.0 5.0 8.686164133367129
1472.4157943603557 747.0 5.0 8.702838333323598
1472.3090106653053 747.0 5.0 8.7195109333843
1472.2020498742254 747.0 5.0 8.736193733406253
1472.0949121903602 747.0 5.0 8.752873133402318
1471.9875978170571 747.0 5.0 8.769667533342727
1471.880106957764 747.0 5.0 8.7865544334054
1471.7724398160283 747.0 5.0 8.803469533333555
1471.6645965954963 747.0 5.0 8.820139833376743
1471.5565774999116 747.0 5.0 8.836814433336258
1471.4483827331132 747.0 5.0 8.853489433415234
1471.3400124990355 747.0 5.0 8.87018373340834
1471.2314670017058 747.0 5.0 8.88685663335491
1471.1227464452436 747.0 5.0 8.903523733373731
1471.0138510338593 747.0 5.0 8.920200733351521
1470.9047809718531 747.0 5.0 8.936881733359769
1470.7955364636136 747.0 5.0 8.953554133418947
1470.6861177136166 747.0 5.0 8.970227033365518
1470.5765249264232 747.0 5.0 8.986953133367933
1470.4667583066798 747.0 5.0 9.003625733428635
1470.356818059116 747.0 5.0 9.020302833407186
1470.2467043885433 747.0 5.0 9.036975133349188
1470.1364174998546 747.0 5.0 9.053646933403797
1470.025957598022 747.0 5.0 9.070319433347322
1469.9153248880962 747.0 5.0 9.086986433365382
1469.8045195752052 747.0 5.0 9.103658533422276
1469.6935418645528 747.0 5.0 9.120335533400066
1469.5823919614177 747.0 5.0 9.137010533362627
1469.471070071152 747.0 5.0 9.153680733405054
1469.3595763991802 747.0 5.0 9.170359833398834
1469.2479111509977 747.0 5.0 9.187039133394137
1469.1360745321697 747.0 5.0 9.203707833425142
1469.0240667483301 747.0 5.0 9.221031633322127
1468.9118880051806 747.0 5.0 9.237773633329198
1468.7995385084885 747.0 5.0 9.254445933387615
1468.6870184640861 747.0 5.0 9.271117533324286
1468.5743280778702 747.0 5.0 9.287791733397171
1468.4614675557991 747.0 5.0 9.304468833375722
1468.3484371038935 747.0 5.0 9.321143333334476
1468.2352369282335 747.0 5.0 9.337810333352536
1468.1218672349585 747.0 5.0 9.35448693332728
1468.0083282302655 747.0 5.0 9.371156833367422
1467.8946201204085 747.0 5.0 9.387837733374909
1467.7807431116962 747.0 5.0 9.404590133344755
1467.6666974104921 747.0 5.0 9.42126433341764
1467.5524832232124 747.0 5.0 9.449265333358198
1467.438100756325 747.0 5.0 9.465934133389965
1467.3235502163486 747.0 5.0 9.482626133365557
1467.2088318098515 747.0 5.0 9.499297633417882
1467.09394574345 747.0 5.0 9.515966033330187
1466.9788922238076 747.0 5.0 9.532888633431867
1466.863671457634 747.0 5.0 9.549555933335796
1466.7482836516829 747.0 5.0 9.566639833385125
1466.6327290127524 747.0 5.0 9.583314233343117
1466.5170077476826 747.0 5.0 9.599982033367269
1466.401120063355 747.0 5.0 9.616650333395228
1466.2850661666912 747.0 5.0 9.633323233341798
1466.1688462646516 747.0 5.0 9.650000833324157
1466.0524605642347 747.0 5.0 9.66667983343359
1465.9359092724753 747.0 5.0 9.683356633409858
1465.8191925964438 747.0 5.0 9.70002553332597
1465.702310743245 747.0 5.0 9.716694133356214
1465.585263920017 747.0 5.0 9.733392033376731
1465.4680523339296 747.0 5.0 9.750062533421442
1465.3506761921838 747.0 5.0 9.766729433322325
1465.2331357020103 747.0 5.0 9.783409433322959
1465.1154310706684 747.0 5.0 9.800083833397366
1464.9975625054449 747.0 5.0 9.816757233347744
1464.879530213653 747.0 5.0 9.833427233388647
1464.7613344026313 747.0 5.0 9.850399333401583
1464.6429752797424 747.0 5.0 9.867078733397648
1464.5244530523717 747.0 5.0 9.884577733348124
1464.405767927927 747.0 5.0 9.901247033383697
1464.2869201138362 747.0 5.0 9.917919933330268
1464.1679098175475 747.0 5.0 9.934630033327267
1464.0487372465275 747.0 5.0 9.951306633418426
1463.9294026082598 747.0 5.0 9.967982133384794
1463.809906110245 747.0 5.0 9.9847442334285
1463.6902479599983 747.0 5.0 10.001412833342329
1463.5704283650493 747.0 5.0 10.018287233426236
1463.450447532941 747.0 5.0 10.034964233404025
1463.330305671228 747.0 5.0 10.051641033380292
1463.2100029874753 747.0 5.0 10.068309533409774
1463.0895396892583 747.0 5.0 10.084977333433926
1462.9689159841612 747.0 5.0 10.101650133379735
1462.848132079775 747.0 5.0 10.118323433329351
1462.727188183698 747.0 5.0 10.134995933389291
1462.6060845035336 747.0 5.0 10.151669333339669
1462.4848212468894 747.0 5.0 10.168646933394484
1462.3633986213765 747.0 5.0 10.185324633377604
1462.2418168346085 747.0 5.0 10.202284333412535
1462.1200760941995 747.0 5.0 10.218955133343115
1461.998176607764 747.0 5.0 10.235894133336842
1461.8761185829155 747.0 5.0 10.252561233355664
1461.7539022272656 747.0 5.0 10.26924623339437
1461.6315277484227 747.0 5.0 10.286002233391628
1461.508995353991 747.0 5.0 10.303005533409305
1461.3863052515694 747.0 5.0 10.319676433340646
1461.2634576487508 747.0 5.0 10.336363633396104
1461.1404527531208 747.0 5.0 10.35303693334572
1461.0172907722565 747.0 5.0 10.369730633334257
1460.8939719137256 747.0 5.0 10.386427933350205
1460.7704963850856 747.0 5.0 10.403103233431466
1460.6468643938824 747.0 5.0 10.420045033330098
1460.5230761476496 747.0 5.0 10.436711833346635
1460.399131853907 747.0 5.0 10.453822733368725
1460.27503172016 747.0 5.0 10.470496533322148
1460.1507759538988 747.0 5.0 10.487165833357722
1460.0263647625966 747.0 5.0 10.503840533434413
1459.9017983537092 747.0 5.0 10.520544033381157
1459.7770769346735 747.0 5.0 10.537563533405773
1459.6522007129072 747.0 5.0 10.554294833331369
1459.5271698958072 747.0 5.0 10.570970633416437
1459.401984690749 747.0 5.0 10.58764713339042
1459.2766453050851 747.0 5.0 10.604324733372778
1459.1511519461446 747.0 5.0 10.62100253335666
1459.025504821232 747.0 5.0 10.637817233335227
1458.8997041376263 747.0 5.0 10.665650133392774
1458.7737501025792 747.0 5.0 10.68270723335445
1458.6476429233157 747.0 5.0 10.699382533319294
1458.521382807032 747.0 5.0 10.716052333358675
1458.3949699608945 747.0 5.0 10.732726633432321
1458.268404592039 747.0 5.0 10.74939523334615
1458.14168690757 747.0 5.0 10.766062833368778
1458.0148171145595 747.0 5.0 10.783012133324519
1457.8877954200461 747.0 5.0 10.79968543339055
1457.7606220310338 747.0 5.0 10.81635313341394
1457.6332971544914 747.0 5.0 10.833024233346805
1457.5058209973513 747.0 5.0 10.849701933329925
1457.3781937665083 747.0 5.0 10.86637753341347
1457.2504156688194 747.0 5.0 10.883048933348618
1457.1224869111022 747.0 5.0 10.899716333369724
1456.994407700134 747.0 5.0 10.91638923343271
1456.866178242651 747.0 5.0 10.933064433396794
1456.7377987453474 747.0 5.0 10.94981893338263
1456.6092694148747 747.0 5.0 10.966496733366512
1456.48059045784 747.0 5.0 10.983168833423406
1456.3517620808059 747.0 5.0 10.9998419333715
1456.2227844902889 747.0 5.0 11.016516333329491
1456.093657892759 747.0 5.0 11.033185833366588
1455.9643824946384 747.0 5.0 11.049859033431858
1455.8349585023007 747.0 5.0 11.066532533382997
1455.70538612207 747.0 5.0 11.083202633424662
1455.57566556022 747.0 5.0 11.099871733342297
1455.4457970229732 747.0 5.0 11.116541333380155
1455.3157807164998 747.0 5.0 11.133215033332817
1455.1856168469167 747.0 5.0 11.149883033358492
1455.0553056202868 747.0 5.0 11.166556233423762
1454.9248472426182 747.0 5.0 11.183233633404598
1454.794241919863 747.0 5.0 11.19996233342681
1454.6634898579164 747.0 5.0 11.216636833385564
1454.5325912626163 747.0 5.0 11.233306433423422
1454.4015463397418 747.0 5.0 11.249984333408065
1454.2703552950127 747.0 5.0 11.26666233339347
1454.1390183340884 747.0 5.0 11.283341533388011
1454.007535662567 747.0 5.0 11.300014933338389
1453.875907485985 747.0 5.0 11.31668683339376
1453.744134009815 747.0 5.0 11.333369733416475
1453.612215439467 747.0 5.0 11.350042733363807
1453.4801519802854 747.0 5.0 11.366720933350734
1453.3479438375493 747.0 5.0 11.383926733396947
1453.2155912164715 747.0 5.0 11.400608133408241
1453.0830943221972 747.0 5.0 11.417279733344913
1452.950453359804 747.0 5.0 11.43436283338815
1452.8176685343 747.0 5.0 11.451150333392434
1452.684740050624 747.0 5.0 11.467830833396874
1452.5516681136432 747.0 5.0 11.484510433394462
1452.4184529281542 747.0 5.0 11.50118943338748
1452.2850946988806 747.0 5.0 11.517910633352585
1452.1515936304731 747.0 5.0 11.534589233342558
1452.0179499275082 747.0 5.0 11.551269933348522
1451.8841637944877 747.0 5.0 11.567946033319458
1451.7502354358373 747.0 5.0 11.584614333347417
1451.6161650559065 747.0 5.0 11.601315433392301
1451.4819528589671 747.0 5.0 11.61799513339065
1451.3475990492132 747.0 5.0 11.634667033329606
1451.213103830759 747.0 5.0 11.652284833369777
1451.0784674076401 747.0 5.0 11.669170833425596
1450.9436899838104 747.0 5.0 11.685848533408716
1450.8087717631429 747.0 5.0 11.702519433340058
1450.673712949428 747.0 5.0 11.7192069333978
1450.5385137463732 747.0 5.0 11.73588463338092
1450.4031743576022 747.0 5.0 11.752552033402026
1450.267694986654 747.0 5.0 11.769221333321184
1450.1320758369823 747.0 5.0 11.78602523333393
1449.996317111954 747.0 5.0 11.802696233382449
1449.8604190148496 747.0 5.0 11.819368733325973
1449.7243817488613 747.0 5.0 11.836037133354694
1449.588205517093 747.0 5.0 11.852712933323346
1449.4518905225589 747.0 5.0 11.869390433421358
1449.3154369681833 747.0 5.0 11.886061933357269
1449.1788450567997 747.0 5.0 11.902735333424062
1449.0421149911492 747.0 5.0 11.919412633404136
1448.9052469738813 747.0 5.0 11.936380233382806
1448.7682412075517 747.0 5.0 11.953047033399343
1448.6310978946224 747.0 5.0 11.969745633425191
1448.4938172374602 747.0 5.0 11.986433533369564
1448.3563994383371 747.0 5.0 12.003125233342871
1448.218844699428 747.0 5.0 12.019803033326752
1448.0811532228113 747.0 5.0 12.036475233384408
1447.9433252104675 747.0 5.0 12.053154733381234
1447.8053608642788 747.0 5.0 12.07038083334919
1447.6672603860277 747.0 5.0 12.087618433404714
1447.529023977397 747.0 5.0 12.115877633332275
1447.3906518399688 747.0 5.0 12.132548733381554
1447.2521441752235 747.0 5.0 12.149215733399615
1447.1135011845397 747.0 5.0 12.165897633414716
1446.9747230691928 747.0 5.0 12.182992233429104
1446.8358100303547 747.0 5.0 12.199664333369583
1446.6967622690927 747.0 5.0 12.217858733376488
1446.5575799863695 747.0 5.0 12.234528833418153
1446.4182633830417 747.0 5.0 12.251224933424965
1446.278812659859 747.0 5.0 12.267896433360875
1446.1392280174648 747.0 5.0 12.284576033358462
1445.999509656394 747.0 5.0 12.301829133415595
1445.8596577770727 747.0 5.0 12.31915183342062
1445.7196725798185 747.0 5.0 12.335820233332925
1445.5795542648382 747.0 5.0 12.352635733434
1445.4393030322283 747.0 5.0 12.369305533356965
1445.2989190819735 747.0 5.0 12.385977533413097
1445.1584026139471 747.0 5.0 12.40265753341373
1445.0177538279092 747.0 5.0 12.419324333430268
1444.8769729235064 747.0 5.0 12.435999233392067
1444.7360601002713 747.0 5.0 12.452669033431448
1444.5950155576218 747.0 5.0 12.469345833407715
1444.45383949486 747.0 5.0 12.486025433405302
1444.3125321111722 747.0 5.0 12.502697833348066
1444.1710936056281 747.0 5.0 12.519375333329663
1444.0295241771794 747.0 5.0 12.536275633377954
1443.8878240246597 747.0 5.0 12.552953833364882
1443.7459933467842 747.0 5.0 12.569662033347413
1443.6040323421485 747.0 5.0 12.586339733330533
1443.461941209228 747.0 5.0 12.603012633393519
1443.3197201463772 747.0 5.0 12.61968043341767
1443.1773693518298 747.0 5.0 12.63635743339546
1443.034889023697 747.0 5.0 12.653026233427227
1442.8922793599672 747.0 5.0 12.669696433353238
1442.749540558506 747.0 5.0 12.686382133397274
1442.6066728170545 747.0 5.0 12.70305963337887
1442.4636763332298 747.0 5.0 12.719736233353615
1442.3205513045234 747.0 5.0 12.73645303340163
1442.177297928301 747.0 5.0 12.753127333358862
1442.033916401802 747.0 5.0 12.76979563338682
1441.8904069221385 747.0 5.0 12.786463533411734
1441.7467696862952 747.0 5.0 12.803145533427596
1441.6030048911284 747.0 5.0 12.819887133431621
1441.4591127333654 747.0 5.0 12.837212033336982
1441.3150934096038 747.0 5.0 12.853888133424334
1441.1709471163115 747.0 5.0 12.87056483339984
1441.0266740498255 747.0 5.0 12.887233133427799
1440.8822744063514 747.0 5.0 12.90398723341059
1440.7377483819628 747.0 5.0 12.920752933365293
1440.593096172601 747.0 5.0 12.937421033391729
1440.4483179740741 747.0 5.0 12.954094433342107
1440.3034139820563 747.0 5.0 12.971079633338377
1440.158384392088 747.0 5.0 12.98782943340484
1440.0132293995741 747.0 5.0 13.004502733354457
1439.8679491997848 747.0 5.0 13.02117403340526
1439.7225439878534 747.0 5.0 13.037845033337362
1439.5770139587773 747.0 5.0 13.05451603338588
1439.4313593074166 747.0 5.0 13.071194033371285
1439.2855802284935 747.0 5.0 13.08786483341828
1439.139676916592 747.0 5.0 13.104537333361804
1438.993649566157 747.0 5.0 13.132113533327356
1438.8474983714946 747.0 5.0 13.150091533432715
1438.70122352677 747.0 5.0 13.167642733431421
1438.554825226009 747.0 5.0 13.184328033355996
1438.408303663095 747.0 5.0 13.200996233383194
1438.261659031771 747.0 5.0 13.217664233408868
1438.114891525637 747.0 5.0 13.23433243331965
1437.9680013381508 747.0 5.0 13.251010833424516
1437.8209886626266 747.0 5.0 13.26767983334139
1437.673853692235 747.0 5.0 13.284353433409706
1437.5265966200022 747.0 5.0 13.301027733366936
1437.3792176388095 747.0 5.0 13.318396433372982
1437.2317169413927 747.0 5.0 13.335078433388844
1437.0840947203421 747.0 5.0 13.35175313334912
1436.9363511681013 747.0 5.0 13.368686333415098
1436.7884864769667 747.0 5.0 13.385534133412875
1436.6405008390875 747.0 5.0 13.402815033332445
1436.492394446465 747.0 5.0 13.420075933332555
1436.3441674909518 747.0 5.0 13.436829433427192
1436.1958201642517 747.0 5.0 13.45350623340346
1436.0473526579185 747.0 5.0 13.47018463339191
1435.8987651633568 747.0 5.0 13.487189633422531
1435.7500578718198 747.0 5.0 13.503865733393468
1435.6012309744103 747.0 5.0 13.52053803333547
1435.4522846620794 747.0 5.0 13.53722613339778
1435.3032191256261 747.0 5.0 13.564862733357586
1435.154034555697 747.0 5.0 13.58261933340691
1435.0047311427857 747.0 5.0 13.599295533378609
1434.8553090772323 747.0 5.0 13.615965933422558
1434.705768549223 747.0 5.0 13.633428633329459
1434.5561097487894 747.0 5.0 13.650127333356068
1434.4063328658085 747.0 5.0 13.666801233426668
1434.2564380900017 747.0 5.0 13.683472333359532
1434.1064256109346 747.0 5.0 13.700149033335038
1433.9562956180166 747.0 5.0 13.71683173335623
1433.8060483005002 747.0 5.0 13.733501633396372
1433.6556838474805 747.0 5.0 13.750423933379352
1433.5052024478953 747.0 5.0 13.76775243342854
1433.3546042905239 747.0 5.0 13.784495533327572
1433.2038895639869 747.0 5.0 13.801164133357815
1433.0530584567464 747.0 5.0 13.817846833379008
1432.9021111571044 747.0 5.0 13.835962733370252
1432.751047853203 747.0 5.0 13.853093833429739
1432.5998687330243 747.0 5.0 13.86980583332479
1432.4485739843892 747.0 5.0 13.886487233336084
1432.2971637949574 747.0 5.0 13.903218833380379
1432.1456383522268 747.0 5.0 13.919904833426699
1431.9939978435332 747.0 5.0 13.936660433420911
1431.84224245605 747.0 5.0 13.95334153342992
1431.6903723767873 747.0 5.0 13.970008633332327
1431.538387792592 747.0 5.0 13.986678833374754
1431.3862888901467 747.0 5.0 14.003348033409566
1431.2340758559703 747.0 5.0 14.020025033387356
1431.0817488764167 747.0 5.0 14.036693433416076
1430.9293081376745 747.0 5.0 14.053371633403003
1430.7767538257672 747.0 5.0 14.070040233433247
1430.6240861265521 747.0 5.0 14.087330733425915
1430.4713052257202 747.0 5.0 14.104349633329548
1430.3184113087957 747.0 5.0 14.12102813331876
1430.1654045611356 747.0 5.0 14.13770273339469
1430.0122851679296 747.0 5.0 14.15437833336182
1429.8590533141992 747.0 5.0 14.171055933344178
1429.7057091847976 747.0 5.0 14.187732933321968
1429.5522529644095 747.0 5.0 14.204566433327273
1429.39868483755 747.0 5.0 14.233538233325817
1429.2450049885651 747.0 5.0 14.250208333367482
1429.091213601631 747.0 5.0 14.266877333400771
1428.937310860753 747.0 5.0 14.283551233354956
1428.7832969497665 747.0 5.0 14.300254733418114
1428.6291720523354 747.0 5.0 14.316930933389813
1428.4749363519522 747.0 5.0 14.333604233339429
1428.3205900319379 747.0 5.0 14.350272233365104
1428.166133275441 747.0 5.0 14.36694383341819
1428.011566265438 747.0 5.0 14.383620633394457
1427.856889184732 747.0 5.0 14.400290133431554
1427.702102215953 747.0 5.0 14.416970033431426
1427.5472055415573 747.0 5.0 14.433637433336116
1427.3921993438278 747.0 5.0 14.450309833395295
1427.2370838048726 747.0 5.0 14.467448533396237
1427.081859106625 747.0 5.0 14.484118433319964
1426.9265254308436 747.0 5.0 14.50079413340427
1426.771082959112 747.0 5.0 14.51765493338462
1426.6155318728372 747.0 5.0 14.534331833361648
1426.4598723532508 747.0 5.0 14.55100583343301
1426.304104581408 747.0 5.0 14.567675533355214
1426.1482287381868 747.0 5.0 14.584350233431906
1425.9922450042889 747.0 5.0 14.601993333431892
1425.8361535602378 747.0 5.0 14.618670733412728
1425.67995458638 747.0 5.0 14.635647033341229
1425.5236482628836 747.0 5.0 14.652315233368427
1425.3672347697384 747.0 5.0 14.668998133391142
1425.2107142867555 747.0 5.0 14.68567093333695
1425.0540869935671 747.0 5.0 14.702342133386992
1424.8973530696258 747.0 5.0 14.719058633432724
1424.7405126942049 747.0 5.0 14.73572993336711
1424.5835660463974 747.0 5.0 14.752406033338048
1424.4265133051165 747.0 5.0 14.769082633429207
1424.2693546490943 747.0 5.0 14.78575163334608
1424.1120902568825 747.0 5.0 14.802421833388507
1423.9547203068514 747.0 5.0 14.819095133338124
1423.7972449771898 747.0 5.0 14.835841333377175
1423.6396644459048 747.0 5.0 14.852554933400825
1423.4819788908214 747.0 5.0 14.869235233403742
1423.3241884895822 747.0 5.0 14.885915633407421
1423.166293419647 747.0 5.0 14.902590033365414
1423.008293858293 747.0 5.0 14.919269333360717
1422.850189982614 747.0 5.0 14.935941733419895
1422.6919819695202 747.0 5.0 14.952673933352344
1422.5336699957381 747.0 5.0 14.969408933422528
1422.3752542378102 747.0 5.0 14.986077433335595
1422.2167348720943 747.0 5.0 15.002745933365077
1422.058112074764 747.0 5.0 15.019421933335252
1421.8993860218077 747.0 5.0 15.036096133408137
1421.7405568890285 747.0 5.0 15.052829733351246
1421.5816248520448 747.0 5.0 15.069574233377352
1421.4225900862882 747.0 5.0 15.08624453342054
1421.2634527670052 747.0 5.0 15.102918633376248
1421.1042130692558 747.0 5.0 15.119598133373074
1420.9448711679133 747.0 5.0 15.136337133357301
1420.7854272376644 747.0 5.0 15.153018733370118
1420.625881453009 747.0 5.0 15.183016333379783
1420.4662339882593 747.0 5.0 15.199686833424494
1420.3064850175404 747.0 5.0 15.216427533421665
1420.1466347147893 747.0 5.0 15.233100533368997
1419.9866832537552 747.0 5.0 15.25005963339936
1419.8266308079992 747.0 5.0 15.266733733355068
1419.6664775508934 747.0 5.0 15.283404533402063
1419.5062236556219 747.0 5.0 15.300083733396605
1419.345869295179 747.0 5.0 15.316798333427869
1419.1854146423707 747.0 5.0 15.333472133381292
1419.0248598698126 747.0 5.0 15.350312033318914
1418.8642051499316 747.0 5.0 15.366997833363712
1418.703450654964 747.0 5.0 15.383664933382533
1418.5425965569561 747.0 5.0 15.400341233354993
1418.3816430277643 747.0 5.0 15.417015733430162
1418.2205902390538 747.0 5.0 15.433682733331807
1418.0594383622995 747.0 5.0 15.450355633394793
1417.898187568785 747.0 5.0 15.467024233425036
1417.736838029603 747.0 5.0 15.483694433351047
1417.5753899156543 747.0 5.0 15.501176533405669
1417.4138433976486 747.0 5.0 15.517844533431344
1417.2521986461034 747.0 5.0 15.534636533353478
1417.0904558313441 747.0 5.0 15.55131923337467
1416.9286151235042 747.0 5.0 15.567987233400345
1416.7666766925242 747.0 5.0 15.584654733422212
1416.6046407081524 747.0 5.0 15.60213963338174
1416.442507339944 747.0 5.0 15.618816433358006
1416.2802767572614 747.0 5.0 15.63553823332768
1416.1179491292733 747.0 5.0 15.652435333351605
1415.9555246249552 747.0 5.0 15.669107133406214
1415.7930034130889 747.0 5.0 15.685783733380958
1415.6303856622626 747.0 5.0 15.702457633335143
1415.4676715408702 747.0 5.0 15.71913333341945
1415.3048612171117 747.0 5.0 15.735810633399524
1415.1419548589922 747.0 5.0 15.75266433332581
1414.9789526343227 747.0 5.0 15.769332833355293
1414.8158547107193 747.0 5.0 15.786093233386055
1414.6526612556036 747.0 5.0 15.802761433413252
1414.4893724362012 747.0 5.0 15.819433133350685
1414.3259884195431 747.0 5.0 15.836107633425854
1414.162509372465 747.0 5.0 15.852775733335875
1413.9989354616062 747.0 5.0 15.869476533378474
1413.8352668534112 747.0 5.0 15.886157033382915
1413.671503714128 747.0 5.0 15.902843033429235
1413.5076462098086 747.0 5.0 15.919514733366668
1413.3436945063088 747.0 5.0 15.93618523341138
1413.179648769288 747.0 5.0 15.952858233358711
1413.0155091642089 747.0 5.0 15.969540533376858
1412.8512758563377 747.0 5.0 15.986219433369115
1412.6869490107435 747.0 5.0 16.002894933335483
1412.5225287922988 747.0 5.0 16.019572433433495
1412.3580153656783 747.0 5.0 16.036253433325328
1412.1934088953597 747.0 5.0 16.052955533377826
1412.0287095456233 747.0 5.0 16.069630333338864
1411.863917480552 747.0 5.0 16.08631253335625
1411.69903286403 747.0 5.0 16.10302543337457
1411.5340558597447 747.0 5.0 16.119705533375964
1411.3689866311852 747.0 5.0 16.13637963333167
1411.2038253416422 747.0 5.0 16.15305873332545
1411.0385721542082 747.0 5.0 16.16973253339529
1410.873227231777 747.0 5.0 16.186493333429098
1410.7077907370447 747.0 5.0 16.203165333368815
1410.5422628325075 747.0 5.0 16.219836633419618
1410.376643680464 747.0 5.0 16.23651453340426
1410.210933443013 747.0 5.0 16.25318733335007
1410.0451322820545 747.0 5.0 16.26986723334994
1409.8792403592897 747.0 5.0 16.28654343332164
1409.71325783622 747.0 5.0 16.303228433360346
1409.5471848741477 747.0 5.0 16.319903533323668
1409.381021634175 747.0 5.0 16.33657133334782
1409.2147682772056 747.0 5.0 16.353239233372733
1409.0484249639424 747.0 5.0 16.369907933403738
1408.8819918548888 747.0 5.0 16.386583233368583
1408.7154691103485 747.0 5.0 16.403251233394258
1408.5488568904248 747.0 5.0 16.419921733322553
1408.3821553550206 747.0 5.0 16.436595533392392
1408.2153646638392 747.0 5.0 16.45326893334277
1408.048484976383 747.0 5.0 16.469939533388242
1407.881516451954 747.0 5.0 16.486618133378215
1407.7144592496538 747.0 5.0 16.503308133338578
1407.5473135283835 747.0 5.0 16.519980633398518
1407.3800794468427 747.0 5.0 16.536653833347373
1407.212757163531 747.0 5.0 16.553327333414927
1407.0453468367464 747.0 5.0 16.57000443339348
1406.8778486245862 747.0 5.0 16.58667733334005
1406.7102626849469 747.0 5.0 16.603521933429874
1406.542589175523 747.0 5.0 16.620198833406903
1406.3748282538083 747.0 5.0 16.63687623338774
1406.206980077095 747.0 5.0 16.65354713331908
1406.039044802474 747.0 5.0 16.670224933419377
1405.8710225868347 747.0 5.0 16.68692233331967
1405.7029135868645 747.0 5.0 16.703589033335447
1405.5347179590497 747.0 5.0 16.720263333409093
1405.3664358596743 747.0 5.0 16.736938533373177
1405.1980674448212 747.0 5.0 16.753798533347435
1405.0296128703706 747.0 5.0 16.77047943335492
1404.8610722920012 747.0 5.0 16.78716053336393
1404.6924458651895 747.0 5.0 16.803866633330472
1404.5237337452102 747.0 5.0 16.8206827333197
1404.3549360871355 747.0 5.0 16.837350933346897
1404.1860530458355 747.0 5.0 16.854545633425005
1404.0170847759782 747.0 5.0 16.871218733373098
1403.848031432029 747.0 5.0 16.887938633328304
1403.6788931682513 747.0 5.0 16.90461443341337
1403.5096701387056 747.0 5.0 16.92151413334068
1403.34036249725 747.0 5.0 16.93818803341128
1403.1709703975403 747.0 5.0 16.954857833334245
1403.0014939930295 747.0 5.0 16.97152853338048
1402.831933436968 747.0 5.0 16.988204433349892
1402.6622888824036 747.0 5.0 17.004876333405264
1402.492560482181 747.0 5.0 17.033075433340855
1402.3227483889427 747.0 5.0 17.049750133417547
1402.152852755128 747.0 5.0 17.066427733399905
1401.9828737329733 747.0 5.0 17.083670233376324
1401.8128114745123 747.0 5.0 17.100345733342692
1401.6426661315757 747.0 5.0 17.117021033423953
1401.472437855791 747.0 5.0 17.133698733407073
1401.302126798583 747.0 5.0 17.15037493337877
1401.1317331111734 747.0 5.0 17.16704533342272
1400.9612569445806 747.0 5.0 17.183712933328934
1400.79069844962 747.0 5.0 17.200390133424662
1400.620057776904 747.0 5.0 17.2170649333857
1400.4493350768419 747.0 5.0 17.23374133335892
1400.2785304996391 747.0 5.0 17.250424033380114
1400.107644195299 747.0 5.0 17.26710903341882
1399.9366763136206 747.0 5.0 17.28378413338214
1399.7656270042003 747.0 5.0 17.300685433321632
1399.5944964164312 747.0 5.0 17.31758543336764
1399.4232846995028 747.0 5.0 17.33425313339103
1399.2519920024015 747.0 5.0 17.35092943336349
1399.0806184739104 747.0 5.0 17.367605333332904
1398.909164262609 747.0 5.0 17.38428553333506
1398.7376295168738 747.0 5.0 17.400955633376725
1398.5660143848777 747.0 5.0 17.417630033334717
1398.3943190145906 747.0 5.0 17.4343078333186
1398.2225435537785 747.0 5.0 17.450982333393767
1398.0506881500041 747.0 5.0 17.467906433390453
1397.8787529506271 747.0 5.0 17.48458193335682
1397.7067381028035 747.0 5.0 17.50124873337336
1397.5346437534856 747.0 5.0 17.517926233354956
1397.362470049423 747.0 5.0 17.534594033379108
1397.1902171371617 747.0 5.0 17.551261733402498
1397.0178851630437 747.0 5.0 17.567934433347546
1396.8454742732085 747.0 5.0 17.58460943342652
1396.6729846135916 747.0 5.0 17.601480333367363
1396.5004163299252 747.0 5.0 17.61814723338466
1396.3277695677382 747.0 5.0 17.63527563342359
1396.1550444723562 747.0 5.0 17.651946033351123
1395.9822411889015 747.0 5.0 17.668663333402947
1395.809359862293 747.0 5.0 17.685333533328958
1395.6364006372457 747.0 5.0 17.70232163334731
1395.4633636582723 747.0 5.0 17.719000933342613
1395.2902490696815 747.0 5.0 17.735674033407122
1395.117057015579 747.0 5.0 17.752350433380343
1394.9437876398667 747.0 5.0 17.769021733431146
1394.7704410862443 747.0 5.0 17.7857112333877
1394.5970174982074 747.0 5.0 17.802386233350262
1394.4235170190484 747.0 5.0 17.819060433423147
1394.249939791857 747.0 5.0 17.835735933389515
1394.0762859595195 747.0 5.0 17.85241123335436
1393.9025556647189 747.0 5.0 17.869091433356516
1393.7287490499352 747.0 5.0 17.885759033379145
1393.5548662574454 747.0 5.0 17.90244043339044
1393.3809074293235 747.0 5.0 17.919108533416875
1393.2068727074404 747.0 5.0 17.935779433348216
1393.032762233464 747.0 5.0 17.952449033386074
1392.8585761488591 747.0 5.0 17.969124033348635
1392.6843145948878 747.0 5.0 17.985797933419235
1392.5099777126093 747.0 5.0 18.00246553332545
1392.3355656428798 747.0 5.0 18.01913263334427
1392.1610785263529 747.0 5.0 18.03619563335087
1391.9865165034792 747.0 5.0 18.0528645333834
1391.8118797145066 747.0 5.0 18.069532733410597
1391.6371682994807 747.0 5.0 18.086213233415037
1391.462382398244 747.0 5.0 18.102891333401203
1391.2875221504366 747.0 5.0 18.11956123332493
1391.112587695496 747.0 5.0 18.136229433352128
1390.937579172657 747.0 5.0 18.152904733433388
1390.7624967209524 747.0 5.0 18.169738733326085
1390.5873404792121 747.0 5.0 18.186680233338848
1390.412110586064 747.0 5.0 18.216584633337334
1390.2368071799335 747.0 5.0 18.2332886334043
1390.0614303990437 747.0 5.0 18.24999113334343
1389.8859803814157 747.0 5.0 18.266887833364308
1389.7104572648684 747.0 5.0 18.28357193339616
1389.5348611870186 747.0 5.0 18.300244333338924
1389.3591922852809 747.0 5.0 18.316924233338796
1389.1834506968678 747.0 5.0 18.333873233408667
1389.0076365587904 747.0 5.0 18.350570333423093
1388.8317500078576 747.0 5.0 18.367242733365856
1388.6557911806767 747.0 5.0 18.38392283336725
1388.479760213653 747.0 5.0 18.400591433397494
1388.30365724299 747.0 5.0 18.41726263333112
1388.1274824046905 747.0 5.0 18.43393723340705
1387.9512358345544 747.0 5.0 18.4506143333856
1387.7749176681814 747.0 5.0 18.467287233332172
1387.5985280409689 747.0 5.0 18.48516013333574
1387.4220670881134 747.0 5.0 18.50183613342233
1387.2455349446102 747.0 5.0 18.518507833359763
1387.068931745253 747.0 5.0 18.535179133410566
1386.8922576246348 747.0 5.0 18.55185023334343
1386.7155127171472 747.0 5.0 18.56855763331987
1386.5386971569812 747.0 5.0 18.58563883334864
1386.3618110781267 747.0 5.0 18.602363733341917
1386.1848546143729 747.0 5.0 18.619035433395766
1386.0078278993078 747.0 5.0 18.635709533351474
1385.8307310663195 747.0 5.0 18.652378733386286
1385.6535642485949 747.0 5.0 18.669056233367883
1385.4763275791206 747.0 5.0 18.685761533328332
1385.2990211906829 747.0 5.0 18.702963233343326
1385.1216452158674 747.0 5.0 18.719705133349635
1384.94419978706 747.0 5.0 18.73637803341262
1384.7666850364458 747.0 5.0 18.75304613332264
1384.5891010960104 747.0 5.0 18.769724233425222
1384.411448097539 747.0 5.0 18.786689833388664
1384.2337261726173 747.0 5.0 18.80336443334818
1384.0559354526304 747.0 5.0 18.820037433411926
1383.8780760687646 747.0 5.0 18.836705233319663
1383.700148152006 747.0 5.0 18.85348503338173
1383.5221518331414 747.0 5.0 18.870156633318402
1383.344087242758 747.0 5.0 18.886828133370727
1383.1659545112436 747.0 5.0 18.903564633335918
1382.987753768787 747.0 5.0 18.920478633372113
1382.8094851453773 747.0 5.0 18.9371502334252
1382.631148770805 747.0 5.0 18.95382853341289
1382.4527447746618 747.0 5.0 18.970497133326717
1382.2742732863398 747.0 5.0 18.987174333422445
1382.0957344350331 747.0 5.0 19.00385313341394
1381.9171283497365 747.0 5.0 19.02052803337574
1381.7384551592465 747.0 5.0 19.037194833392277
1381.5597149921612 747.0 5.0 19.064918733318336
1381.38090797688 747.0 5.0 19.083585833432153
1381.2020342416047 747.0 5.0 19.10026273340918
1381.023093914338 747.0 5.0 19.116935233352706
1380.8440871228852 747.0 5.0 19.13361383334268
1380.6650139948536 747.0 5.0 19.15028513339348
1380.4858746576524 747.0 5.0 19.1669571333332
1380.3066692384932 747.0 5.0 19.18362983339466
1380.12739786439 747.0 5.0 19.200307033373974
1379.9480606621594 747.0 5.0 19.216977533418685
1379.7686577584202 747.0 5.0 19.233645733329467
1379.5891892795942 747.0 5.0 19.25032323342748
1379.409655351906 747.0 5.0 19.2669913333375
1379.230056101383 747.0 5.0 19.283664333401248
1379.050391653856 747.0 5.0 19.300337633350864
1378.8706621349584 747.0 5.0 19.317011533421464
1378.6908676701273 747.0 5.0 19.333679733332247
1378.5110083846032 747.0 5.0 19.35035723343026
1378.33108440343 747.0 5.0 19.367031333385967
1378.151095851455 747.0 5.0 19.38372143334709
1377.9710428533297 747.0 5.0 19.400417933356948
1377.790925533509 747.0 5.0 19.41709443333093
1377.610744016252 747.0 5.0 19.433766733389348
1377.430498425622 747.0 5.0 19.450441533350386
1377.2501888854868 747.0 5.0 19.467112533398904
1377.0698155195178 747.0 5.0 19.48388973332476
1376.8893784511913 747.0 5.0 19.500578933395445
1376.7088778037885 747.0 5.0 19.51724623341579
1376.5283137003948 747.0 5.0 19.533924733405
1376.3476862639009 747.0 5.0 19.55059483333025
1376.166995617002 747.0 5.0 19.567268433398567
1375.9862418821988 747.0 5.0 19.583939133328386
1375.8054251817973 747.0 5.0 19.600820133346133
1375.6245456379088 747.0 5.0 19.617488833377138
1375.4436033724498 747.0 5.0 19.63434633333236
1375.2625985071427 747.0 5.0 19.651022433419712
1375.0815311635156 747.0 5.0 19.66769923339598
1374.9004014629027 747.0 5.0 19.684386833338067
1374.7192095264438 747.0 5.0 19.70106153341476
1374.5379554750853 747.0 5.0 19.71773253334686
1374.3566394295797 747.0 5.0 19.73441283334978
1374.1752615104858 747.0 5.0 19.751088433433324
1373.9938218381692 747.0 5.0 19.7677561333403
1373.8123205328022 747.0 5.0 19.784429833409376
1373.6307577143639 747.0 5.0 19.801103933365084
1373.44913350264 747.0 5.0 19.81863823335152
1373.267448017224 747.0 5.0 19.83564103336539
1373.0857013775164 747.0 5.0 19.85235743341036
1372.903893702725 747.0 5.0 19.869026233325712
1372.7220251118652 747.0 5.0 19.885901733417995
1372.5400957237598 747.0 5.0 19.90257483336609
1372.3581056570401 747.0 5.0 19.91924203338567
1372.1760550301449 747.0 5.0 19.935912033426575
1371.993943961321 747.0 5.0 19.952599733369425
1371.8117725686238 747.0 5.0 19.969276133342646
1371.629540969917 747.0 5.0 19.986012333421968
1371.4472492828725 747.0 5.0 20.003099733381532
1371.2648976249716 747.0 5.0 20.01977323333267
1371.0824861135038 747.0 5.0 20.03644023335073
1370.9000148655682 747.0 5.0 20.053114333422855
1370.7174839980723 747.0 5.0 20.082680633408017
1370.5348936277335 747.0 5.0 20.09934943332337
1370.3522438710784 747.0 5.0 20.11602613341529
1370.169534844443 747.0 5.0 20.132703533396125
1369.9867666639734 747.0 5.0 20.14937673334498
1369.8039394456255 747.0 5.0 20.166052233427763
1369.621053305165 747.0 5.0 20.18292623339221
1369.4381083581684 747.0 5.0 20.199605233385228
1369.2551047200218 747.0 5.0 20.216282633366063
1369.0720425059221 747.0 5.0 20.232953733415343
1368.888921830877 747.0 5.0 20.249632933409885
1368.705742809705 747.0 5.0 20.266305233351886
1368.5225055570354 747.0 5.0 20.283191733411513
1368.3392101873087 747.0 5.0 20.299870133399963
1368.1558568147766 747.0 5.0 20.31654203333892
1367.9724455535024 747.0 5.0 20.333219533320516
1367.788976517361 747.0 5.0 20.350060033379123
1367.6054498200392 747.0 5.0 20.366743433405645
1367.421865575035 747.0 5.0 20.383413733332418
1367.2382238956595 747.0 5.0 20.4000835333718
1367.0545248950352 747.0 5.0 20.416783533408307
1366.8707686860973 747.0 5.0 20.433456333354115
1366.6869553815939 747.0 5.0 20.45012853341177
1366.503085094085 747.0 5.0 20.466799633344635
1366.3191579359443 747.0 5.0 20.483470533392392
1366.1351740193584 747.0 5.0 20.500228133401833
1365.9511334563267 747.0 5.0 20.51806723338086
1365.7670363586624 747.0 5.0 20.534745133365504
1365.5828828379917 747.0 5.0 20.55142463336233
1365.3986730057554 747.0 5.0 20.56809503340628
1365.2144069732074 747.0 5.0 20.584768333355896
1365.0300848514157 747.0 5.0 20.601480433368124
1364.845706751263 747.0 5.0 20.61821993335616
1364.6612727834456 747.0 5.0 20.63497263332829
1364.4767830584753 747.0 5.0 20.65219103335403
1364.292237686678 747.0 5.0 20.66885953338351
1364.1076367781943 747.0 5.0 20.685897733434103
1363.9229804429806 747.0 5.0 20.70256483333651
1363.7382687908078 747.0 5.0 20.71925283339806
1363.5535019312622 747.0 5.0 20.735929533373564
1363.3686799737463 747.0 5.0 20.753064533346333
1363.1838030274778 747.0 5.0 20.769734333385713
1362.9988712014904 747.0 5.0 20.78640253341291
1362.8138846046338 747.0 5.0 20.80307613336481
1362.628843345574 747.0 5.0 20.819745433400385
1362.4437475327939 747.0 5.0 20.836420333362184
1362.2585972745921 747.0 5.0 20.853210233384743
1362.0733926790847 747.0 5.0 20.869902833364904
1361.8881338542042 747.0 5.0 20.886579033336602
1361.7028209077007 747.0 5.0 20.903246733359993
1361.5174539471413 747.0 5.0 20.919918533414602
1361.3320330799108 747.0 5.0 20.936810133396648
1361.1465584132116 747.0 5.0 20.95372773334384
1360.9610300540633 747.0 5.0 20.970400133403018
1360.7754481093043 747.0 5.0 20.98707183334045
1360.5898126855911 747.0 5.0 21.01532353332732
1360.4041238893983 747.0 5.0 21.032040333375335
1360.218381827019 747.0 5.0 21.048710433417
1360.0325866045648 747.0 5.0 21.065385733381845
1359.846738327967 747.0 5.0 21.082058633328415
1359.660837102975 747.0 5.0 21.09873563342262
1359.4748830351582 747.0 5.0 21.115410033380613
1359.288876229905 747.0 5.0 21.132105533382855
1359.102816792424 747.0 5.0 21.148773933411576
1358.9167048277425 747.0 5.0 21.165464333374985
1358.7305404407089 747.0 5.0 21.18213963333983
1358.5443237359912 747.0 5.0 21.198953033424914
1358.3580548180778 747.0 5.0 21.215626733377576
1358.1717337912776 747.0 5.0 21.232299633324146
1357.9853607597204 747.0 5.0 21.248974933405407
1357.7989358273567 747.0 5.0 21.265652733389288
1357.6124590979582 747.0 5.0 21.28299413342029
1357.4259306751178 747.0 5.0 21.299690433428623
1357.23935066225 747.0 5.0 21.316365633392707
1357.0527191625906 747.0 5.0 21.33304283337202
1356.8660362791975 747.0 5.0 21.349719533347525
1356.6793021149506 747.0 5.0 21.36638683336787
1356.4925167725517 747.0 5.0 21.383056833408773
1356.3056803545253 747.0 5.0 21.399735433398746
1356.1187929632183 747.0 5.0 21.416579033364542
1355.9318547008006 747.0 5.0 21.433249633410014
1355.7448656692645 747.0 5.0 21.449917433434166
1355.5578259704262 747.0 5.0 21.466591533389874
1355.3707357059245 747.0 5.0 21.48327033338137
1355.1835949772221 747.0 5.0 21.499945433344692
1354.996403885605 747.0 5.0 21.516615433385596
1354.809162532184 747.0 5.0 21.533285833429545
1354.6218710178928 747.0 5.0 21.549963033408858
1354.4345294434902 747.0 5.0 21.566630633431487
1354.247137909559 747.0 5.0 21.58331313333474
1354.0596965165068 747.0 5.0 21.59998553339392
1353.8722053645663 747.0 5.0 21.61665973335039
1353.6846645537948 747.0 5.0 21.633330533397384
1353.4970741840752 747.0 5.0 21.650000933324918
1353.3094343551154 747.0 5.0 21.66666873334907
1353.1217451664493 747.0 5.0 21.683339333394542
1352.9340067174362 747.0 5.0 21.700007933424786
1352.7462191072618 747.0 5.0 21.71667563333176
1352.5583824349378 747.0 5.0 21.73334523336962
1352.3704967993021 747.0 5.0 21.75002243334893
1352.1825622990198 747.0 5.0 21.766699833329767
1351.994579032582 747.0 5.0 21.7833987333579
1351.8065470983067 747.0 5.0 21.80007583333645
1351.6184665943401 747.0 5.0 21.816743933362886
1351.430337618655 747.0 5.0 21.83341463340912
1351.2421602690513 747.0 5.0 21.850094833411276
1351.0539346431576 747.0 5.0 21.86676873336546
1350.86566083843 747.0 5.0 21.88344773335848
1350.6773389521525 747.0 5.0 21.90012223343365
1350.488969081438 747.0 5.0 21.917519433423877
1350.3005513232274 747.0 5.0 21.93419053335674
1350.1120857742906 747.0 5.0 21.95086233341135
1349.9235725312265 747.0 5.0 21.96753443335183
1349.7350116904627 747.0 5.0 21.984201933373697
