1499.9998812769816 746.999994984972 5.000015033246531 0.06966250005643815
1499.9995252031126 746.9999795751805 5.000061432992395 0.2902481334749609
1499.998931907337 746.9999527784094 5.0001411026268485 0.3197446335107088
1499.998101507844 746.9999136981637 5.000255885003718 0.3364122334169224
1499.9970341128399 746.9998615243667 5.000407564329925 0.3533246334409341
1499.9957298212414 746.9997955249504 5.000597868003004 0.36999893351458013
1499.9941887233012 746.9997150382562 5.000828468398356 0.38667573349084705
1499.9924109011702 746.9996194661657 5.001100984606998 0.4035806334577501
1499.9903964294024 746.9995082678912 5.001416984124645 0.4202474334742874
1499.988145375411 746.9993809543647 5.001777984493012 0.43692333344370127
1499.9856577998762 746.9992370831645 5.0021854548942475 0.4538180334493518
1499.9829337571127 746.9990762539296 5.002640817699445 0.4705997334094718
1499.9799732953998 746.9988981042145 5.003145449972206 0.48727493348997086
1499.9767764572769 746.9987023057419 5.003700684928245 0.50394843344111
1499.9733432798103 746.9984885610144 5.004307813352026 0.5206194334896281
1499.9696737948307 746.9982566002521 5.0049680849714475 0.5377245334675536
1499.965768029147 746.9980061786233 5.005682709791588 0.5543953335145488
1499.961626004738 746.9977370737399 5.006452859388508 0.57107173348777
1499.9572477389231 746.9974490833943 5.007279668164134 0.5877504334785044
1499.952633244516 746.997142023511 5.008164234563215 0.6044283334631473
1499.9477825299612 746.9968157262958 5.009107622253343 0.6211030334234238
1499.942695599457 746.9964700385616 5.010110861269033 0.6377764334902167
1499.9373724530642 746.9961048202131 5.011174949120814 0.6546086334856227
1499.931813086803 746.9957199428776 5.012300851870308 0.6714595335070044
1499.9260174927401 746.995315288666 5.013489505172221 0.6881331334589049
1499.9199856590653 746.9948907490516 5.014741815284188 0.7048026334960014
1499.9137175701603 746.9944462238558 5.01605866004537 0.7214770334539935
1499.907213206659 746.9939816203309 5.017440889824703 0.7381482335040346
1499.9004725455004 746.9934968523298 5.018889328439671 0.7548194334376603
1499.8934955599775 746.992991839554 5.020404774046448 0.7716150335036218
1499.8862822197775 746.9924665068737 5.021988000002272 0.7882838334189728
1499.8788324910195 746.9919207837127 5.02363975570084 0.8050120334373787
1499.8711463362858 746.99135460349 5.025360767381536 0.8216865335125476
1499.8632237146512 746.9907679031161 5.027151738913279 0.8384253334952518
1499.8550645817063 746.9901606225352 5.029013352553734 0.8550993334501982
1499.8466688895792 746.9895327043117 5.03094626968464 0.8717877335147932
1499.8380365869539 746.988884093255 5.0329511315239746 0.8889912334270775
1499.8291676190863 746.9882147360795 5.035028559815653 0.9057601334061474
1499.820061927817 746.9875245810971 5.037179157497452 0.9224306334508583
1499.8107194515835 746.9868135779376 5.03940350934782 0.9391068334225565
1499.8011401254287 746.9860816772959 5.041702182612229 0.9557814334984869
1499.7913238810097 746.9853288307025 5.044075727609686 0.972448933403939
1499.781270646604 746.9845549903151 5.046524678320023 0.9891274335095659
1499.7709803471143 746.9837601087295 5.049049552952568 1.0057952334173024
1499.7604529040732 746.9829441388083 5.051650854496757 1.022465433459729
1499.7496882356452 746.9821070335253 5.054329071255264 1.0391345334937796
1499.73868625663 746.9812487458235 5.057084677360185 1.0558820334263146
1499.727446878463 746.980369228487 5.059918133272815 1.0725590334041044
1499.7159700092166 746.9794684340239 5.06282988626751 1.0892268334282562
1499.704255553599 746.97854631456 5.065820370900168 1.1058994334889576
1499.6923034129557 746.9776028217418 5.068890009461771 1.122568033519201
1499.6801134852665 746.9766379066486 5.072039212417489 1.1392403334612027
1499.6676856651457 746.9756515197122 5.075268378831789 1.1564298334997147
1499.6550198438397 746.9746436106434 5.078577896779986 1.1731006334302947
1499.6421159092254 746.9736141283656 5.08196814374667 1.1897759335115552
1499.6289737458073 746.9725630209534 5.085439487011423 1.2064524334855378
1499.6155932347162 746.971490235577 5.0889922840222255 1.223126633442007
1499.6019742537057 746.9703957184512 5.092626882756944 1.2397959334775805
1499.58811667715 746.9692794147886 5.096343622073282 1.2564627334941179
1499.5740203760408 746.9681412687571 5.100142832047545 1.2731325334170833
1499.5596852179842 746.96698122344 5.104024834302594 1.2898352334741503
1499.5451110671981 746.9657992208004 5.107989942325323 1.3065057335188612
1499.5302977845095 746.9645952016477 5.112038461773986 1.3232349334284663
1499.51524522735 746.9633691056074 5.116170690775705 1.340298933442682
1499.4999532497548 746.9621208710922 5.120386920214477 1.367467833450064
1499.4844217023574 746.9608504352766 5.1246874340099655 1.3854950334643945
1499.4686504323884 746.9595577340721 5.12907250938739 1.4021618334809318
1499.452639283671 746.9582427021053 5.13354241713878 1.4190478334203362
1499.436388096619 746.9569052726968 5.138097421875881 1.4357211334863678
1499.4198967082336 746.9555453778418 5.142737782274977 1.4523893335135654
1499.4031649520996 746.9541629481921 5.147463751313879 1.4690918334526941
1499.3861926583834 746.9527579130392 5.152275576501343 1.4857662334106863
1499.36897965383 746.9513302002983 5.1571735000991525 1.5024393334751949
1499.3515257617596 746.9498797364935 5.162157759337095 1.5191104334080592
1499.333830802066 746.9484064467434 5.167228586621075 1.5357788334367797
1499.3158945912123 746.9469102547487 5.172386209734563 1.5524601334473118
1499.29771694223 746.9453910827784 5.177630852033618 1.5691362334182486
1499.279297664715 746.943848851659 5.182962732635659 1.5861770334886387
1499.2606365648257 746.9422834807624 5.18838206660222 1.602843833505176
1499.241733445281 746.9406948879954 5.193889065115854 1.6195179334608838
1499.2225881053569 746.9390829897892 5.199483935651386 1.6361865334911272
1499.203200340885 746.9374477010895 5.205166882141694 1.6528616334544495
1499.1835699442502 746.9357889353466 5.210938105138196 1.6695355334086344
1499.1636967043883 746.9341066045067 5.216797801966208 1.6862047334434465
1499.1435804067837 746.9324006190022 5.2227461668753365 1.702880333410576
1499.123220833468 746.9306708877436 5.228783391185079 1.719552833470516
1499.1026177630174 746.9289173181107 5.234909663425766 1.7362205334939063
1499.0817709705511 746.9271398159443 5.241125169475007 1.7528970334678888
1499.0606802277298 746.9253382855383 5.2474300926897826 1.7695704334182665
1499.039345302753 746.9235126296315 5.253824614034326 1.7864044334273785
1499.017765960358 746.9216627494004 5.260308912203917 1.8030725334538147
1498.9959419618183 746.9197885444505 5.266883163744733 1.8197462334064767
1498.9738730649417 746.9178899128096 5.273547543169881 1.8364224334945902
1498.9515590240687 746.9159667509202 5.280302223071728 1.8530941334320232
1498.9289995900715 746.9140189536316 5.287147374230654 1.8697653334820643
1498.9061945103517 746.912046414193 5.294083165720339 1.886441633454524
1498.8831435288403 746.9100490242461 5.301109765009705 1.9031796334311366
1498.8598463859946 746.9080266738177 5.308227338061601 1.9204239334212616
1498.836302818799 746.9059792513127 5.315436049428363 1.9370966334827244
1498.812512560762 746.9039066435066 5.322736062344321 1.9537685334216803
1498.788475341916 746.9018087355387 5.330127538815378 1.9704399334732443
1498.764190888816 746.8996854109041 5.337610639705734 1.9871138334274292
1498.7396589245386 746.8975365514476 5.345185524821861 2.0037824334576726
1498.7148791686807 746.8953620373555 5.352852352993811 2.0212212334154174
1498.689851337359 746.893161747149 5.360611282153939 2.0379215334542096
1498.6645751432088 746.8909355576764 5.368462469413145 2.0545911334920675
1498.639050295383 746.8886833441062 5.376406071134683 2.071259133517742
1498.6132764995516 746.8864049799197 5.384442243005647 2.0879282334353775
1498.5872534579007 746.8841003369035 5.392571140106179 2.104597933473997
1498.5609808691318 746.8817692851422 5.400792916976509 2.1212744334479794
1498.534458428461 746.8794116930109 5.409107727681856 2.1379420334706083
1498.5076858276188 746.8770274271675 5.417515725875292 2.1546142334118485
1498.480662754849 746.8746163525456 5.4260170648586215 2.1712863334687427
1498.4533888949077 746.8721783323463 5.434611897641335 2.187960733426735
1498.4258639290638 746.8697132280311 5.443300376997713 2.2046323334798217
1498.398087535098 746.8672208993137 5.452082655522128 2.221773633500561
1498.370059387302 746.8647012041524 5.460958885682609 2.238444633432664
1498.3417791564787 746.8621539987422 5.469929219872726 2.2551194335101172
1498.3132465099407 746.8595791375068 5.478993810461842 2.2717923334566876
1498.2844611115113 746.8569764730906 5.488152809843792 2.2884825334185734
1498.2554226215234 746.8543458563508 5.497406370484043 2.3051548334769905
1498.226130696819 746.8516871363488 5.506754644965366 2.3218341334722936
1498.1965849907492 746.8490001603424 5.516197786032098 2.3385032335063443
1498.1667851531745 746.846284773777 5.525735946633009 2.3551732334308326
1498.136730830463 746.8435408202779 5.535369279962843 2.3721809334820136
1498.106421665492 746.8407681416411 5.545097939502563 2.3888515334110707
1498.0758572976467 746.837966577825 5.554922079058344 2.4055383334634826
1498.0450373628207 746.835135966942 5.564841852799363 2.4222079335013404
1498.0139614934153 746.8322761452491 5.57485741529441 2.4389030335005373
1497.9826293183396 746.82938694714 5.584968921547375 2.4555714334128425
1497.951040463011 746.8264682051353 5.595176527031637 2.4722446334781125
1497.9191945493542 746.8235197498738 5.60548038772339 2.4889196334406734
1497.8870911958022 746.8205414101035 5.615880660133952 2.505592333502136
1497.8547300172957 746.8175330126726 5.626377501341072 2.522261133417487
1497.8221106252831 746.8144943825196 5.636971069019293 2.538930933456868
1497.7892326277213 746.8114253426644 5.647661521469369 2.5556047334102914
1497.7560956290747 746.8083257141988 5.658449017646802 2.5722806334961206
1497.7226992303163 746.8051953162767 5.6693337171895 2.5889482335187495
1497.6890430289272 746.8020339661045 5.680315780444598 2.6056219334714115
1497.6551266188976 746.7988414789315 5.691395368494471 2.6228385334834456
1497.6209495907258 746.7956176680398 5.702572643181959 2.6395076335174963
1497.5865115314193 746.7923623447343 5.713847767134829 2.656183233484626
1497.5518120244953 746.7890753183332 5.725220903789507 2.672856533434242
1497.51685064998 746.7857563961568 5.736692217414103 2.6895457335049286
1497.4816269844093 746.7824053835183 5.7482618731307396 2.706519633415155
1497.4461406008302 746.7790220837128 5.759930036937222 2.723193233483471
1497.410391068799 746.7756062980069 5.771696875728066 2.740096533438191
1497.374377954384 746.7721578256281 5.783562557314903 2.7567692334996536
1497.3381008201643 746.7686764637544 5.7955272504462885 2.7734440334606916
1497.3015592252304 746.7651620075032 5.807591124826919 2.79012093343772
1497.2647527251859 746.7616142499205 5.819754351136302 2.8067877334542572
1497.227680872146 746.7580329819699 5.832017101046873 2.8236996334744617
1497.19034321474 746.7544179925214 5.844379547241589 2.8403708334080875
1497.1527392981106 746.7507690683404 5.856841863431019 2.8570393334375694
1497.1148686639144 746.7470859940762 5.86940422436994 2.873710433486849
1497.0767308503232 746.7433685522504 5.882066805873459 2.8904094335157424
1497.0383253920243 746.7396165232458 5.894829784832679 2.9075241334503517
1496.9996518202208 746.7358296852942 5.907693339229922 2.924191433470696
1496.960709662633 746.7320078144652 5.920657648153516 2.9412421335000545
1496.9214984434982 746.7281506846539 5.933722891812185 2.957911533419974
1496.8820176835718 746.7242580675689 5.946889251549021 2.974583833478391
1496.8422669001284 746.7203297327205 5.960156909855081 2.9912522335071117
1496.8022456069618 746.7163654474082 5.973526050382603 3.0079281334765255
1496.7619533143868 746.7123649767084 5.986996857957871 3.0245964335044846
1496.721389529239 746.7083280834621 6.000569518593725 3.04137573344633
1496.6805537548764 746.7042545282623 6.014244219501729 3.0580479335039854
1496.6394454911795 746.700144069441 6.0280211491040285 3.0747239334741607
1496.598064234553 746.695996463057 6.041900497044876 3.09139223350212
1496.5564094779263 746.6918114628824 6.05588245420187 3.1080683334730566
1496.5144807107547 746.6875888203899 6.069967212696889 3.1247388335177675
1496.47227741902 746.6833282847397 6.0841549659067455 3.1414130334742367
1496.429799085232 746.6790296027657 6.098445908473573 3.1580849334131926
1496.3870451884288 746.674692518963 6.112840236314937 3.174753033439629
1496.344015204179 746.6703167754735 6.127338146633702 3.191423633485101
1496.3007086045818 746.6659021120728 6.141939837927648 3.2080989334499463
1496.2571248582688 746.6614482661564 6.156645509998852 3.2247757334262133
1496.2132634304044 746.6569549727258 6.171455363962835 3.2414633334847167
1496.169123782688 746.6524219643742 6.186369602257494 3.258133733412251
1496.1247053733548 746.6478489712729 6.201388428651818 3.2748314334312454
1496.0800076571763 746.6432357211565 6.216512048254399 3.2915026334812865
1496.0350300854632 746.6385819393093 6.231740667521745 3.3081707335077226
1495.989772106065 746.6338873485499 6.247074494266397 3.324838933418505
1495.9442331633727 746.6291516692173 6.26251373766487 3.341507233446464
1495.8984126983196 746.6243746191559 6.278058608265407 3.358404933474958
1495.852310148383 746.6195559137005 6.293709317995567 3.375078833429143
1495.805924947585 746.6146952656617 6.309466080169648 3.3917501334799454
1495.7592565264952 746.6097923853102 6.3253291094959465 3.408417633501813
1495.712304312231 746.6048469803624 6.3412986220838645 3.425085333408788
1495.6650677284601 746.599858755964 6.357374835450872 3.4417571334633976
1495.6175461954017 746.5948274146754 6.373557968529325 3.4584330334328115
1495.5697391298281 746.5897526564555 6.3898482416731435 3.4751002334523946
1495.5216459450667 746.5846341786464 6.406245876664361 3.491773833404295
1495.4732660510015 746.5794716759569 6.422751096719546 3.5084455334581435
1495.424598854075 746.5742648404473 6.439364126496102 3.525117733515799
1495.3756437572897 746.5690133615124 6.4560851920984454 3.5417900334578007
1495.3264001602108 746.5637169258656 6.4729145210840775 3.5584696334553882
1495.276867458967 746.5583752175229 6.48985234246954 3.57513813348487
1495.2270450462531 746.5529879177856 6.506898886736271 3.5918128334451467
1495.176932311332 746.547554705224 6.524054385836361 3.6084969334769994
1495.1265286400364 746.5420752556606 6.541319073198206 3.6251697334228083
1495.0758334147713 746.5365492421531 6.558693183732078 3.64185513346456
1495.0248460145156 746.5309763349773 6.5761769538355965 3.6585248335031793
1494.9735658148245 746.5253562016098 6.59377062139912 3.6753872334957123
1494.9219921878323 746.519688506711 6.611474425811055 3.692403633496724
1494.8701245022535 746.5139729121069 6.629288607963089 3.7090714334044605
1494.817962123386 746.5082090767721 6.647213410255339 3.725749833509326
1494.7655044131131 746.502396656812 6.665249076601443 3.742438733461313
1494.7127507299062 746.4965353054445 6.683395852433566 3.759108833502978
1494.6597004288267 746.4906246729819 6.701653984707355 3.77577633340843
1494.606352861529 746.4846644068134 6.72002372190682 3.792447733459994
1494.552707376263 746.4786541513861 6.738505314049161 3.8091217334149405
1494.4987633178762 746.4725935481868 6.757099012689536 3.8257911334512755
1494.444520027817 746.4664822357231 6.775805070925772 3.842468233429827
1494.3899768441372 746.4603198495053 6.7946237434030285 3.859136533457786
1494.3351331014946 746.4541060220265 6.813555286318406 3.875816533458419
1494.2799881311564 746.4478403827445 6.832599957425511 3.8926685334881768
1494.224541261001 746.4415225580622 6.851758016038975 3.9098374334862456
1494.1687918155214 746.4351521713079 6.871029723038927 3.9265066334046423
1494.1127391158293 746.4287288427166 6.890415340875433 3.943179733469151
1494.0563824796566 746.4222521894097 6.909915133572891 3.959851033403538
1493.9997212213589 746.4157218253756 6.929529366734395 3.9765216334490106
1493.9427546519194 746.4091373614494 6.949258307546056 3.9931952335173264
1493.885482078951 746.4024984052934 6.969102224781298 4.009863733430393
1493.8279028067009 746.3958045613762 6.989061388805126 4.026531433453783
1493.7700161360524 746.3890554309527 7.009136071578357 4.043205233407207
1493.71182136453 746.3822506120438 7.029326546661829 4.059879733482376
1493.6533177863012 746.3753896994151 7.049633089220585 4.07655013340991
1493.5945046921818 746.3684722845567 7.070055976028033 4.093238533474505
1493.5353813696377 746.3614979556615 7.090595485470085 4.110181833500974
1493.4759471027899 746.3544662976051 7.111251897549276 4.126858033472672
1493.4162011724177 746.3473768919233 7.132025493888861 4.143524933489971
1493.3561428559628 746.3402293167917 7.1529165577369005 4.160199333447963
1493.2957714275328 746.3330231470034 7.173925373970326 4.17686953349039
1493.2350861579055 746.3257579539473 7.195052229098996 4.193536833510734
1493.1740863145324 746.318433305587 7.216297411269733 4.210205233423039
1493.1127711615434 746.3110487664375 7.237661210270353 4.2268802335020155
1493.0511399597506 746.3036038975437 7.259143917533689 4.243550233426504
1492.989191966653 746.2960982564581 7.280745826141594 4.260223433491774
1492.9269264364402 746.2885313972178 7.30246723082895 4.276891733403318
1492.8643426199972 746.280902870322 7.324308427987661 4.293568933499046
1492.8014397649085 746.2732122227095 7.346269715670644 4.310242333449423
1492.7382171154632 746.2654589977348 7.3683513935958205 4.326915433513932
1492.674673912659 746.2576427351456 7.390553763150096 4.343588133458979
1492.6108093942075 746.2497629710596 7.412877127393344 4.360257733496837
1492.5466227945385 746.2418192379401 7.43532179106239 4.376938933506608
1492.4821133448054 746.2338110645733 7.457888060574993 4.393607933423482
1492.4172802728892 746.2257379760435 7.480576244033828 4.410278533468954
1492.3521228034049 746.2175994937102 7.503386651230475 4.426953733433038
1492.286640157705 746.2093951351826 7.526319593649405 4.443622633465566
1492.2208315538867 746.2011244142965 7.549375384471978 4.460293433512561
1492.154696206795 746.1927868410888 7.572554338580439 4.477051833411679
1492.08823332803 746.1843819217736 7.595856772561923 4.493722133454867
1492.0214421259507 746.1759091587165 7.619283004712472 4.510400333441794
1491.9543218056822 746.1673680504106 7.642833355041051 4.5270734335063025
1491.88687156912 746.1587580914501 7.666508145273577 4.543748433468863
1491.8190906149368 746.1500787725058 7.690307698856959 4.560443133465014
1491.7509781385872 746.1413295802995 7.7142323409631475 4.577117733424529
1491.682533332315 746.1325099975778 7.738282398493195 4.59378823346924
1491.6137553851577 746.1236195030866 7.762458200081326 4.610464133438654
1491.544643482954 746.1146575715449 7.786760076099026 4.627139033516869
1491.475196808349 746.1056236736184 7.811188358659134 4.643834233516827
1491.4054145408015 746.0965172758935 7.835743381619963 4.660509933484718
1491.3352958565897 746.0873378408501 7.860425480589422 4.6771859334548935
1491.264839928818 746.0780848268354 7.885234992929162 4.693974633468315
1491.1940459274233 746.0687576880366 7.9101722577587354 4.710650033433922
1491.1229130191823 746.0593558744539 7.935237615959775 4.727326633408666
1491.051440367718 746.049878831873 7.960431410180185 4.743994533433579
1490.9796271335065 746.0403260018378 7.985753984838357 4.760662533459254
1490.9074724738846 746.0306968216225 8.011205686127406 4.777330433484167
1490.8349755430563 746.0209907242042 8.036786862019413 4.79411513346713
1490.7621354921007 746.0112071382342 8.062497862269709 4.810932433465496
1490.688951468979 746.0013454880102 8.088339038421159 4.827604133519344
1490.615422618542 745.9914051934477 8.114310743808488 4.844272433430888
1490.541548082538 745.9813856700515 8.140413333562607 4.860989733482711
1490.46732699962 745.9712863288869 8.166647164614984 4.877674333518371
1490.3927585053543 745.9611065765505 8.19301259570202 4.894343433436006
1490.317841732228 745.9508458151414 8.219509987369465 4.911049433518201
1490.2425758096574 745.9405034422316 8.246139701976844 4.927726633497514
1490.1669598639953 745.9300788508364 8.272902103701922 4.944413533434272
1490.0909930185408 745.9195714293846 8.299797558545183 4.961311633465812
1490.0146743935463 745.9089805616892 8.326826434334345 4.977984033408575
1489.9380031062271 745.8983056269162 8.353989100728892 4.994652133435011
1489.86097827077 745.8875459995553 8.381285929224646 5.011470133438706
1489.7835989983414 745.8767010493885 8.408717293158357 5.028141933493316
1489.7058643970972 745.8657701414604 8.436283567712326 5.044808933511376
1489.6277735721912 745.8547526360462 8.463985129919058 5.061483633471653
1489.5493256257848 745.8436478886214 8.491822358665937 5.078158833435737
1489.470519657056 745.83245524983 8.519795634699948 5.095045033493079
1489.3913547622094 745.8211740654534 8.547905340632411 5.11171933345031
1489.311830034485 745.8098036763785 8.576151860943762 5.128389133489691
1489.231944564169 745.7983434185655 8.604535581988353 5.145061833434738
1489.151697438603 745.7867926230166 8.633056891999296 5.161928133456968
1489.071087742194 745.7751506157429 8.66171618109333 5.178604833432473
1488.9901145564254 745.7634167177321 8.690513841275735 5.195279833511449
1488.9087769598664 745.751590244916 8.719450266445257 5.212320733466186
1488.8270740281832 745.7396705081375 8.7485258523991 5.228994533419609
1488.745004834149 745.7276568131174 8.777740996837924 5.245666133472696
1488.6625684476558 745.715548460421 8.807096099370893 5.262333133490756
1488.5797639357236 745.7033447454248 8.83659156152076 5.279009633464739
1488.4965903625134 745.6910449582825 8.866227786728986 5.295682333409786
1488.4130467893376 745.6786483838914 8.896005180360888 5.312356733484194
1488.3291322746709 745.6661543018577 8.925924149710845 5.329023633501492
1488.2448458741628 745.6535619864625 8.955985104007521 5.345696433447301
1488.1601866406488 745.6408707066273 8.986188454419146 5.362368233501911
1488.0751536241623 745.6280797258789 9.016534614058818 5.3790525334188715
1487.9897458719468 745.6151883023146 9.04702399798986 5.3957785334205255
1487.9039624284676 745.6021956885668 9.077657023231213 5.412446933449246
1487.8178023354253 745.5891011317677 9.108434108762864 5.429115433478728
1487.731264631767 745.5759038735138 9.139355675531329 5.445785733405501
1487.6443483537003 745.5626031498294 9.170422146455163 5.46245543344412
1487.5570525347048 745.5491981911314 9.201633946430526 5.479128833510913
1487.469376205546 745.5356882221921 9.232991502336784 5.495804833481088
1487.3813183942889 745.5220724621034 9.264495243042159 5.512476233416237
1487.2928781263101 745.5083501242397 9.296145599409417 5.529144233441912
1487.204054424313 745.4945204162206 9.327943004301613 5.5458149334881455
1487.11484630834 745.4805825398744 9.359887892587867 5.562491433462128
1487.0252527957875 745.4665356912003 9.391980701149201 5.579163333517499
1486.9352729014197 745.4523790603308 9.424221868884407 5.595833833445795
1486.844905637383 745.4381118314938 9.456611836715977 5.612508033518679
1486.75415001322 745.4237331829744 9.489151047596076 5.6291797334561124
1486.663005035885 745.4092422870768 9.521839946512557 5.645883433404379
1486.571469709758 745.3946383100858 9.554678980495037 5.662558933487162
1486.479543036661 745.3799204122276 9.587668598621011 5.6792262335075065
1486.3872240158719 745.3650877476314 9.620809252022026 5.695898833451793
1486.2945116441406 745.3501394642894 9.6541013938899 5.712568833492696
1486.2014049157046 745.3350747040183 9.687545479482997 5.729238033411093
1486.1079028223053 745.3198926024186 9.721141966132551 5.745906833442859
1486.0140043532033 745.3045922888352 9.754891313249042 5.763059433433227
1485.919708495195 745.2891728863174 9.78879398232863 5.779728733468801
1485.8250142326292 745.2736335115779 9.822850436959637 5.7964079334633425
1485.729920547424 745.2579732749529 9.857061142829096 5.8131281334208325
1485.6344264190827 745.2421912803604 9.891426567729333 5.829802933498286
1485.5385308247123 745.2262866252598 9.92594718156463 5.846479233470745
1485.4422327390398 745.2102584006102 9.960623456357931 5.863154333434068
1485.34553113443 745.1941056908287 9.995455866257602 5.879823133465834
1485.2484249809038 745.1778275737489 10.030444887544263 5.896499433438294
1485.1509132461551 745.1614231205785 10.065590998637667 5.913166633457877
1485.0529948955702 745.1448913958574 10.100894680103643 5.930364533443935
1484.9546688922453 745.1282314574145 10.136356414661094 5.947643833467737
1484.8559341970058 745.1114423563254 10.171976687189067 5.9643109334865585
1484.7567897684248 745.0945231368692 10.207755984733872 5.980984133435413
1484.6572345628424 745.0774728364852 10.243694796516271 5.997928333468735
1484.5572675343853 745.0602904857294 10.279793613938727 6.015173733467236
1484.4568876349858 745.0429751082306 10.316052930592718 6.032015933422372
1484.3560938144021 745.0255257206466 10.352473242266115 6.048688233480789
1484.2548850202386 745.0079413326192 10.389055046950618 6.065355033497326
1484.1532601979654 744.9902209467309 10.425798844849277 6.082022233516909
1484.0512182909397 744.9723635584589 10.462705138384054 6.098696133471094
1483.948758240426 744.9543681561307 10.499774432203477 6.115366133511998
1483.8458789856181 744.9362337208785 10.537007233190343 6.132344433455728
1483.7425794636595 744.9179592265939 10.574404050469498 6.149015633505769
1483.638858609665 744.899543639882 10.611965395415691 6.165692133479752
1483.5347153567436 744.8809859200154 10.64969178166149 6.182509133475833
1483.430148636019 744.8622850188874 10.68758372510527 6.199374333489686
1483.3251573766538 744.8434398809661 10.725641743919285 6.216698033502325
1483.2197405058703 744.8244494432472 10.763866358557795 6.233372033457272
1483.113896948975 744.805312635207 10.80225809176528 6.250040333485231
1483.0076256293808 744.7860283787547 10.840817468584723 6.266713933437131
1482.9009254686307 744.7665955881855 10.87954501636597 6.283797933487222
1482.7937953864218 744.7470131701319 10.91844126477417 6.3005364334676415
1482.6862343006292 744.7272800235162 10.957506745798279 6.317209433414973
1482.5782411273299 744.7073950395015 10.996741993759656 6.333880633465014
1482.4698147808278 744.6873571014437 11.036147545320738 6.350551633513533
1482.3609541736787 744.6671650848418 11.075723939493779 6.367219333420508
1482.2516582167148 744.6468178572893 11.11547171764969 6.383889333461411
1482.141925819071 744.6263142784244 11.155391423526947 6.400615033460781
1482.0317558882102 744.6056531998804 11.195483603240584 6.4172877334058285
1481.9211473299492 744.5848334652355 11.235748805291275 6.433967833407223
1481.8100990484854 744.5638539099627 11.27618758057449 6.45063803344965
1481.6986099464234 744.542713361379 11.316800482389752 6.467313433415256
1481.5866789248018 744.521410638595 11.35758806644996 6.4839857334736735
1481.4743048831206 744.4999445524629 11.398550890890819 6.500658833421767
1481.3614867193687 744.4783139055265 11.439689516280344 6.517326933448203
1481.248223330052 744.4565174919682 11.481004505628462 6.5339960334822536
1481.1345136102216 744.4345540975577 11.522496424396701 6.550664033507928
1481.020356453502 744.4124224995998 11.564165840507966 6.567333533428609
1480.9057507521206 744.3901214668815 11.606013324356416 6.58400403347332
1480.7906953969361 744.36764975962 11.648039448817427 6.600678333430551
1480.6751892774691 744.345006129409 11.690244789257655 6.617353133508004
1480.5592312819308 744.3221893191651 11.732629923545188 6.63402223342564
1480.4428202972542 744.2991980630752 11.775195432059801 6.650704433443025
1480.3259552091242 744.2760310865418 11.817941897703305 6.667376933502965
1480.2086349020085 744.252687106129 11.860869905909993 6.6840528334723786
1480.0908582591892 744.229164829508 11.903980044657192 6.700727533432655
1479.9726241627936 744.2054629554026 11.947272904475911 6.7175323334522545
1479.8539314938273 744.1815801735338 11.990749078461587 6.734207733417861
1479.7347791322054 744.1575151645649 12.034409162284948 6.750881133484654
1479.615165956786 744.1332666000453 12.078253754202969 6.767552533419803
1479.495090845403 744.1088331423554 12.122283455069926 6.784502033493482
1479.3745526748992 744.0842134446494 12.166498868348585 6.801177133456804
1479.2535503211607 744.0594061507999 12.210900600121464 6.8178525334224105
1479.1320826591505 744.0344098953401 12.255489259102232 6.834532833425328
1479.0101485629434 744.0092233034077 12.300265456647201 6.8512065334944054
1478.8877469057607 743.9838449906867 12.345229806766937 6.867881533456966
1478.7648765600056 743.9582735633505 12.390382926137987 6.884551833500154
1478.6415363972992 743.9325076180032 12.435725434114705 6.901294533512555
1478.5177252885162 743.906545741622 12.481257952741215 6.917963333427906
1478.3934421038214 743.8803865114983 12.526981106763476 6.934910833486356
1478.2686857127067 743.8540284951788 12.572895523641465 6.951581433415413
1478.1434549840287 743.8274702504069 12.619001833561486 6.968272933503613
1478.0177487860462 743.8007103250627 12.665300669448593 6.984939633519389
1477.891565986458 743.7737472571033 12.711792666979143 7.0016137334750965
1477.7649054524422 743.7465795745032 12.758478464593464 7.018280833493918
1477.6377660506944 743.7192057951938 12.805358703508652 7.0349476335104555
1477.5101466474675 743.6916244270024 12.85243402773149 7.05161803343799
1477.3820461086113 743.6638339675915 12.899705084071503 7.068292133510113
1477.2534632996135 743.6358329043978 12.947172522154128 7.084965033456683
1477.1243970856392 743.6076197145705 12.994836994434035 7.101636033505201
1476.994846331573 743.5791928649093 13.042699156208553 7.118309833458625
1476.8648099020602 743.5505508118022 13.090759665631253 7.1349807335063815
1476.734286661549 743.5216920011634 13.139019183725653 7.15165623347275
1476.6032754743328 743.4926148683704 13.187478374399062 7.168644633493386
1476.4717752045933 743.4633178382007 13.23613790445656 7.185385733493604
1476.339784716444 743.4337993247685 13.284998443615123 7.202057833434083
1476.2073028739737 743.4040577314613 13.334060664517882 7.21873083349783
1476.0743285412916 743.3740914508754 13.383325242748525 7.235400333418511
1475.9408605825715 743.3438988647521 13.432792856845847 7.252077033510432
1475.8068978620972 743.3134783439127 13.482464188318444 7.268772433511913
1475.6724392443086 743.2828282481937 13.53233992165955 7.285444333450869
1475.5374835938478 743.2519469263817 13.58242074436203 7.302111333468929
1475.402029775606 743.2208327161475 13.632707346933513 7.318780733505264
1475.2660766547708 743.1894839439805 13.683200422911685 7.335457933484577
1475.129623096874 743.1578989251223 13.733900668879738 7.352137633482926
1474.9926679678397 743.1260759635005 13.78480878448196 7.368806433514692
1474.8552101340335 743.0940133516617 13.835925472439502 7.385473133414052
1474.7172484623118 743.0617093707042 13.887251438566286 7.402141233440489
1474.5787818200713 743.0291622902107 13.938787391785084 7.418813333497383
1474.4398090753 742.9963703681807 13.990534044143752 7.435799133498222
1474.3003290966278 742.9633318509622 14.042492110831635 7.452471133437939
1474.1603407533783 742.930044973183 14.094662310196133 7.4691478334134445
1474.0198429156203 742.896507957683 14.147045363759437 7.485821633483283
1473.878834454221 742.8627190154436 14.19964199623543 7.502497933455743
1473.7373142408987 742.8286763455201 14.252452935546765 7.519171133404598
1473.595281148277 742.7943781349703 14.305478912842116 7.535845433478244
1473.4527340499387 742.7598225587858 14.35872066251359 7.552515833405778
1473.3096718204806 742.725007779821 14.412178922214343 7.569185133441351
1473.1660933355697 742.6899319487227 14.465854432876345 7.585852133459412
1473.0219974719982 742.6545932038588 14.519747938728344 7.602520133485086
1472.877383107741 742.6189896712475 14.573860187314011 7.61919463344384
1472.7322491220125 742.5831194644854 14.628191929510264 7.635895133484155
1472.5865943953243 742.5469806846756 14.682743919545779 7.652562633506022
1472.4404178095442 742.5105714203553 14.737516915019691 7.66924673342146
1472.293718247955 742.4738897474233 14.792511676920492 7.685915533453226
1472.146494595314 742.4369337290673 14.84772896964511 7.702590833418071
1471.9987457379134 742.3997014156903 14.903169561018187 7.71928813343402
1471.8504705636417 742.3621908448374 14.95883422231156 7.73596203350462
1471.7016679620444 742.3244000411215 15.014723728263936 7.752636733464897
1471.5523368243873 742.2863270161495 15.070838857100759 7.769338433514349
1471.4024760437187 742.2479697684473 15.127180390554297 7.786011733463965
1471.2520845149331 742.2093262833856 15.183749113883927 7.802718933438882
1471.1011611348358 742.170394533104 15.24054581589662 7.819386733463034
1470.9497048022074 742.1311724764357 15.297571288967646 7.836063333437778
1470.7977144178694 742.0916580588321 15.354826329061487 7.853350933408365
1470.645188884751 742.0518492122859 15.41231173575296 7.870026133488864
1470.4921271079552 742.0117438552553 15.470028312248568 7.886892733513378
1470.3385279948275 741.9713398925866 15.527976865408055 7.903561233426444
1470.1843904550237 741.9306352154373 15.586158205766193 7.920230533462018
1470.029713400579 741.8896277011988 15.644573147554782 7.936899633496068
1469.8744957459785 741.8483152134185 15.70322250872489 7.953573533450253
1469.7187364082265 741.806695601721 15.762107110969305 7.970250233425759
1469.5624343069192 741.764766701731 15.82122777974523 7.9869251335039735
1469.4055883643161 741.7225263349932 15.880585344297204 8.003764133434743
1469.248197505413 741.679972308894 15.940180637680257 8.020434233476408
1469.090260658015 741.6371024165817 16.000014496783308 8.037113133468665
1468.931776752812 741.593914436887 16.060087762352797 8.053790033445694
1468.7727447234533 741.5504061342426 16.12040127901657 8.070464033517055
1468.613163506623 741.5065752586031 16.180955895307992 8.087142233503982
1468.4530320421177 741.4624195453641 16.24175246369032 8.103809233405627
1468.292349272923 741.4179367152811 16.30279184058133 8.120476033422165
1468.1311141452934 741.3731244743883 16.364074886378184 8.137150733498856
1467.9693256088296 741.3279805139167 16.42560246548255 8.153820933424868
1467.80698261656 741.2825025102123 16.487375446326006 8.17049363348633
1467.6440841250205 741.2366881246536 16.54939470139567 8.18716713343747
1467.4806290943377 741.1905350035688 16.611661107260115 8.203843133407645
1467.3166164883094 741.1440407781531 16.674175544595553 8.220518333488144
1467.1520452744899 741.0972030643853 16.736938898212262 8.237289133481681
1466.986914424273 741.0500194629441 16.799952057081313 8.253958233515732
1466.8212229129783 741.0024875591241 16.863215914361554 8.270629233447835
1466.6549697199362 740.954604922752 16.926731367426875 8.287301933509298
1466.4881538285758 740.906369108101 16.990499317893754 8.30397493345663
1466.3207742265124 740.8577776538071 17.05452067164908 8.32064193347469
1466.1528299056365 740.8088280827833 17.118796338878273 8.337316033430398
1465.9843198622032 740.7595179021338 17.183327234093678 8.35398453345988
1465.8152430969235 740.7098446030686 17.248114276163257 8.370655433507636
1465.6455986150559 740.6598056608175 17.31315838833957 8.38732583343517
1465.4753854264984 740.6093985345431 17.37846049828906 8.403997433488257
1465.304602545883 740.5586206672543 17.44402153812163 8.420669433427975
1465.1332489926697 740.5074694857195 17.509842444420528 8.437338033458218
1464.9613237912424 740.4559424003787 17.57592415827254 8.454008233500645
1464.7888259710055 740.4040368052562 17.642267625298466 8.470679733436555
1464.6157545664817 740.3517500778723 17.708873795683953 8.487351833493449
1464.44210861741 740.2990795791557 17.775743624210598 8.504057133453898
1464.2678871688468 740.2460226533536 17.842878070287398 8.520727933500893
1464.093089271265 740.1925766279445 17.910278097982502 8.5373950334033
1463.917713980657 740.1387388135474 17.977944676055305 8.554068533470854
1463.7417603586375 740.0845065038336 18.045878777988847 8.570736033492722
1463.5652274725471 740.029876975436 18.114081382022555 8.58740953344386
1463.3881143955577 739.9748474878596 18.182553471185315 8.604082433506846
1463.2104202067787 739.919415283391 18.25129603332889 8.62075003341306
1463.0321439913646 739.8635775870077 18.32031006116166 8.637417833437212
1462.853284840623 739.8073316062874 18.389596552282704 8.654094333411194
1462.673841852125 739.7506745313165 18.459156509216253 8.671070433454588
1462.4938141298148 739.6936035345985 18.528990939446466 8.687745733419433
1462.3132007841236 739.636115770963 18.59910085545257 8.704417433473282
1462.132000932081 739.5782083774728 18.669487274744345 8.721092433435842
1461.9502136974302 739.5198784733323 18.74015121989799 8.737768933409825
1461.767838210744 739.4611231597943 18.811093718592318 8.754439133452252
1461.5848736095409 739.4019395200678 18.882315803645355 8.77110733347945
1461.4013190384037 739.3423246192244 18.953818513051274 8.78777963342145
1461.217173649099 739.2822755041054 19.025602890017716 8.804449433460832
1461.0324366006978 739.2217892032277 19.09766998300349 8.821116833481938
1460.8471070596968 739.1608627266903 19.17002084575665 8.837789533426985
1460.6611842001425 739.0994930660803 19.242656537352932 8.854463633499108
1460.4746672037556 739.037677194378 19.31557812223463 8.871131033403799
1460.287555260057 738.9754120658631 19.388786670249793 8.888190333498642
1460.0998475664942 738.9126946160193 19.462283256691876 8.904860033420846
1459.9115433285715 738.8495217614392 19.53606896233974 8.921533933491446
1459.722641759979 738.7858903997295 19.610144873498086 8.938210033462383
1459.5331420827245 738.7217974094153 19.68451208203827 8.95511453342624
1459.3430435272655 738.6572396498441 19.75917168543954 8.971785433473997
1459.152345332645 738.5922139610901 19.834124786830664 8.988459133426659
1458.9610467466257 738.5267171638583 19.909372495031995 9.00513313349802
1458.7691470258285 738.4607460593875 19.98491592459794 9.02180803345982
1458.5766454358704 738.3942974293543 20.06075619585984 9.038475233479403
1458.383541251505 738.3273680357764 20.136894434969307 9.05514853342902
1458.1898337567643 738.2599546209152 20.213331773941945 9.071815233444795
1457.9955222451017 738.1920539071789 20.29006935070154 9.088485133484937
1457.8006060195373 738.1236625970255 20.367108309124664 9.105154033517465
1457.605084392804 738.0547773728648 20.444449799085728 9.121821333421394
1457.4089566874952 737.9853948969613 20.522094976502473 9.13849773351103
1457.2122222362154 737.9155118113362 20.600045003381908 9.15516913344618
1457.0148803817303 737.845124737669 20.678301047866693 9.1718455334194
1456.8169304771206 737.7742302772004 20.75686428428198 9.188515733461827
1456.6183718859359 737.7028250106332 20.835735893182722 9.205189233412966
1456.4192039823515 737.6309054980343 20.914917061401407 9.221856033429503
1456.2194261513262 737.5584682787361 20.994408982096306 9.238528733490966
1456.019037788762 737.4855098712382 21.074212854800148 9.255203333450481
1455.8180383016656 737.4120267731081 21.154329885469277 9.271876733517274
1455.6164271083117 737.3380154608832 21.234761286533306 9.288560533430427
1455.4142036384076 737.2634723899712 21.31550827694521 9.305231333477423
1455.211367333261 737.1883939945513 21.396572082231938 9.321903233416378
1455.007917645948 737.1127766874755 21.477953934545493 9.338680033455603
1454.803854041484 737.0366168601688 21.5596550727145 9.355540233431384
1454.5991759969959 736.9599108825306 21.641676742296273 9.372485133470036
1454.3938830018963 736.8826551028353 21.724020195629386 9.389156133518554
1454.1879745580604 736.8048458476328 21.80668669188672 9.405827033449896
1453.981450180004 736.7264794216494 21.889677497129046 9.422499733511358
1453.7743093950637 736.6475521076886 21.97299388435908 9.43917203345336
1453.5665517435789 736.5680601665315 22.056637133576093 9.45633233350236
1453.3581767790765 736.4879998368375 22.140608531830985 9.473012333502993
1453.1491840684569 736.4073673350451 22.224909373281925 9.48984043346718
1452.9395731921825 736.3261588552728 22.309540959250477 9.506507133482955
1452.7293437444685 736.2443705692193 22.394504598278267 9.523183533456177
1452.518495333475 736.1619986260649 22.47980160618418 9.539860333432443
1452.307027581502 736.0790391523719 22.56543330612208 9.556527933455072
1452.094940125187 735.9954882519859 22.651401028639082 9.573201133403927
1451.8822326157024 735.9113420059364 22.737706111734333 9.58987113344483
1451.668904718959 735.8265964723383 22.82434990091837 9.606543133500963
1451.454956115809 735.7412476862933 22.911333749273002 9.623216933454387
1451.2403865022509 735.6552916597904 22.998659017511745 9.639890033518896
1451.025195589639 735.5687243816081 23.08632707404081 9.656653933459893
1450.809383104894 735.4815418172165 23.174339295020644 9.67332073347643
1450.5929487907154 735.3937399086777 23.262697064428043 9.689990933518857
1450.3758924057968 735.3053145745496 23.3514017741188 9.7066675334936
1450.1582137250448 735.2162617097865 23.440454823890942 9.723337733419612
1449.9399125397983 735.1265771856429 23.52985762154853 9.740011733490974
1449.7209886580517 735.0362568495752 23.619611582966016 9.756685533444397
1449.5014419046804 734.9452965251453 23.709718132153185 9.773353633470833
1449.281272121668 734.8536920119235 23.800178701320675 9.790027033421211
1449.0604791683377 734.7614390853921 23.890994730946076 9.806696133455262
1448.8390629215849 734.6685334968492 23.9821676698406 9.82338923343923
1448.617023276113 734.5749709733132 24.073698975216345 9.840062633506022
1448.394360144672 734.4807472174266 24.165590112754156 9.856730833416805
1448.1710734582994 734.3858579073616 24.257842556672053 9.873401833465323
1447.9471631665645 734.2902986967251 24.350457789794262 9.890071633504704
1447.7226292378148 734.1940652144643 24.44343730362086 9.90674833348021
1447.4974716594256 734.097153064773 24.53678259839798 9.923415933502838
1447.2716904380525 733.9995578269981 24.630495183188643 9.940083933412097
1447.0452855998863 733.9012750555465 24.72457657594418 9.956754033453763
1446.818257190912 733.8023002797933 24.819028303576268 9.973423733492382
1446.590605277169 733.7026290039889 24.91385190202956 9.990255633485503
1446.3623299450164 733.6022567071689 25.00904891635492 10.00692683341913
1446.1334313013988 733.5011788430619 25.10462090078329 10.023594833444804
1445.9039094741177 733.3993908400007 25.200569418800125 10.040266633499414
1445.6737646121046 733.296888100832 25.296896043220492 10.05693513341248
1445.4429968856975 733.1936660028277 25.39360235626474 10.073604533448815
1445.2116064869206 733.0897198975969 25.49068994963481 10.090274333488196
1444.9795936297671 732.9850451109979 25.588160424591145 10.10694753343705
1444.7469585504862 732.8796369430526 25.686015392030225 10.123615033458918
1444.5137015078715 732.773490667859 25.78425647256272 10.14028633350972
1444.2798227835547 732.6666015335078 25.88288529659226 10.156958333449438
1444.0453226823015 732.5589647619965 25.98190350439482 10.173632333404385
1443.810201532312 732.4505755491474 26.081312746198723 10.19073573348578
1443.574459685523 732.341429064524 26.181114682265278 10.207410133443773
1443.338097517915 732.2315204513503 26.281310982970012 10.224086833419278
1443.101115429823 732.1208448264293 26.381903328884544 10.241626133443788
1442.8635138462496 732.0093972800645 26.48289341085906 10.2584508334985
1442.6252932171828 731.8971728759803 26.58428293010542 10.275125933461823
1442.3864540179177 731.7841666512454 26.686073598280874 10.291805733460933
1442.1469967493804 731.6703736161961 26.788267137572397 10.308480133418925
1441.9069219384578 731.5557887543612 26.890865280781636 10.325147633440793
1441.6662301383296 731.4404070223881 26.993869771410477 10.341818233486265
1441.424921928805 731.3242233499699 27.09728236374722 10.358512633480132
1441.1829979166623 731.2072326397745 27.201104822953358 10.375185833428986
1440.9404587359945 731.089429767374 27.305338925150984 10.392755533452146
1440.6973050485565 730.9708095811761 27.40998645751077 10.409424033481628
1440.4535375441178 730.8513669023572 27.515049218340586 10.426108033512719
1440.2091569408192 730.731096524796 27.620529017174693 10.442776733427308
1439.9641639855336 730.6099932150099 27.72642767486354 10.459448533481918
1439.7185594542302 730.4880517120915 27.832747023664158 10.476116833509877
1439.4723441523445 730.3652667276482 27.939488907331135 10.492792133474723
1439.2255189151508 730.2416329457424 28.046655181208184 10.509465033421293
1438.9780846081408 730.1171450228336 28.154247712320284 10.52614153351169
1438.730042127405 729.991797587723 28.2622683794664 10.542811733437702
1438.481392400021 729.8655852414989 28.37071907331277 10.559480433468707
1438.232136384442 729.7385025574848 28.479601696486768 10.576152333407663
1437.982275070895 729.6105440811887 28.5889181636713 10.59282323345542
1437.7318094817801 729.4817043302551 28.698670401699776 10.609498533420265
1437.4807406720759 729.3519777944189 28.808860349651617 10.626169833471067
1437.2290697297483 729.2213589354608 28.9194899589483 10.642836833489127
1436.9767977761667 729.089842187166 29.030561193449937 10.65950573340524
1436.723925966522 728.9574219552841 29.142076029552356 10.676176033448428
1436.4704554902519 728.8240926174915 29.25403645628473 10.692848433507606
1436.2163875714689 728.6898485233572 29.36644447540768 10.709524033474736
1435.9617234693956 728.5546839943097 29.47930210151188 10.726198133430444
1435.7064644788038 728.418593323607 29.592611362117157 10.742867533466779
1435.4506119304588 728.2815707763092 29.706374297772044 10.759538133512251
1435.1941671915686 728.1436105892542 29.820592962153814 10.776207933435217
1434.9371316662393 728.0047069710351 29.935269422168954 10.792884933413006
1434.679506795935 727.8648541019815 30.05040575805407 10.809563833405264
1434.421294059943 727.7240461341426 30.166004063477228 10.826236233464442
1434.162494975845 727.5822771912747 30.282066445639714 10.842907033511437
1433.9031110999933 727.4395413688302 30.398595025378153 10.859585133497603
1433.6431440279928 727.295832733951 30.515591937267054 10.876421733410098
1433.382595395188 727.1511453254645 30.63305932972169 10.893098633503541
1433.1214668771563 727.0054731538829 30.750999365101332 10.90976593340747
1432.8597601902068 726.8588102014062 30.869414219812832 10.926438333466649
1432.597477091885 726.7111504219286 30.98830608441449 10.943106533493847
1432.3346193814823 726.5624877410481 31.10767716372024 10.959779433440417
1432.0711889005538 726.4128160560808 31.227529676904098 10.977273833472282
1431.807187533439 726.2621292360778 31.34786585760487 10.993944233516231
1431.5426172077903 726.1104211218466 31.468687954031083 11.010618533473462
1431.2774798951077 725.9576855259764 31.58999822906614 11.027292233426124
1431.011777611279 725.8039162328679 31.711798960373656 11.043963233474642
1430.7455124171263 725.6491069987661 31.834092440502953 11.060635633417405
1430.4786864189582 725.4932515517991 31.956880976994693 11.077311133500189
1430.2113017691297 725.3363435920196 32.08016689248663 11.09402273350861
1429.9433606666078 725.1783767914526 32.20395252481944 11.110695533454418
1429.674865357542 725.0193447941461 32.3282402271426 11.127363233477809
1429.405818135845 724.8592412162282 32.45303236802031 11.144038533442654
1429.136221343775 724.6980596459672 32.578331331537385 11.160714933415875
1428.8660773725294 724.535793643839 32.70413951740514 11.177417433471419
1428.5953886628417 724.3724367425976 32.83045934106717 11.194085733499378
1428.3241577055874 724.2079824473519 32.95729323380507 11.210761133464985
1428.0523870423947 724.0424242356477 33.08464364284396 11.227430333499797
1427.780079266264 723.8757555575551 33.212513031457874 11.244107133476064
1427.507237022193 723.707969835762 33.34090387907493 11.261135033448227
1427.2338630078095 723.539060465673 33.4698186813822 11.27780503348913
1426.9599599740106 723.3690208155136 33.59925995043034 11.294475033413619
1426.6855307256094 723.1978442264427 33.729230214737825 11.311278133420274
1426.4105781219885 723.0255240126685 33.85973201939486 11.328008133452386
1426.1351050777616 722.8520534615727 33.990767926166804 11.34468343341723
1425.8591145634414 722.677425833841 34.1223405135971 11.36135243345052
1425.5826096061146 722.5016343635995 34.254452377109764 11.378752833465114
1425.305593290126 722.324672258559 34.387106129111174 11.395421533496119
1425.0280687577676 722.1465327001653 34.520304399091316 11.41209583345335
1424.7500392099778 721.9672088437575 34.654049833724294 11.428765133488923
1424.471507907045 721.7866938187335 34.78834509696809 11.445436533424072
1424.1924781693222 721.6049807287228 34.92319287016353 11.462104333448224
1423.9129533779465 721.422062651767 35.058595852132385 11.478777633514255
1423.6329369755683 721.2379326405083 35.1945567592745 11.495445633423515
1423.3524324670866 721.0525837223865 35.33107832566397 11.512119733495638
1423.071443420393 720.8660088998435 35.46816330314421 11.528792933444493
1422.7899734671237 720.6782011505366 35.60581446142192 11.545472633442841
1422.508026303418 720.4891534275608 35.74403458815979 11.562140133464709
1422.2256056906876 720.2988586596796 35.882826489067966 11.578807433485053
1421.9427154563898 720.1073097515642 36.02219298799411 11.59548213344533
1421.6593594948126 719.9144995840437 36.16213692701204 11.612153733498417
1421.3755417678656 719.7204210143627 36.30266116650882 11.62883443350438
1421.0912663058791 719.5250668764503 36.44376858527023 11.645507133449428
1420.8065372084127 719.3284299811977 36.58546208056454 11.662178233498707
1420.52135864507 719.1305031167469 36.72774456822448 11.67884783342015
1420.2357348563235 718.9312790487892 36.87061898272731 11.695524033508264
1419.9496701543462 718.7307505208739 37.01408827727287 11.712191033409908
1419.6631689238525 718.5289102547291 37.15815542385958 11.72886433347594
1419.3762356229463 718.3257509505921 37.30282341335822 11.745534633519128
1419.0888747839788 718.1212652875518 37.44809525558333 11.762202533427626
1418.8010910144128 717.9154459239024 37.59397397936231 11.778875833493657
1418.512888997697 717.7082854975095 37.740462632601854 11.795818933518603
1418.2242734941476 717.4997766261868 37.887564282351796 11.812486133421771
1417.9352493418387 717.2899119080867 38.035282014866155 11.829158933483995
1417.6458214575007 717.0786839221023 38.18361893566122 11.845828533405438
1417.3559948374273 716.8660852282828 38.33257816957066 11.862497933441773
1417.0657745583908 716.6521083682618 38.48216286079736 11.879172233515419
1416.7751657785657 716.4367458656986 38.63237617296202 11.895846833474934
1416.484173738461 716.2199902267339 38.7832212891482 11.91251423349604
1416.1928037618602 716.0018339404586 38.934701411943806 11.929183533415198
1415.9010612567695 715.7822694793974 39.08681976347873 11.945858833496459
1415.6089517163753 715.5612893000067 39.23957958545862 11.962528433417901
1415.3164807200092 715.338885843187 39.392984139194496 11.979729233426042
1415.0236539341213 715.1150515348107 39.54703670562808 11.99677263351623
1414.7304771132617 714.8897787862658 39.70174058535272 12.013455433421768
1414.4369561010708 714.6630599950137 39.85709909862962 12.030130733503029
1414.1430968312761 714.4348875451649 40.013115585399305 12.046845633420162
1413.8489053286992 714.20525380807 40.169793405288026 12.063513333443552
1413.5543877102693 713.9741511429274 40.32713593760894 12.080194433452561
1413.2595501860449 713.7415718974086 40.485146581357924 12.096867433516309
1412.964399060244 713.5075084082995 40.64382875520366 12.113535633427091
1412.6689407322813 713.2719530021612 40.803185897471955 12.130204733461142
1412.3731816978138 713.0348979960074 40.96322146612395 12.14702013344504
1412.0771285497938 712.7963356980007 41.12393893872795 12.163894833414815
1411.7807879795287 712.5562584081673 41.28534181242482 12.18057113350369
1411.48416677775 712.3146584191313 41.44743360388645 12.197245633462444
1411.187271835688 712.0715280168679 41.61021784926727 12.213916133507155
1410.8901101461545 711.8268594814762 41.773698104148366 12.23058733344078
1410.5926888046317 711.580645087973 41.93787794347403 12.247260233503766
1410.2950150103698 711.3328771071066 42.10276096148045 12.26393683347851
1409.9970960674898 711.083547806191 42.268350771616234 12.28060373349581
1409.6989393860936 710.832649449962 42.434651006454445 12.297272133408114
1409.4005524833806 710.5801743014554 42.60166531759592 12.313941333442926
1409.1019429847704 710.3261146229056 42.76939737556349 12.33061483351048
1408.803118625032 710.0704626766687 42.93785086968676 12.347288733464666
1408.5040872494192 709.8132107261666 43.10702950797724 12.363966233446263
1408.20485681481 709.5543510368557 43.27693701699328 12.38077953341417
1407.9054353908546 709.293875877218 43.44757714169469 12.397446933435276
1407.6058311611257 709.0317775197778 43.618953645286446 12.414122533518821
1407.3060524242762 708.7680482421408 43.79107030905132 12.430801633512601
1407.0061075952003 708.5026803280599 43.963930932170854 12.4478669334203
1406.7060052061993 708.2356660685252 44.13753933153445 12.464538133470342
1406.4057539081527 707.96699776288 44.31189934153603 12.481212733429857
1406.1053624716926 707.6966677199631 44.48701481385794 12.498045033426024
1405.8048397883815 707.4246682592767 44.6628896172416 12.514721633517183
1405.5041948718947 707.1509917121826 44.83952763724451 12.531497733434662
1405.203436859204 706.8756304231249 45.01693277598306 12.548167133470997
1404.902575011766 706.5985767508802 45.19510895186082 12.564835533499718
1404.6016187167118 706.319823069837 45.37406009928165 12.581516233505681
1404.3005774880387 706.0393617713027 45.553790168347284 12.598190633463673
1403.999460967804 705.7571852648405 45.73430312453875 12.614871233468875
1403.6982789273195 705.4732859796352 45.91560294838117 12.631545533426106
1403.397041268347 705.1876563658892 46.09769363509141 12.648218033486046
1403.0957580242948 704.9002888962489 46.28057919420792 12.664893333450891
1402.7944393614125 704.6111760672613 46.464263649202316 12.681568133411929
1402.4930955799873 704.320310400863 46.64875103707203 12.698258033487946
1402.1917371155375 704.0276844458994 46.83404540791343 12.714924833504483
1401.8903745400053 703.7332907796768 47.020150824474825 12.731599433463998
1401.5890185629469 703.4371220095472 47.20707136168867 12.748271133517846
1401.2876800327213 703.139170774525 47.394811106182324 12.764943233458325
1400.986369937674 702.8394297469379 47.583374155766734 12.781621733447537
1400.6850994073177 702.537891634111 47.77276461890223 12.798297233413905
1400.3838797135088 702.2345491800857 47.962986614140874 12.814976433408447
1400.0827222716186 701.9293951673716 48.154044269544485 12.831652833498083
1399.7816386416987 701.6224224187355 48.3459417220777 12.848329933476634
1399.4806405296392 701.3136237990238 48.538683116975214 12.865007133455947
1399.1797397883215 701.0029922170216 48.7322726070825 12.881680333404802
1398.8789484187614 700.6905206273476 48.926714352169064 12.898368433467112
1398.5782785712443 700.3762020323852 49.122012518213545 12.915040833409876
1398.277742546451 700.060029484251 49.31817127665971 12.931716133491136
1397.977352796573 699.7419960867999 49.51519480364251 12.948431533412077
1397.6771219264172 699.4220949976678 49.713087279183256 12.9651056334842
1397.3770626944968 699.1003194303523 49.91185288635308 12.98177333350759
1397.0771880141124 698.7766626563315 50.11149581040362 12.998449833481573
1396.7775109544164 698.4511180072209 50.31202023786404 13.015123733435757
1396.4780447414644 698.1236788769695 50.513430355603425 13.031790733453818
1396.1788027592497 697.7943387240948 50.71573034985742 13.048465533414856
1395.879798550722 697.463091073957 50.918924405218156 13.065133633441292
1395.581045818787 697.1299295210724 51.123016703586444 13.081808333517984
1395.2825584272894 696.7948477314674 51.328011423085016 13.098480333457701
1394.9843504019727 696.4578394450714 51.53391273693183 13.115149733494036
1394.6864359314206 696.1188984781509 51.74072481227221 13.131822633440606
1394.388829367975 695.778018725783 51.948451808968734 13.14849923341535
1394.0915452286295 695.4351941643703 52.157097878347585 13.165479733492248
1393.7945981959003 695.0904188541953 52.36666716190026 13.182154333451763
1393.4980031186692 694.7436869420166 52.5771637899393 13.198823433485813
1393.2017750129996 694.3949926637054 52.78859188020682 13.216064533451572
1392.9059290629248 694.0443303469224 53.000955536434574 13.232733733486384
1392.6104806212045 693.6916944138366 53.21425884685411 13.249413033481687
1392.3154452100516 693.3370793838837 53.428505882655834 13.266083233407699
1392.020838521824 692.9804798765667 53.643700696395484 13.282750733429566
1391.7266764196845 692.6218906142956 53.85984732034667 13.29942483350169
1391.4329749382216 692.2613064252693 54.076949764797995 13.31609913345892
1391.1397502840355 691.898722246397 54.29501201629342 13.332774533424526
1390.8470188362833 691.5341331262606 54.51403803581423 13.349568533478305
1390.554797147184 691.1675342281161 54.73403175690124 13.366860533482395
1390.263101942481 690.7989208329361 54.9549970837156 13.383539433474652
1389.9719501218594 690.4282883424913 55.17693788903672 13.400523633463308
1389.6813587593192 690.0556322824712 55.39985801219569 13.417214333429001
1389.3913451034991 689.680948305643 55.62376125694256 13.433890833402984
1389.1019265779512 689.3042321950504 55.848651389245916 13.450599533505738
1388.8131207813642 688.9254798672488 56.07453213502306 13.467273733462207
1388.5249454877332 688.5446873755783 56.3014071777991 13.483950433437712
1388.2374186464747 688.1618509134738 56.52928015629325 13.500624633510597
1387.9505583824828 687.7769668178112 56.75815466193067 13.517298033460975
1387.6643829961276 687.3900315722881 56.988034236278025 13.53396533348132
1387.3789109631914 687.0010418108402 57.21892236840108 13.550642033456825
1387.0941609347408 686.6099943210912 57.45082249214247 13.56731873343233
1386.8101517369348 686.2168860478353 57.683737983317926 13.584160933503881
1386.5269023707633 685.8217140965518 57.9176721568291 13.600833833450451
1386.2444320117163 685.4244757369511 58.15262826369118 13.617507733404636
1385.9627600093809 685.0251684065498 58.38860948797343 13.634175833431073
1385.681905886963 684.6237897142752 58.6256189436509 13.650846633478068
1385.4018893407335 684.2203374440963 58.86365967136528 13.667513433494605
1385.1227302393938 683.8148095586823 59.102734635093285 13.684182333410718
1384.84444862336 683.4072042030843 59.34284671872041 13.70086053351406
1384.5670647039635 682.9975197084415 59.58399872251848 13.717532233451493
1384.2905988625653 682.5857545957081 59.82619335952493 13.734205433516763
1384.0150716495802 682.171907579401 60.069433251822055 13.750878933467902
1383.7405037834114 681.7559775713655 60.313720926714325 13.767547433497384
1383.4669161492893 681.337963684557 60.55905881280201 13.78426803345792
1383.1943297980147 680.9178652368381 60.80544923594916 13.800937933498062
1382.9227659446037 680.4956817547875 61.052894415144294 13.81760583340656
1382.6522459668297 680.0714129775195 61.301396458251865 13.834280333481729
1382.3827914036622 679.645058860512 61.55095735765284 13.851037133485079
1382.1144239535981 679.2166195794402 61.80157898577264 13.867712633451447
1381.8471654728846 678.7860955340135 62.05326309049475 13.884387633414008
1381.581037973629 678.3534873518134 62.306011290458336 13.901056433445774
1381.3160636217947 677.9187958921303 62.55982507023828 13.917732833418995
1381.05226473508 677.4820222497948 62.81470577540612 13.934402633458376
1380.7896637806762 677.0431677590026 63.0706546074703 13.951075633405708
1380.5282833729045 676.6022339971289 63.327672618694415 13.967748033464886
1380.2681462707267 676.1592227885293 63.58576070679199 13.984415633487515
1380.009275375129 675.7141362083239 63.84491960949658 14.001085033407435
1379.7516937263745 675.2669765861623 64.10514989900598 14.017790533485822
1379.4954245011252 674.8177465099645 64.36645197629939 14.034458533511497
1379.2404910094253 674.3664488296358 64.62882606532654 14.05120723345317
1378.98691669155 673.9130866607502 64.89227220706796 14.067877633497119
1378.7347251147116 673.4576633882 65.1567902534655 14.084552933461964
1378.483939969624 673.0001826698075 65.42237986122242 14.101225033518858
1378.2345850669217 672.5406484398935 65.68904048547265 14.11789873347152
1377.9866843334316 672.0790649128005 65.9567713733187 14.134567333501764
1377.7402618082947 671.615436586364 66.22557155723814 14.151236933423206
