1499.999880808852 747.0 5.0000164583812134 0.09843699994962662
1499.999523268981 747.0 5.000067224682855 0.39433623338118196
1499.9989274215613 747.0 5.000154319276311 0.4480837333248928
1499.9980933048514 747.0 5.000279677203799 0.4672824334120378
1499.997020954176 747.0 5.000445151820117 0.4839592333883047
1499.9957104019097 747.0 5.000652518280894 0.5006388333858922
1499.9941616774624 747.0 5.0009034768837966 0.5176718333968893
1499.9923748072626 747.0 5.001199656268906 0.5343427333282307
1499.9903498147437 747.0 5.0015426164842 0.5510161333950236
1499.9880867203303 747.0 5.001933851921834 0.5676894333446398
1499.9855855414246 747.0 5.0023747941306524 0.5843629334121943
1499.9828462923942 747.0 5.002866814510173 0.6010516333626583
1499.97986898456 747.0 5.003411226891023 0.6177295333473012
1499.9766536261843 747.0 5.0040092900066195 0.634401333401911
1499.97320022246 747.0 5.004662209860685 0.651075933361426
1499.9695087755001 747.0 5.005371141994978 0.6682126333471388
1499.9655792843275 747.0 5.006137193661457 0.68488973332569
1499.9614117448655 747.0 5.006961425902899 0.7015618333825842
1499.9570061499282 747.0 5.0078448555458275 0.7182375333504751
1499.9523624892124 747.0 5.008788457109459 0.7349088334012777
1499.9474807492886 747.0 5.009793164634195 0.7515836333623156
1499.942360913593 747.0 5.01085987343306 0.7682600333355367
1499.9370029624197 747.0 5.01198944176932 0.7849342334084213
1499.9314068729138 747.0 5.013182692463411 0.8016049333382398
1499.925572619064 747.0 5.01444041443214 0.8182792334118858
1499.9195001716957 747.0 5.015763364163024 0.8354908333858475
1499.913189498465 747.0 5.017152267126488 0.8521649333415553
1499.9066405638523 747.0 5.018607819128559 0.8689627334242687
1499.8998533291558 747.0 5.0201306876065415 0.885636733379215
1499.8928277524872 747.0 5.021721512870097 0.9023053334094584
1499.8855637887648 747.0 5.023380909290017 0.9189821333857253
1499.8780613897095 747.0 5.025109466436892 0.9356543333269656
1499.8703205038391 747.0 5.026907750171801 0.9523269333876669
1499.8623410764642 747.0 5.0287763036910205 0.9690017333487049
1499.8541230496828 747.0 5.030715648526718 0.9856813333462924
1499.845666362377 747.0 5.032726285505461 1.0023501333780587
1499.8369709502078 747.0 5.034808695666332 1.0190367334289476
1499.828036745612 747.0 5.0369633411403445 1.035709833377041
1499.8188636777977 747.0 5.039190665992802 1.0529724333900958
1499.8094516727408 747.0 5.04149109703014 1.069646833348088
1499.799800653182 747.0 5.043865044572775 1.0863174333935603
1499.789910538623 747.0 5.046312903195365 1.1029951333766803
1499.7797812453227 747.0 5.048835052435878 1.119675433379598
1499.7694126862955 747.0 5.051431857474768 1.1363984333584085
1499.758804771307 747.0 5.054103669785518 1.1530684333993122
1499.747957406872 747.0 5.056850827757773 1.169746533385478
1499.736870496251 747.0 5.05967365729419 1.1865171333774924
1499.7255439394482 747.0 5.06257247238214 1.2031902333255857
1499.7139776332092 747.0 5.065547575641301 1.219859933364205
1499.7021714710172 747.0 5.068599258848175 1.2365364333381876
1499.6901253430922 747.0 5.071727803438478 1.2532107334118336
1499.6778391363878 747.0 5.074933480988364 1.2833149334182963
1499.6653127345894 747.0 5.078216553675354 1.299983033328317
1499.6525460181122 747.0 5.081577274719823 1.3167706333333626
1499.6395388640985 747.0 5.085015888807887 1.333564433385618
1499.6262911464166 747.0 5.088532632496446 1.3502348334295675
1499.6128027356583 747.0 5.0921277346011555 1.3669096333906054
1499.5990734991374 747.0 5.095801416568029 1.3839127334067598
1499.5851033008878 747.0 5.099553892829377 1.400580833433196
1499.5708920016616 747.0 5.103385371144732 1.4175257333554327
1499.556439458928 747.0 5.107296052927395 1.4341943333856761
1499.541745526871 747.0 5.111286133557203 1.450865333317779
1499.526810056388 747.0 5.115355802680116 1.4675422334112227
1499.511632895089 747.0 5.119505244495156 1.4842165333684534
1499.4962138872938 747.0 5.123734638029243 1.5008844333933666
1499.480552874032 747.0 5.128044157400439 1.51755303342361
1499.4646496930402 747.0 5.132433972070089 1.5453298334032297
1499.448504178762 747.0 5.136904247084308 1.5619999333284795
1499.4321161623457 747.0 5.141455143305294 1.581132133374922
1499.4154854716428 747.0 5.146086817632873 1.5978037334280089
1499.3986119312078 747.0 5.1507994232166885 1.6148656334262341
1499.3814953622964 747.0 5.155593109659444 1.631533733336255
1499.3641355828636 747.0 5.160468023211557 1.6482025333680212
1499.3465324075632 747.0 5.165424306957604 1.664872533408925
1499.328685647747 747.0 5.170462100994882 1.6815441333455965
1499.3105951114628 747.0 5.1755815426044425 1.6982110333628953
1499.2922606034533 747.0 5.18078276641489 1.7148879333399236
1499.2736819251556 747.0 5.186065904559272 1.7325415334198624
1499.2548588746997 747.0 5.191431086825333 1.7495005333330482
1499.2357912469072 747.0 5.196878440799428 1.7661675333511084
1499.2164788332905 747.0 5.202408092004346 1.782836833386682
1499.1969214220514 747.0 5.208020164031314 1.7995102333370596
1499.1771187980805 747.0 5.213714778666424 1.8161877333186567
1499.1570707429557 747.0 5.219492056011706 1.832895833416842
1499.1367770349416 747.0 5.225352114601085 1.8495708333794028
1499.1162374489877 747.0 5.231295071511437 1.8662464333465323
1499.0954517567282 747.0 5.237321042468941 1.8829210334224626
1499.07441972648 747.0 5.243430141950934 1.8995904333423823
1499.0531411232432 747.0 5.249622483283454 1.91625933337491
1499.031615708698 747.0 5.255898178734652 1.932930933427997
1499.009843241205 747.0 5.262257339604251 1.9496085334103554
1498.9878234758048 747.0 5.2687000763092104 1.9669320334214717
1498.9655561642148 747.0 5.275226498465765 1.9843545333715156
1498.9430410548302 747.0 5.281836714967983 2.0010265334276482
1498.920277892722 747.0 5.288530834062998 2.017693733330816
1498.897266419636 747.0 5.295308963423041 2.034365333383903
1498.8740063739924 747.0 5.302171210214425 2.0511124334298074
1498.850497490884 747.0 5.309117681163593 2.0678227334283292
1498.826739502075 747.0 5.316148482620364 2.0844963333802298
1498.8027321360014 747.0 5.3232637206184945 2.1011679334333166
1498.778475117768 747.0 5.330463500933658 2.1178932334296405
1498.7539681691487 747.0 5.337747929138964 2.1345704334089532
1498.729211008585 747.0 5.345117110658113 2.15125343343243
1498.704203351185 747.0 5.352571150816285 2.1682505334028974
1498.6789449087223 747.0 5.3601101548888614 2.1849269333761185
1498.653435389635 747.0 5.36773422814807 2.2016059333691373
1498.6276744990241 747.0 5.3754434759076375 2.218281533336267
1498.6016619386535 747.0 5.383238003565537 2.2349573334213346
1498.5753974069476 747.0 5.391117916644905 2.2516301333671436
1498.5488805989912 747.0 5.399083320833214 2.268303433433175
1498.522111206528 747.0 5.407134322019761 2.284971333341673
1498.4950889179597 747.0 5.4152710263315535 2.3016556333750486
1498.4678134183443 747.0 5.423493540167655 2.3183355333749205
1498.4402843893956 747.0 5.431801970232057 2.335620033321902
1498.412501509482 747.0 5.440196423565132 2.363998733344488
1498.3844644536246 747.0 5.448677007573741 2.3806832333793864
1498.356172893497 747.0 5.457243830060036 2.398146533407271
1498.3276264974236 747.0 5.465896999249022 2.41482073336374
1498.2988249303787 747.0 5.474636623814928 2.4320078333839774
1498.2697678539853 747.0 5.483462812906434 2.4486898333998397
1498.2404549265132 747.0 5.492375676170808 2.4653568334179
1498.210885802879 747.0 5.50137532377699 2.482037433423102
1498.1810601346435 747.0 5.510461866437673 2.4987081333529204
1498.1509775700122 747.0 5.519635415430425 2.515392633387819
1498.1206377538324 747.0 5.528896082617879 2.5320626334287226
1498.0900403275928 747.0 5.5382439804670485 2.5487320333486423
1498.0591849294221 747.0 5.547679222067786 2.5654120333492756
1498.028071194088 747.0 5.5572019211504395 2.5820879333186895
1497.9966987529951 747.0 5.56681219210272 2.5990129333222285
1497.965067234185 747.0 5.576510149985828 2.615691133425571
1497.9331762623333 747.0 5.586295910549863 2.632368433405645
1497.9010254587497 747.0 5.596169590248545 2.649040533346124
1497.868614441376 747.0 5.606131306253284 2.6657136334106326
1497.835942824785 747.0 5.61618117646661 2.6824049333808944
1497.8030102201792 747.0 5.62631931953501 2.6990737334126607
1497.7698162353893 747.0 5.63654585486117 2.7157454333500937
1497.736360474873 747.0 5.646860902615677 2.73241353337653
1497.7026425397135 747.0 5.657264583748174 2.7490880333352834
1497.668662027618 747.0 5.667757019998016 2.7657697333488613
1497.634418532917 747.0 5.678338333904424 2.7824387333821505
1497.599911646562 747.0 5.68900864881618 2.799111633328721
1497.5651409561249 747.0 5.699768088900859 2.815781733370386
1497.530106045796 747.0 5.710616779153637 2.832454233430326
1497.4948064963826 747.0 5.721554845405679 2.8491264333715662
1497.4592418853083 747.0 5.732582414332134 2.8657963334117085
1497.4234117866106 747.0 5.743699613459738 2.8824711333727464
1497.38731577094 747.0 5.754906571174058 2.899139333399944
1497.3509534055584 747.0 5.766203416726383 2.91581193334423
1497.3143242543379 747.0 5.777590280240271 2.932482833391987
1497.277427877759 747.0 5.789067292717778 2.9491546333301812
1497.2402638329092 747.0 5.800634586045373 2.9658221333520487
1497.2028316734816 747.0 5.812292292999548 2.9824897333746776
1497.1651309497731 747.0 5.824040547252155 2.999158333404921
1497.1271612086832 747.0 5.835879483375447 3.0158315333537757
1497.0889219937128 747.0 5.847809236846869 3.0325048334198073
1497.0504128449618 747.0 5.8598299440535895 3.04917513334658
1497.011633299128 747.0 5.871941742296783 3.065849233418703
1496.9725828895064 747.0 5.884144769795683 3.082518733339384
1496.933261145986 747.0 5.896439165691405 3.0991873333696276
1496.8936675950495 747.0 5.908825070050548 3.1158579334151
1496.8538017597712 747.0 5.9213026238685975 3.1325259333243594
1496.8136631598156 747.0 5.933871969073116 3.149193233344704
1496.7732513114363 747.0 5.946533248526742 3.165863333386369
1496.732565727473 747.0 5.959286606030008 3.1825380333466455
1496.6916059173514 747.0 5.972132186323972 3.1992157333297655
1496.650371387081 747.0 5.985070135092677 3.2158985333517194
1496.608861639253 747.0 5.998100598965449 3.2325784333515912
1496.5670761730403 747.0 6.011223725519026 3.249250933411531
1496.5250144841934 747.0 6.024439663279541 3.2659182334318757
1496.4826760650412 747.0 6.037748561724345 3.2825919333845377
1496.4400604044881 747.0 6.051150571283698 3.299274833407253
1496.3971669880123 747.0 6.064645843342313 3.3159423334291205
1496.3539952976644 747.0 6.078234530240764 3.332622333429754
1496.310544812066 747.0 6.0919167852767755 3.3492979333968833
1496.2668150064078 747.0 6.105692762706371 3.365973133360967
1496.222805352448 747.0 6.119562617744917 3.382645633420907
1496.1785153185106 747.0 6.133526506568035 3.3993210333865136
1496.1339443694837 747.0 6.147584586312415 3.415993733331561
1496.089091966818 747.0 6.161737015076505 3.4326677334029227
1496.0439575685243 747.0 6.175983951921105 3.4493471333989874
1495.9985406291737 747.0 6.1903255568698565 3.466014933423139
1495.9528405998935 747.0 6.204761990909627 3.4827792333671823
1495.9068569283677 747.0 6.219293415990805 3.499474733369425
1495.8605890588335 747.0 6.233919995027498 3.5161508333403617
1495.814036432081 747.0 6.24864189189764 3.532827633433044
1495.7671984854503 747.0 6.263459271443011 3.5495108333416283
1495.7200746528313 747.0 6.27837229946917 3.566187533433549
1495.6726643646602 747.0 6.293381142745309 3.582864733412862
1495.6249670479194 747.0 6.308485969004016 3.5995314334286377
1495.5769821261345 747.0 6.323686946940972 3.6162080334033817
1495.5287090193733 747.0 6.338984246214562 3.632875033421442
1495.4801471442443 747.0 6.354378037445412 3.6495417333208025
1495.431295913894 747.0 6.369868492215857 3.6662185334134847
1495.3821547380062 747.0 6.385455783069335 3.682923833373934
1495.3327230227997 747.0 6.401140083509709 3.699858933337964
1495.2830001710267 747.0 6.416921568000527 3.7173358333529904
1495.2329855819714 747.0 6.432800411964206 3.7340079334098846
1495.1826786514475 747.0 6.448776791781164 3.750685033388436
1495.1320787717973 747.0 6.464850884788872 3.7673517334042117
1495.0811853318894 747.0 6.481022869280858 3.7841604333370924
1495.029997717117 747.0 6.497292924505641 3.800833733403124
1494.9785153093972 747.0 6.513661230665605 3.817502733319998
1494.9267374871674 747.0 6.530127968915817 3.83417193335481
1494.874663625385 747.0 6.546693321362787 3.8508488333318383
1494.8222930955253 747.0 6.563357471063165 3.867526833433658
1494.7696252655799 747.0 6.580120602022387 3.8841977333649993
1494.7166595000542 747.0 6.596982899193262 3.9008656333899125
1494.663395159967 747.0 6.613944548474508 3.9175357334315777
1494.6098316028474 747.0 6.63100573670923 3.934213333413936
1494.5559681827344 747.0 6.6481666516833435 3.950942233321257
1494.5018042501738 747.0 6.66542748212395 3.967622833326459
1494.4473391522176 747.0 6.6827884176976555 3.9850914333947003
1494.3925722324218 747.0 6.70024964900884 4.00176773336716
1494.3375028308449 747.0 6.717811367597873 4.018443233333528
1494.2821302840457 747.0 6.735473765939281 4.035232833353803
1494.226453925082 747.0 6.753237037439861 4.051910433336161
1494.1704730835093 747.0 6.77110137643675 4.06858353340067
1494.1141870853778 747.0 6.789066978195434 4.085258633363992
1494.0575952532324 747.0 6.807134038907721 4.101930633420125
1494.0006969061099 747.0 6.825302755689653 4.118610933423042
1493.9434913595371 747.0 6.843573326579375 4.135287833400071
1493.8859779255301 747.0 6.861945950534956 4.151956733432598
1493.828155912592 747.0 6.880420827432156 4.168630333384499
1493.770024625711 747.0 6.898998158062149 4.185306133353151
1493.7115833663593 747.0 6.917678144129198 4.2026964334072545
1493.6528314324914 747.0 6.936460988248278 4.219363433425315
1493.5937681185421 747.0 6.9553468939426555 4.236038833390921
1493.534392715425 747.0 6.974336065641413 4.252713433350436
1493.4747045105305 747.0 6.993428708676935 4.269385133404285
1493.4147027877252 747.0 7.012625029282335 4.286053533433005
1493.3543868273491 747.0 7.031925234588844 4.3028205333976075
1493.2937559062148 747.0 7.0513295326231455 4.31949773337692
1493.2328092976052 747.0 7.0708381323046625 4.336173633346334
1493.1715462712725 747.0 7.0904512434427955 4.353054233361036
1493.1099660934367 747.0 7.110169076734116 4.369796033366583
1493.048068026783 747.0 7.129991843759507 4.387388033326715
1492.9858513304616 747.0 7.149919756981257 4.413623833330348
1492.9233152600848 747.0 7.169953029740103 4.430301133426838
1492.8604590677264 747.0 7.190091876252229 4.447914933320135
1492.7972820019202 747.0 7.210336511606206 4.464589733397588
1492.7337833076574 747.0 7.230687151759896 4.481259133317508
1492.6699622263861 747.0 7.25114401353729 4.497957133338787
1492.6058179960096 747.0 7.271707314625314 4.514632133417763
1492.5413498508844 747.0 7.292377273570566 4.531304933363572
1492.4765570218194 747.0 7.3131541097760175 4.547974633402191
1492.4114387360737 747.0 7.334038043497656 4.564649933367036
1492.3459942173558 747.0 7.355029295841078 4.581895233364776
1492.2802226858219 747.0 7.376128088758034 4.598577233380638
1492.214123358074 747.0 7.397334645042917 4.615245433407836
1492.147695447159 747.0 7.418649188329198 4.631919733365066
1492.0809381625677 747.0 7.440071943085815 4.648597633349709
1492.0138507102317 747.0 7.461603134613507 4.66527403332293
1491.9464322925242 747.0 7.483242989041088 4.682420033379458
1491.8786821082567 747.0 7.504991733321677 4.699090333422646
1491.8105993526792 747.0 7.526849595228868 4.7157599333440885
1491.7421832174775 747.0 7.5488168033528495 4.732531833346002
1491.673432890773 747.0 7.570893587096464 4.749421433429234
1491.6043475571205 747.0 7.593080176671216 4.766094833379611
1491.5349263975077 747.0 7.615376803093224 4.78316563332919
1491.465168589353 747.0 7.637783698179116 4.800275533343665
1491.3950733065049 747.0 7.660301094541866 4.816952133318409
1491.3246397192404 747.0 7.682929225586577 4.83362333336845
1491.2538669942644 747.0 7.705668325506201 4.850300633348525
1491.1827542947074 747.0 7.728518629277211 4.866971633397043
1491.1113007801252 747.0 7.7514803726552035 4.883664233377203
1491.0395056064972 747.0 7.774553792170446 4.900337433326058
1490.9673679262255 747.0 7.797739125123365 4.917014733422548
1490.894886888134 747.0 7.821036609579976 4.9336866333615035
1490.822061637466 747.0 7.84444648436725 4.95035683340393
1490.7488913158854 747.0 7.867968989068418 4.967030333355069
1490.675375061473 747.0 7.891604364018216 4.984249033383094
1490.6015120087272 747.0 7.915352850298066 5.000974633381702
1490.5273012885625 747.0 7.939214689731197 5.017653133370914
1490.452742028308 747.0 7.9631901248776975 5.034325333428569
1490.377833351707 747.0 7.987279399029507 5.050992133328691
1490.3025743789158 747.0 8.011482756205345 5.067661933368072
1490.2269642265026 747.0 8.035800441145568 5.0843424333725125
1490.1510020074468 747.0 8.060232699306969 5.101022433373146
1490.0746868311376 747.0 8.084779776857504 5.11769973335322
1489.9980178033738 747.0 8.109441920670951 5.134373233420774
1489.9209940263625 747.0 8.13421937832151 5.151053733425215
1489.843614598718 747.0 8.159112398078324 5.16772283334285
1489.7658786154616 747.0 8.184121228899933 5.184398233424872
1489.6877851680201 747.0 8.209246120428666 5.201073433388956
1489.609333344226 747.0 8.234487322984958 5.217747033340856
1489.5305222283152 747.0 8.259845087561585 5.234440833330154
1489.4513509009282 747.0 8.28531966581785 5.251115433406085
1489.3718184391075 747.0 8.310911310073678 5.267784333322197
1489.2919239162982 747.0 8.336620273303641 5.284464533324353
1489.211666402347 747.0 8.362446809130919 5.302614333340898
1489.1310449635012 747.0 8.388391171821175 5.319286633399315
1489.0500586624087 747.0 8.41445361627636 5.335955033428036
1488.9687065581172 747.0 8.440634398028442 5.352688233368099
1488.8869877060733 747.0 8.46693377323306 5.380348933394998
1488.8049011581224 747.0 8.493351998663098 5.397630933322944
1488.7224459625081 747.0 8.519889331702176 5.414349933387712
1488.6396211638717 747.0 8.546546030338074 5.431029033381492
1488.5564258032516 747.0 8.573322353156069 5.447702333331108
1488.4728589180834 747.0 8.60021855933219 5.464369633351453
1488.3889195421991 747.0 8.627234908626395 5.48172843339853
1488.304606705827 747.0 8.65437166137567 5.498406633385457
1488.2199194355908 747.0 8.681629078487033 5.515081933350302
1488.1348567545106 747.0 8.70900742143047 5.531761333346367
1488.049417682001 747.0 8.736506952231776 5.5484344334108755
1487.963601233872 747.0 8.764127933465312 5.565109933377244
1487.877406422329 747.0 8.791870628246684 5.581785933347419
1487.7908322559715 747.0 8.819735300225323 5.598457633401267
1487.703877739794 747.0 8.84772221357699 5.615252933348529
1487.616541875186 747.0 8.875831632996181 5.631940833409317
1487.5288236599306 747.0 8.904063823688455 5.648611433338374
1487.440722088206 747.0 8.93241905136266 5.665281133376993
1487.3522361505852 747.0 8.960897582223076 5.681950333411805
1487.2633648340354 747.0 8.989499682961467 5.698628033394925
1487.1741071219187 747.0 9.018225620749034 5.715300933341496
1487.0844619939917 747.0 9.047075663228275 5.732360933325253
1486.9944284264063 747.0 9.076050078504762 5.749559933319688
1486.9040053917097 747.0 9.105149135138811 5.76623463339638
1486.8131918588442 747.0 9.134373102137054 5.782976733404212
1486.721986793148 747.0 9.16372224894393 5.79964603332337
1486.6303891563555 747.0 9.193196845433059 5.8163182333810255
1486.538397906597 747.0 9.222797161898528 5.833146633347496
1486.4460119984 747.0 9.25252346904608 5.849820833420381
1486.353230382689 747.0 9.282376037984191 5.866493933368474
1486.2600520067858 747.0 9.312355140215058 5.8833358333213255
1486.1664758144111 747.0 9.342461047625472 5.900009533390403
1486.072500745684 747.0 9.3726940324776 5.916706633404829
1485.978125737123 747.0 9.403054367399656 5.933377033332363
1485.8833497216465 747.0 9.433542325376463 5.950044633354992
1485.7881716285733 747.0 9.464158179739917 5.966712933382951
1485.692590383624 747.0 9.49490220415934 5.98338193341624
1485.596604908921 747.0 9.525774672631725 6.000063033425249
1485.50021412299 747.0 9.556775859471866 6.016735833371058
1485.40341694076 747.0 9.587906039302391 6.03387733339332
1485.306212273565 747.0 9.61916548704367 6.05055433337111
1485.2085990291446 747.0 9.65055447790362 6.067225833423436
1485.1105761116448 747.0 9.682073287367391 6.08389833336696
1485.0121424216195 747.0 9.713722191186942 6.100567733403295
1484.913296856031 747.0 9.7455014653705 6.117238133330829
1484.8140383082514 747.0 9.777411386171899 6.134480133419856
1484.7143656680644 747.0 9.80945223007981 6.151150033343583
1484.6142778216652 747.0 9.841624273806847 6.1678170333616436
1484.5137736516629 747.0 9.873927794278549 6.184490833431482
1484.4128520370812 747.0 9.906363068622252 6.2011652333894745
1484.31151185336 747.0 9.938930374155833 6.217852733330801
1484.2097519723568 747.0 9.97162998837633 6.234663333394565
1484.107571262348 747.0 10.004462188948445 6.251332433428615
1484.004968588031 747.0 10.037427253692911 6.268317733425647
1483.9019428105246 747.0 10.070525460574746 6.284995133406483
1483.7984927873715 747.0 10.10375708769137 6.30166853335686
1483.6946173725403 747.0 10.1371224132606 6.318340033409186
1483.5903154164262 747.0 10.170621715608508 6.335017433390021
1483.4855857658533 747.0 10.204255273157159 6.351693033357151
1483.3804272640764 747.0 10.238023364412209 6.368373633362353
1483.2748387507831 747.0 10.271926267950375 6.385041233384982
1483.1688190620953 747.0 10.305964262406768 6.401715633342974
1483.0623670305713 747.0 10.340137626462091 6.418396033346653
1482.9554814852079 747.0 10.374446638829706 6.435067133395933
1482.848161251443 747.0 10.408891578242555 6.451742433360778
1482.7404051511564 747.0 10.44347272343995 6.468418533331715
1482.6322120026737 747.0 10.47819035315422 6.4851576334331185
1482.5235806207672 747.0 10.513044746097217 6.501838033320382
1482.4145098166591 747.0 10.548036180946676 6.518510933383368
1482.3049983980234 747.0 10.583164936332446 6.535195033415221
1482.1950451689881 747.0 10.618431290822555 6.565335233346559
1482.0846489301389 747.0 10.653835522909146 6.582009933423251
1481.9738084785204 747.0 10.689377910994262 6.5986813333584
1481.862522607639 747.0 10.725058733375475 6.615900233387947
1481.7507901074664 747.0 10.760878268231377 6.632828333415091
1481.6386097644415 747.0 10.79683679360691 6.649500333354808
1481.5259803614733 747.0 10.832934587398555 6.666180333355442
1481.4129006779444 747.0 10.869171927339352 6.682855433318764
1481.299369489713 747.0 10.905549090983783 6.7006196334259585
1481.1853855691163 747.0 10.942066355692488 6.717300733318552
1481.070947684974 747.0 10.978723998616822 6.733974033384584
1480.956054602591 747.0 11.015522296683265 6.750654433388263
1480.84070508376 747.0 11.05246152657766 6.767322033410892
1480.724897886766 747.0 11.0895419647293 6.784006533329375
1480.6086317663887 747.0 11.126763887294839 6.800677533377893
1480.4919054739062 747.0 11.164127570142059 6.817828333354555
1480.3747177570979 747.0 11.20163328883345 6.834503433317877
1480.257067360249 747.0 11.239281318609644 6.851178933400661
1480.1389530241536 747.0 11.277071934372662 6.867859733407386
1480.0203734861182 747.0 11.31500541066901 6.884873133385554
1479.9013274799652 747.0 11.353082021672586 6.901544833322987
1479.7818137360373 747.0 11.391302041167435 6.918219733401202
1479.6618309812013 747.0 11.429665742530313 6.934893233352341
1479.5413779388514 747.0 11.468173398713086 6.951560733374208
1479.4204533289137 747.0 11.506825282224952 6.968328033341095
1479.2990558678505 747.0 11.545621665114485 6.985001433407888
1479.1771842686637 747.0 11.584562818951493 7.001671133330092
1479.0548372408996 747.0 11.62364901480871 7.018346333410591
1478.932013490653 747.0 11.662880523243288 7.035056033404544
1478.8087117205714 747.0 11.702257614278132 7.051976333372295
1478.68493062986 747.0 11.741780557383017 7.068653333350085
1478.5606689142858 747.0 11.781449621455545 7.085320133366622
1478.4359252661818 747.0 11.821265074801907 7.101988133392297
1478.3106983744526 747.0 11.861227185117452 7.118666533380747
1478.1849869245782 747.0 11.901336219467064 7.135339733329602
1478.0587895986196 747.0 11.941592444265362 7.152631433331408
1477.932105075223 747.0 11.981996125256686 7.169321933411993
1477.8049320296254 747.0 12.0225475274949 7.1861674333922565
1477.6772691336596 747.0 12.063246915323004 7.202839633333497
1477.5491150557584 747.0 12.10409455235253 7.21950753335841
1477.4204684609613 747.0 12.145090701442752 7.24775593332015
1477.2913280109185 747.0 12.186235624679702 7.264909133431502
1477.161692363897 747.0 12.227529583354956 7.281969933421351
1477.031560174786 747.0 12.26897283794425 7.298640433349647
1476.900930095102 747.0 12.31056564808587 7.315312533406541
1476.769800772995 747.0 12.35230827255883 7.331981633324176
1476.638170853254 747.0 12.394200969260861 7.348651433363557
1476.5060389773125 747.0 12.436243995186176 7.365357533330098
1476.3734037832548 747.0 12.478437606403027 7.382088433369063
1476.240263905822 747.0 12.520782058031045 7.39875593339093
1476.1066179764175 747.0 12.563277604218372 7.416139233391732
1475.9724646231134 747.0 12.605924498118574 7.432809033431113
1475.8378024706572 747.0 12.648722991867327 7.449476933339611
1475.7026301404776 747.0 12.6916733365589 7.46614733338356
1475.566946250691 747.0 12.734775782222401 7.483448233339004
1475.430749416108 747.0 12.778030577797816 7.500249833334237
1475.2940382482404 747.0 12.8214379711118 7.516926033422351
1475.1568113553071 747.0 12.864998208853272 7.533594333333895
1475.0190673422412 747.0 12.908711536548754 7.5502619333565235
1474.8808048106973 747.0 12.9525781985375 7.566932733403519
1474.7420223590582 747.0 12.996598437946384 7.583636233350262
1474.6027185824412 747.0 13.040772496664562 7.600311233429238
1474.4628920727066 747.0 13.085100615317893 7.616980633349158
1474.3225414184637 747.0 13.129583033243128 7.633653433411382
1474.181665205079 747.0 13.174219988461859 7.650391533388756
1474.0402620146833 747.0 13.219011717654237 7.667065633344464
1473.898330426179 747.0 13.263958456132434 7.683745333342813
1473.7558690152482 747.0 13.309060437813876 7.70041623339057
1473.61287635436 747.0 13.354317895194228 7.717098433407955
1473.4693510127784 747.0 13.399731059320123 7.734145633410662
1473.3252915565706 747.0 13.445300159761663 7.750825833412819
1473.1806965486146 747.0 13.491025424584652 7.767608133377507
1473.0355645486077 747.0 13.53690708032259 7.784277833416127
1472.8898941130742 747.0 13.582945351948409 7.801080733421259
1472.743683795374 747.0 13.629140462845953 7.818575333338231
1472.5969321457112 747.0 13.67549263478121 7.835533833364025
1472.4496377111427 747.0 13.722002087873271 7.8522056334186345
1472.3017990355866 747.0 13.768669040565053 7.868872933322564
1472.1534146598306 747.0 13.815493709593735 7.885553333326243
1472.0044831215416 747.0 13.862476309960947 7.902253333362751
1471.8550029552744 747.0 13.909617054902693 7.918925233418122
1471.7049726924804 747.0 13.956916155859 7.9355959333479404
1471.5543908615173 747.0 14.004373822443307 7.9637779333861545
1471.403255987658 747.0 14.051990262411582 7.983030533418059
1471.2515665931 747.0 14.099765681631162 7.999781833379529
1471.0993211969758 747.0 14.147700284049327 8.01645163341891
1470.946518315361 747.0 14.195794271661597 8.033628133358434
1470.793156461285 747.0 14.24404784447975 8.050296033383347
1470.639234144741 747.0 14.292461200499561 8.066974033368751
1470.4847498726956 747.0 14.341034535668266 8.08364813332446
1470.3297021490985 747.0 14.389768043851738 8.100329233333468
1470.1740894748932 747.0 14.438661916801383 8.11699703335762
1470.0179103480277 747.0 14.48771634412075 8.133671833318658
1469.861163263464 747.0 14.536931513231854 8.150346433394589
1469.7038467131893 747.0 14.586307609341205 8.167023733374663
1469.5459591862264 747.0 14.635844815405555 8.183697633328848
1469.3874991686444 747.0 14.685543312097348 8.200370733393356
1469.22846514357 747.0 14.735403277769876 8.217039233422838
1469.0688555911981 747.0 14.785424888422138 8.234154533362016
1468.9086689888034 747.0 14.835608317663405 8.251125733368099
1468.747903810751 747.0 14.885953736677484 8.267792433383875
1468.5865585285085 747.0 14.936461314186676 8.284464133321308
1468.4246316106571 747.0 14.987131216415444 8.301141233416274
1468.2621215229035 747.0 15.037963607053758 8.317833733395673
1468.0990267280913 747.0 15.088958647220155 8.334746933425777
1467.9353456862136 747.0 15.140116495424474 8.351573733380064
1467.771076854424 747.0 15.19143730753029 8.368253533379175
1467.6062186870502 747.0 15.24292123671703 8.384928733343259
1467.4407696356043 747.0 15.294568433441793 8.401606333325617
1467.2747281487973 747.0 15.346379045400825 8.418277333374135
1467.1080926725504 747.0 15.39835321749071 8.434951033326797
1466.940861650008 747.0 15.450491091769223 8.463429933413863
1466.7730335215506 747.0 15.502792807415867 8.48102783341892
1466.6046067248078 747.0 15.555258500692094 8.49849663337227
1466.435579694671 747.0 15.6078883049012 8.515165533404797
1466.2659508633076 747.0 15.660682350347889 8.531836133333854
1466.0957186601727 747.0 15.71364076429752 8.548506333376281
1465.9248815120245 747.0 15.766763670935022 8.565179633325897
1465.7534378429368 747.0 15.820051191323481 8.581854533404112
1465.581386074313 747.0 15.873503443362392 8.598531633382663
1465.4087246249003 747.0 15.92712054174558 8.615279233432375
1465.2354519108032 747.0 15.98090259791879 8.631957433419302
1465.0615663454985 747.0 16.034849720036934 8.648626333335415
1464.887066339849 747.0 16.088962012921012 8.665306233335286
1464.7119503021188 747.0 16.143239578014672 8.682127633364871
1464.5362166379869 747.0 16.197682513340464 8.698799933423288
1464.359863750563 747.0 16.25229091345571 8.715475833392702
1464.1828900404016 747.0 16.307064869408066 8.73216683336068
1464.005293905518 747.0 16.362004468690717 8.749703033361584
1463.8270737414032 747.0 16.417109795197238 8.766370833385736
1463.6482279410386 747.0 16.472380929176094 8.783038633409888
1463.4687548949128 747.0 16.5278179471848 8.79971373337321
1463.2886529910365 747.0 16.583420922043736 8.816386533319019
1463.107920614959 747.0 16.639189922789583 8.83306123339571
1462.9265561497837 747.0 16.695125014628438 8.849729233421385
1462.744557976184 747.0 16.75122625888855 8.866401433362626
1462.561924472421 747.0 16.80749371297271 8.883069333387539
1462.3786540143585 747.0 16.863927430310277 8.899745833361521
1462.1947449754807 747.0 16.92052746030885 8.916524233412929
1462.0101957269087 747.0 16.97729384830558 8.934432533336803
1461.8250046374176 747.0 17.034226635518117 8.951112533337437
1461.6391700734537 747.0 17.091325858995177 8.968442333396524
1461.4526903991514 747.0 17.14859155156678 8.985144233331084
1461.2655639763516 747.0 17.2060237417941 9.001815133378841
1461.0777891646185 747.0 17.263622453918945 9.018496133387089
1460.8893643212582 747.0 17.32138770781287 9.03517113334965
1460.7002878013361 747.0 17.379319518925943 9.051882633357309
1460.5105579576957 747.0 17.437417898235104 9.068558933329768
1460.3201731409765 747.0 17.495682852192182 9.08524013333954
1460.129131699633 747.0 17.554114382671532 9.101920233340934
1459.937431979953 747.0 17.612712486917285 9.118598833330907
1459.745072326077 747.0 17.67147715749024 9.135273733409122
1459.5520510800168 747.0 17.730408382214378 9.1519554334227
1459.3583665816752 747.0 17.789506144122985 9.168627533363178
1459.1640171688653 747.0 17.84877042140442 9.185305633349344
1458.96900117733 747.0 17.90820118734749 9.202076933346689
1458.7733169407625 747.0 17.967798410286445 9.218747033388354
1458.5769627908253 747.0 18.0275620535456 9.23559613339603
1458.3799370571714 747.0 18.087492075383583 9.252286233357154
1458.1822380674641 747.0 18.14758842893718 9.26896713336464
1457.9838641473982 747.0 18.207851062164824 9.286449233419262
1457.78481362072 747.0 18.268279917789677 9.303124833386391
1457.5850848092487 747.0 18.32887493324235 9.319835533387959
1457.384676032898 747.0 18.389636040603225 9.336506133433431
1457.183585609697 747.0 18.450563166544406 9.353182433405891
1456.9818118558123 747.0 18.511656232271267 9.369863333413377
1456.7793530855688 747.0 18.572915153463644 9.386541733401828
1456.576207611473 747.0 18.6343398402166 9.403211733326316
1456.372373744234 747.0 18.695930196980857 9.419887733412907
1456.1678497927871 747.0 18.75768612250279 9.436731933383271
1455.962634064316 747.0 18.819607509764072 9.465406433329917
1455.756724864275 747.0 18.881694245920926 9.482077633379959
1455.5501204964128 747.0 18.94394621224297 9.498745033401065
1455.3428192627957 747.0 19.006363284051712 9.515421933378093
1455.1348194638308 747.0 19.06894533065862 9.53209523332771
1454.9261193982902 747.0 19.131692215302845 9.548766133375466
1454.7167173633345 747.0 19.194603795088522 9.565441833343357
1454.5066116545372 747.0 19.25767992092171 9.582108933362179
1454.295800565909 747.0 19.32092043744695 9.598780933418311
1454.0842823899225 747.0 19.38432518298341 9.61545023333747
1453.8720554175366 747.0 19.44789398946068 9.632121233385988
1453.6591179382224 747.0 19.511626682354166 9.64879633334931
1453.445468239988 747.0 19.575523080620094 9.665492733358406
1453.2311046094042 747.0 19.639582996630153 9.682161933393218
1453.0160253316299 747.0 19.703806236105738 9.698837433359586
1452.8002286904389 747.0 19.76819259805182 9.715512833325192
1452.5837129682452 747.0 19.832741874690438 9.732192233321257
1452.3664764461307 747.0 19.897453851393816 9.748865233385004
1452.1485174038708 747.0 19.962328306617085 9.765540433349088
1451.929834119962 747.0 20.027365011830643 9.782207233365625
1451.710424871649 747.0 20.092563731452145 9.79888593335636
1451.4902879349522 747.0 20.157924222778107 9.815641333349049
1451.2694215846961 747.0 20.22344623591514 9.832427033339627
1451.0478240945363 747.0 20.289129513710822 9.849103333428502
1450.8254937369882 747.0 20.35497379168419 9.865774133359082
1450.6024287834557 747.0 20.420978797955872 9.882446133415215
1450.37862750426 747.0 20.48714425317785 9.899128933320753
1450.1540881686687 747.0 20.553469870462862 9.915833233390003
1449.9288090449247 747.0 20.619955355313447 9.93250933336094
1449.7027884002766 747.0 20.686600405550614 9.949178133392707
1449.476024501008 747.0 20.75340471124217 9.965847133425996
1449.2485156124674 747.0 20.820367954630694 9.982518533361144
1449.0202599990998 747.0 20.887489810061155 9.999187733395956
1448.7912559244764 747.0 20.954769943908172 10.015862333355471
1448.5615016513261 747.0 21.02220801450294 10.032532233395614
1448.3309954415665 747.0 21.089803672059805 10.049217133433558
1448.0997355563359 747.0 21.15755655860251 10.065885633346625
1447.8677202560245 747.0 21.225466307890088 10.08255373337306
1447.634947800308 747.0 21.29353254534242 10.099252533400431
1447.4014164481785 747.0 21.361754887965482 10.115938633331098
1447.167124457978 747.0 21.430132944276256 10.132611733395606
1446.9320700874314 747.0 21.498666314227297 10.149285733350553
1446.6962515936805 747.0 21.567354589131014 10.165956533397548
1446.4596672333168 747.0 21.636197351583608 10.182624033419415
1446.222315262416 747.0 21.705194175388712 10.199294033343904
1445.9841939365724 747.0 21.774344625480726 10.215975433355197
1445.7453015109336 747.0 21.84364825784784 10.232746733352542
1445.505636240235 747.0 21.91310461945476 10.249418233404867
1445.2651963788355 747.0 21.98271324816515 10.266096233390272
1445.0239801807538 747.0 22.052473672663773 10.282764733419754
1444.781985899703 747.0 22.12238541237836 10.299856833415106
1444.539211789128 747.0 22.19244797740119 10.316525333328173
1444.295656102242 747.0 22.26266086841041 10.333200733410195
1444.051317092063 747.0 22.333023576591074 10.349886233336292
1443.806193011452 747.0 22.40353558355593 10.36672893341165
1443.5602821131497 747.0 22.47419636126595 10.38340313336812
1443.313582649815 747.0 22.545005371950612 10.400074733421206
1443.0660928740642 747.0 22.615962068027937 10.41674643335864
1442.8178110385086 747.0 22.687065892024286 10.433483933331445
1442.5687353957942 747.0 22.758316276493936 10.450151133351028
1442.318864198641 747.0 22.829712643938436 10.466820933390409
1442.068195699883 747.0 22.901254406725734 10.48361243342515
1441.816728152509 747.0 22.97294096700911 10.500280233332887
1441.5644598097024 747.0 23.04477171664589 10.516955133411102
1441.311388924882 747.0 23.116746037116005 10.533633033395745
1441.057513751745 747.0 23.18886329944032 10.550305733340792
1440.802832544307 747.0 23.261122864098827 10.567097233375534
1440.5473435569452 747.0 23.33352408094863 10.583771433332004
1440.291045044441 747.0 23.406066289141826 10.600451133330353
1440.0339352620224 747.0 23.478748817043172 10.617128633428365
1439.776012465408 747.0 23.551570982147663 10.633800333365798
1439.5172749108506 747.0 23.62453209099796 10.650514033390209
1439.2577208551813 747.0 23.697631439101695 10.66718833334744
1438.9973485558546 747.0 23.77086831084866 10.68385743338149
1438.736156270993 747.0 23.844241979427913 10.700529833324254
1438.4741422594327 747.0 23.91775170674478 10.717508533387445
1438.2113047807698 747.0 23.99139674333778 10.734189233393408
1437.9476420954059 747.0 24.06517632829548 10.750857833423652
1437.6831524645959 747.0 24.13908968917329 10.767525333329104
1437.417834150495 747.0 24.213136041910232 10.784195933374576
1437.151685416206 747.0 24.287314590745655 10.800869933329523
1436.8847045258278 747.0 24.361624528135923 10.817537933355197
1436.616889744504 747.0 24.43606503467112 10.83421263343189
1436.3482393384722 747.0 24.51063527899174 10.850881133344956
1436.0787515751133 747.0 24.585334417705386 10.8675497333752
1435.8084247230015 747.0 24.660161595303542 10.884227933362126
1435.5372570519553 747.0 24.735115944078323 10.900943033397198
1435.2652468330882 747.0 24.810196584039343 10.917679433361627
1434.99239233886 747.0 24.885402622830618 10.934358933358453
1434.7186918431294 747.0 24.96073315564758 10.951030033407733
1434.444143621206 747.0 25.036187265154183 10.980774033349007
1434.1687459499035 747.0 25.111764021400113 10.998126133345068
1433.8924971075933 747.0 25.187462481738155 11.014794733375311
1433.6153953742585 747.0 25.263281690741703 11.031463233404793
1433.3374390315482 747.0 25.33922068012242 11.048139233374968
1433.0586263628334 747.0 25.415278468648104 11.064810633426532
1432.7789556532616 747.0 25.49145406206073 11.081485033384524
1432.4984251898136 747.0 25.56774645299473 11.098151933401823
1432.21703326136 747.0 25.644154620895492 11.114826333359815
1431.9347781587187 747.0 25.72067753193813 11.131493233377114
1431.6516581747123 747.0 25.797314138946497 11.14816203340888
1431.367671604227 747.0 25.874063381312524 11.164841533405706
1431.0828167442712 747.0 25.95092418491584 11.181513033341616
1430.7970918940348 747.0 26.027895462043737 11.198221833328716
1430.5104953549496 747.0 26.104976111311476 11.215308933402412
1430.2230254307506 747.0 26.182165017582975 11.232708433410153
1429.9346804275356 747.0 26.259461051891876 11.249384233378805
1429.6454586538289 747.0 26.33686307136304 11.266054433421232
1429.3553584206425 747.0 26.414369919134465 11.282726133358665
1429.0643780415398 747.0 26.491980424279646 11.29939763341099
1428.7725158326994 747.0 26.569693401730454 11.316068733343855
1428.4797701129783 747.0 26.64750765220049 11.333079633419402
1428.1861392039784 747.0 26.725421962108957 11.349748733337037
1427.891621430111 747.0 26.803435103505112 11.366418733377941
1427.5962151186632 747.0 26.88154583399327 11.383089333423413
1427.2999185998651 747.0 26.959752896658404 11.400127233355306
1427.002730206957 747.0 27.03805501999239 11.416830533416942
1426.7046482762578 747.0 27.116450917820885 11.433498733327724
1426.405671147233 747.0 27.194939289230877 11.450167133356445
1426.1057971625655 747.0 27.273518818498967 11.466834133374505
1425.8050246682249 747.0 27.352188175020345 11.483592133386992
1425.5033520135385 747.0 27.430946013238543 11.500262133427896
1425.200777551263 747.0 27.509790972575974 11.516929933335632
1424.8972996376565 747.0 27.58872167736527 11.533600633381866
1424.5929166325518 747.0 27.66773673678149 11.550268433406018
1424.2876268994298 747.0 27.746834744775168 11.5669801334152
1423.9814288054938 747.0 27.82601428000629 11.583648433326744
1423.6743207217448 747.0 27.90527390577919 11.6003801333718
1423.3663010230573 747.0 27.98461216997841 11.617055533337407
1423.0573680882558 747.0 28.064027605005556 11.633955633384176
1422.7475203001918 747.0 28.143518727717197 11.65063153335359
1422.4367560458227 747.0 28.22308403936379 11.667300133383833
1422.12507371629 747.0 28.30272202552973 11.683998233405873
1421.8124717069986 747.0 28.382431156074496 11.700665933429264
1421.498948417698 747.0 28.462209885074987 11.717341733397916
1421.1845022525629 747.0 28.54205665076903 11.734014733345248
1420.8691316202746 747.0 28.621969875500124 11.750683133373968
1420.5528349341052 747.0 28.701947965663447 11.767359933350235
1420.2356106119998 747.0 28.781989311653156 11.784039633348584
1419.9174570766613 747.0 28.86209228781104 11.800715933321044
1419.5983727556352 747.0 28.942255252376537 11.81738743337337
1419.2783560813962 747.0 29.02247654743815 11.834093633340672
1418.9574054914344 747.0 29.102754498886323 11.85077393334359
1418.6355194283433 747.0 29.183087416367812 11.868209733394906
1418.3126963399077 747.0 29.263473593241567 11.88488353334833
1417.9889346791938 747.0 29.343911306536185 11.901550833368674
1417.6642329046388 747.0 29.424398816908962 11.91825073340442
1417.338589480142 747.0 29.5049343686066 11.93492433335632
1417.0120028751567 747.0 29.585516189427604 11.951606233371422
1416.6844715647833 747.0 29.666142490686383 11.968593133380637
1416.3559940298624 747.0 29.74681146717914 11.985265133320354
1416.0265687570695 747.0 29.827521297151577 12.001934333355166
1415.696194239011 747.0 29.90827014226845 12.018788933404721
1415.3648689743195 747.0 29.989056147585003 12.03546653338708
1415.0325914677521 747.0 30.069877441520376 12.052509333356284
1414.699360230288 747.0 30.150732135832982 12.08206383336801
1414.3651737792275 747.0 30.231618325597907 12.098735933424905
1414.0300306382921 747.0 30.31253408918641 12.116843033349141
1413.6939293377263 747.0 30.393477488247527 12.133513933396898
1413.356868414398 747.0 30.474446567691842 12.150191633380018
1413.0188464119021 747.0 30.555439355677482 12.16686223342549
1412.6798618806652 747.0 30.636453863598373 12.18353443336673
1412.3399133780483 747.0 30.7174880860748 12.200208933325484
1411.9989994684545 747.0 30.79854000094632 12.216877333354205
1411.6571187234347 747.0 30.87960756926711 12.234459933359176
1411.3142697217957 747.0 30.96068873530372 12.25112783338409
1410.9704510497081 747.0 31.041781426535366 12.267798433429562
1410.6256613008175 747.0 31.122883553656774 12.284465133328922
1410.2798990763533 747.0 31.20399301058361 12.301137933391146
1409.933162985242 747.0 31.28510767446058 12.31781523337122
1409.585451644219 747.0 31.36622540567222 12.334495833376423
1409.236763677942 747.0 31.44734404785645 12.351571933366358
1408.8870977191068 747.0 31.528461427920934 12.368511433363892
1408.5364524085624 747.0 31.609575356062297 12.385188133339398
1408.1848263954273 747.0 31.69068362578825 12.401866333326325
1407.8322183372084 747.0 31.77178401394267 12.43117163341958
1407.4786268999187 747.0 31.852874280733726 12.447846233379096
1407.124050758198 747.0 31.933952169765025 12.464514633407816
1406.768488595434 747.0 32.01501540806992 12.481399733340368
1406.4119391038835 747.0 32.09606170614899 12.49807763332501
1406.0544009847954 747.0 32.17708875801069 12.514748933375813
1405.695872948536 747.0 32.25809424121538 12.53142433334142
1405.3363537147127 747.0 32.339075816922616 12.548097833408974
1404.9758420123017 747.0 32.42003112994184 12.564768733340316
1404.614336579774 747.0 32.50095780878656 12.58143603336066
1404.2518361652249 747.0 32.58185346573196 12.598102833377197
1403.888339526502 747.0 32.662715696876134 12.614814733387902
1403.5238454313376 747.0 32.743542082204875 12.631573733408004
1403.158352657479 747.0 32.82433018566014 12.648246733355336
1402.7918599928219 747.0 32.90507755521225 12.664919733419083
1402.4243662355432 747.0 32.985781722935876 12.681589433341287
1402.0558701942373 747.0 33.06644020508977 12.698266233317554
1401.6863706880513 747.0 33.147050502200486 12.714936733362265
1401.3158665468218 747.0 33.22761009914997 12.731611233321019
1400.9443566112138 747.0 33.30811646526716 12.748285333393142
1400.5718397328594 747.0 33.388567054423646 12.764957133331336
1400.1983147744982 747.0 33.468959305133396 12.781636633328162
1399.8237806101188 747.0 33.54929064065668 12.798308533383533
1399.4482361251016 747.0 33.62955846910816 12.814987133373506
1399.0716802163624 747.0 33.7097601835693 12.83165573340375
1398.6941117924962 747.0 33.789893162205026 12.848654533387162
1398.3155297739243 747.0 33.8699547683848 12.865329433348961
1397.9359330930401 747.0 33.94994235080813 12.881996733369306
1397.555320694358 747.0 34.029853243634506 12.8996227333555
1397.1736915346617 747.0 34.10968476661791 12.916796133387834
1396.7910445831546 747.0 34.18943422524589 12.933470733347349
1396.407378821611 747.0 34.26909891088326 12.950141733395867
1396.0226932445285 747.0 34.34867610092051 12.96681033342611
1395.6369868592808 747.0 34.42816305892691 12.983599133323878
1395.2502586862731 747.0 34.507557034808464 13.000441833399236
1394.8625077590964 747.0 34.58685526497061 13.017113433335908
1394.4737331246847 747.0 34.66605497248588 13.034333433373831
1394.0839338434728 747.0 34.745153367266475 13.051006133318879
1393.6931089895538 747.0 34.82414764624179 13.067683833418414
1393.3012576508397 747.0 34.903034993540984 13.084360733395442
1392.908378929222 747.0 34.98181258068064 13.101034333347343
1392.5144719407324 747.0 35.06047756675752 13.117702333373018
1392.1195358157067 747.0 35.1390270986465 13.13437363342382
1391.7235696989478 747.0 35.2174583112037 13.151053933426738
1391.3265727498901 747.0 35.29576832747485 13.167923333356157
1390.928544142766 747.0 35.37395425890901 13.184713333379477
