1499.9998812660383 746.9999949854225 5.0 0.06978349993005395
1499.999525127126 746.9999795749287 5.0 0.3152963333996013
1499.9989316713297 746.9999527718837 5.0 0.34596913342829794
1499.9981009788823 746.9999136761388 5.0 0.362641733372584
1499.9970331229986 746.9998614746967 5.0 0.3793085333891213
1499.9957281706118 746.9997954332803 5.0 0.3959834333509207
1499.9941861830396 746.9997148887177 5.0 0.4126565334154293
1499.9924072165852 746.9996192420646 5.0 0.4293321333825588
1499.9903913230798 746.9995079523917 5.0 0.44606153341010213
1499.9881385503736 746.9993805311744 5.0 0.4627313334494829
1499.9856489427784 746.9992365372251 5.0 0.47942623344715685
1499.9829225414676 746.9990755721155 5.0 0.4961000334005803
1499.9799593848375 746.9988972760434 5.0 0.5133142333943397
1499.976759508834 746.9987013240981 5.0 0.5301446333760396
1499.973322947247 746.9984874228883 5.0 0.5468177334405482
1499.9696497319762 746.998255307496 5.0 0.563486933358945
1499.965739893273 746.9980047387256 5.0 0.5801602334249765
1499.9615934599556 746.9977355006185 5.0 0.5968388334149495
1499.957210459607 746.9974473982093 5.0 0.6136394334025681
1499.9525909187507 746.9971402554983 5.0 0.6303421334596351
1499.9477348630116 746.9968139136209 5.0 0.6470276333857328
1499.9426423172602 746.9964682291942 5.0 0.6636951334076002
1499.9373133057427 746.9961030728227 5.0 0.6803814334562048
1499.9317478521991 746.9957183277501 5.0 0.697050733375363
1499.92594597997 746.9953138886402 5.0 0.7137274333508685
1499.919907712092 746.9948896604772 5.0 0.7303960333811119
1499.9136330713848 746.9944455575708 5.0 0.7470667334273458
1499.9071220805295 746.9939815026594 5.0 0.7641881334129721
1499.9003747621393 746.9934974260985 5.0 0.7808603333542123
1499.8933911388237 746.9929932651291 5.0 0.7975407333578914
1499.886171233246 746.9924689632155 5.0 0.8142591334180906
1499.8787150681746 746.9919244694481 5.0 0.8309269334422424
1499.8710226665316 746.9913597380042 5.0 0.8483983334153891
1499.8630940514336 746.9907747276601 5.0 0.8651789333671331
1499.854929246231 746.9901694013512 5.0 0.8818518334301189
1499.8465282745424 746.9895437257743 5.0 0.8986143333604559
1499.8378911602856 746.9888976710286 5.0 0.9152914334554225
1499.829017927706 746.9882312102911 5.0 0.9324368333909661
1499.8199086014015 746.9875443195243 5.0 0.9491124333580956
1499.8105632063462 746.9868369772107 5.0 0.9659087334293872
1499.8009817679103 746.9861091641144 5.0 0.9825767334550619
1499.7911643118796 746.9853608630652 5.0 0.9992463333765045
1499.781110864471 746.9845920587636 5.0 1.0159978334559128
1499.770821452349 746.9838027376046 5.0 1.0327723333612084
1499.7602961026391 746.9829928875188 5.0 1.0494552333839238
1499.749534842939 746.9821624978285 5.0 1.0661294334568083
1499.7385377013313 746.9813115591187 5.0 1.0828013333957642
1499.727304706392 746.9804400631187 5.0 1.0994719334412366
1499.7158358872007 746.9795480025974 5.0 1.1161485334159806
1499.7041312733477 746.9786353712669 5.0 1.132824333384633
1499.6921908949419 746.9777021636968 5.0 1.1495568334357813
1499.680014782617 746.9767483752355 5.0 1.166233133408241
1499.667602967538 746.9757740019405 5.0 1.1829078333685175
1499.6549554814053 746.9747790405141 5.0 1.1995756333926693
1499.6420723564604 746.9737634882465 5.0 1.2162482334533706
1499.6289536254897 746.9727273429633 5.0 1.2329155333572999
1499.6155993218283 746.9716706029791 5.0 1.2495851333951578
1499.6020094793635 746.970593267055 5.0 1.2662815334042534
1499.5881841325377 746.9694953343605 5.0 1.2831040334422141
1499.574123316351 746.9683768044384 5.0 1.2997954334132373
1499.559827066364 746.9672376771741 5.0 1.3164742334047332
1499.5452954186994 746.9660779527673 5.0 1.3332989334594458
1499.530528410044 746.9648976317064 5.0 1.3504351334413514
1499.5155260776507 746.9636967147458 5.0 1.3884261334314942
1499.5002884593393 746.9624752028847 5.0 1.405098433373496
1499.4848155934983 746.9612330973484 5.0 1.421900033368729
1499.4691075190858 746.9599703995721 5.0 1.4385684333974496
1499.4531642756308 746.9586871111841 5.0 1.455237033427693
1499.436985903233 746.9573832339934 5.0 1.4719086333643645
1499.4205724425651 746.9560587699765 5.0 1.4886118334252387
1499.4039239348715 746.9547137212661 5.0 1.5052834333619103
1499.3870404219704 746.953348090141 5.0 1.5219577334355563
1499.3699219462533 746.9519618790171 5.0 1.5386264333501458
1499.3525685506854 746.9505550904385 5.0 1.5552978334017098
1499.3349802788064 746.9491277270705 5.0 1.5719660334289074
1499.3171571747298 746.9476797916928 5.0 1.588636733358726
1499.2990992831435 746.946211287193 5.0 1.6053256334271282
1499.2808066493099 746.9447222165611 5.0 1.6220458333846182
1499.2622793190656 746.9432125828846 5.0 1.6387253333814442
1499.2435173388214 746.9416823893441 5.0 1.655400033458136
1499.2245207555627 746.9401316392091 5.0 1.6720921334344894
1499.2052896168484 746.9385603358339 5.0 1.6887689334107563
1499.1858239708117 746.936968482655 5.0 1.7054370334371924
1499.166123866159 746.935356083187 5.0 1.722109533380717
1499.1461893521703 746.9337231410212 5.0 1.7387777334079146
1499.1260204786986 746.932069659822 5.0 1.7554509333567694
1499.1056172961698 746.9303956433251 5.0 1.772126033436507
1499.0849798555823 746.9287010953356 5.0 1.7887971333693713
1499.0641082085067 746.9269860197255 5.0 1.8055027334485203
1499.043002407085 746.9252504204331 5.0 1.8223193334415555
1499.0216625040307 746.9234943014607 5.0 1.8389950334094465
1499.0000885526285 746.9217176668732 5.0 1.85566883336287
1498.9782806067335 746.9199205207973 5.0 1.8723375333938748
1498.956238720771 746.9181028674202 5.0 1.8890055334195495
1498.9339629497354 746.9162647109883 5.0 1.90567393344827
1498.9114533491909 746.9144060558069 5.0 1.9223466333933175
1498.88870997527 746.9125269062387 5.0 1.939016133430414
1498.865732884674 746.9106272667033 5.0 1.955687633366324
1498.8425221346708 746.9087071416766 5.0 1.97236193343997
1498.8190777830966 746.90676653569 5.0 1.9890362333972007
1498.7953998883538 746.9048054533303 5.0 2.0057112333597615
1498.7714885094106 746.9028238992381 5.0 2.0223842334235087
1498.747343705801 746.9008218781086 5.0 2.0390578333754092
1498.7229655376245 746.8987993946901 5.0 2.055726533406414
1498.6983540655442 746.8967564537843 5.0 2.072394133429043
1498.6735093507875 746.8946930602458 5.0 2.089061133447103
1498.6484314551453 746.8926092189814 5.0 2.1057338333921507
1498.6231204409708 746.8905049349503 5.0 2.1224011334124953
1498.5975763711797 746.8883802131634 5.0 2.139079033397138
1498.5717993092487 746.8862350586832 5.0 2.1557843333575875
1498.545789319216 746.8840694766235 5.0 2.172454733401537
1498.51954646568 746.8818834721495 5.0 2.189467233372852
1498.493070813798 746.8796770504771 5.0 2.2061358334030956
1498.4663624292875 746.877450216873 5.0 2.2228108333656564
1498.4394213784235 746.8752029766544 5.0 2.2394813334103674
1498.4122477280391 746.872935335189 5.0 2.256158333388157
1498.3848415455245 746.8706472978947 5.0 2.2728969333693385
1498.3572028988265 746.8683388702394 5.0 2.2895721334498376
1498.3293318564474 746.8660100577409 5.0 2.306246633408591
1498.3012284874449 746.8636608659671 5.0 2.3229181334609166
1498.2728928614306 746.8612913005352 5.0 2.3395904334029183
1498.2443250485708 746.8589013671121 5.0 2.3563222334487364
1498.215525119584 746.8564910714144 5.0 2.3729951333953068
1498.186493145742 746.8540604192078 5.0 2.389772133436054
1498.157229198867 746.8516094163074 5.0 2.406445833388716
1498.1277333513337 746.8491380685772 5.0 2.42311653343495
1498.0980056760661 746.8466463819304 5.0 2.4398598334519193
1498.0680462465384 746.8441343623294 5.0 2.456529933377169
1498.037855136773 746.841602015785 5.0 2.4732016334310174
1498.0074324213413 746.8390493483572 5.0 2.4898709333501756
1497.9767781753612 746.8364763661544 5.0 2.506545733427629
1497.9458924744981 746.8338830753338 5.0 2.5232176333665848
1497.914775394963 746.8312694821011 5.0 2.539884833386168
1497.8834270135121 746.8286355927104 5.0 2.556561633362435
1497.8518474074463 746.8259814134642 5.0 2.573237533448264
1497.8200366546098 746.8233069507133 5.0 2.589912333409302
1497.7879948333903 746.8206122108569 5.0 2.6066490333760157
1497.755722022717 746.817897200342 5.0 2.623324033454992
1497.7232183020612 746.815161925664 5.0 2.6399976334068924
1497.6904837514348 746.8124063933661 5.0 2.6566675334470347
1497.6575184513893 746.8096306100397 5.0 2.673354033380747
1497.624322483015 746.8068345823236 5.0 2.6900280334521085
1497.5908959279413 746.8040183169048 5.0 2.706695833359845
1497.5572388683347 746.8011818205179 5.0 2.7233658334007487
1497.5233513868982 746.7983250999449 5.0 2.7400386333465576
1497.489233566871 746.7954481620159 5.0 2.756714533432387
1497.4548854920276 746.792551013608 5.0 2.7733893333934247
1497.4203072466767 746.7896336616459 5.0 2.7900595334358513
1497.38549891566 746.7866961131018 5.0 2.806726633454673
1497.3504605843525 746.783738374995 5.0 2.8235683334060013
1497.3151923386606 746.7807604543921 5.0 2.840245033381507
1497.279694265022 746.7777623584067 5.0 2.8569199334597215
1497.2439664504047 746.7747440941996 5.0 2.8735925334040076
1497.2080089823055 746.7717056689787 5.0 2.890282833366655
1497.1718219487502 746.7686470899987 5.0 2.906953133409843
1497.135405438292 746.7655683645611 5.0 2.9238700333517045
1497.098759540011 746.7624695000143 5.0 2.94054153340403
1497.0618843435132 746.7593505037534 5.0 2.957720333361067
1497.0247799389297 746.7562113832199 5.0 2.9743970334529877
1496.9874464169156 746.7530521459023 5.0 2.991073733428493
1496.9498838686497 746.7498727993352 5.0 3.007748033385724
1496.912092385833 746.7466733510998 5.0 3.0244198334403336
1496.874072060688 746.7434538088237 5.0 3.0410879333503544
1496.8358229859582 746.7402141801805 5.0 3.0577596334042028
1496.7973452549068 746.7369544728903 5.0 3.0744290334405378
1496.7586389613155 746.7336746947191 5.0 3.0910969333490357
1496.7197041994846 746.7303748534791 5.0 3.107763933367096
1496.6805410642314 746.7270549570285 5.0 3.1244310333859175
1496.641149650889 746.7237150132711 5.0 3.1411020334344357
1496.6015300553063 746.7203550301567 5.0 3.1577728333650157
1496.5616823738462 746.716975015681 5.0 3.174458633409813
1496.5216067033853 746.713574977885 5.0 3.1911294334568083
1496.4813031413123 746.7101549248555 5.0 3.207810433348641
1496.440771785528 746.7067148647249 5.0 3.2244777333689854
1496.4000127344439 746.7032548056708 5.0 3.2411453333916143
1496.3590260869805 746.6997747559163 5.0 3.2578165334416553
1496.317811942568 746.6962747237299 5.0 3.274489933392033
1496.2763704011438 746.6927547174248 5.0 3.291165433358401
1496.2347015631526 746.6892147453598 5.0 3.307885133428499
1496.192805529545 746.6856548159385 5.0 3.3245556333567947
1496.1506824017763 746.6820749376096 5.0 3.3412287334213033
1496.1083322818058 746.6784751188665 5.0 3.357896933448501
1496.065755272096 746.6748553682473 5.0 3.374571733409539
1496.022951475612 746.6712156943353 5.0 3.39124293345958
1495.9799209958192 746.6675561057579 5.0 3.4079442333895713
1495.9366639366833 746.6638766111871 5.0 3.424614933435805
1495.8931804026695 746.6601772193397 5.0 3.441287733381614
1495.8494704987409 746.6564579389766 5.0 3.4579691333929077
1495.8055343303577 746.652718778903 5.0 3.474639233434573
1495.7613720034765 746.6489597479684 5.0 3.4967909334227443
1495.716983624549 746.6451808550664 5.0 3.5145124334376305
1495.6723693005208 746.6413821091347 5.0 3.531183833372779
1495.6275291388313 746.6375635191548 5.0 3.547851233393885
1495.5824632474114 746.6337250941522 5.0 3.5645211334340274
1495.5371717346834 746.629866843196 5.0 3.5811951333889738
1495.4916547095597 746.6259887753995 5.0 3.5978707333561033
1495.445912281442 746.6220908999189 5.0 3.614542533410713
1495.3999445602194 746.6181732259545 5.0 3.6322692333487794
1495.3537516562692 746.6142357627497 5.0 3.648937433375977
1495.3073336804537 746.6102785195915 5.0 3.665618233382702
1495.2606907441204 746.6063015058099 5.0 3.682295733364299
1495.2138229591012 746.6023047307784 5.0 3.699013233417645
1495.1667304377104 746.5982882039134 5.0 3.715826633386314
1495.1194132927442 746.5942519346743 5.0 3.732494233408943
1495.0718716374797 746.5901959325633 5.0 3.7491901334142312
1495.0241055856736 746.5861202071258 5.0 3.7658756334567443
1494.9761152515616 746.5820247679494 5.0 3.782549733412452
1494.9279007498567 746.5779096246648 5.0 3.799978233408183
1494.8794621957486 746.5737747869451 5.0 3.816677233437076
1494.8307997049023 746.5696202645058 5.0 3.8333490333752707
1494.7819133934574 746.565446067105 5.0 3.850085533456877
1494.7328033780266 746.5612522045426 5.0 3.8667605334194377
1494.6834697756951 746.5570386866613 5.0 3.88342973345425
1494.6339127040192 746.5528055233453 5.0 3.9000971333589405
1494.584132281025 746.5485527245214 5.0 3.916780733386986
1494.5341286252076 746.5442803001579 5.0 3.9334878333611414
1494.4839018555306 746.5399882602649 5.0 3.9501592334127054
1494.4334520914238 746.5356766148944 5.0 3.96683173335623
1494.3827794527826 746.5313453741402 5.0 3.983506033429876
1494.3318840599675 746.5269945481373 5.0 4.000181033392437
1494.280766033802 746.5226241470623 5.0 4.016855033347383
1494.229425495572 746.5182341811332 5.0 4.033529233420268
1494.1778625670252 746.513824660609 5.0 4.05019773344975
1494.1260773703686 746.5093955957902 5.0 4.067630633362569
1494.0740700282688 746.5049469970184 5.0 4.084303133422509
1494.02184066385 746.5004788746757 5.0 4.100972733460367
1493.9693894006934 746.4959912391855 5.0 4.117651033448055
1493.9167163628356 746.4914841010119 5.0 4.134438133449294
1493.8638216747675 746.4869574706596 5.0 4.151117933448404
1493.8107054614338 746.4824113586739 5.0 4.167791133397259
1493.7573678482313 746.4778457756406 5.0 4.184459033422172
1493.7038089610076 746.473260732186 5.0 4.201135433395393
1493.6500289260603 746.4686562389765 5.0 4.217810433357954
1493.596027870136 746.4640323067188 5.0 4.2344819334102795
1493.5418059204287 746.4593889461598 5.0 4.251153333461843
1493.487363204579 746.4547261680863 5.0 4.267836133367382
1493.4326998506726 746.4500439833249 5.0 4.28450433339458
1493.3778159872397 746.4453424027422 5.0 4.3011791333556175
1493.322711743253 746.4406214372443 5.0 4.318078733398579
1493.2673872481273 746.4358810977772 5.0 4.334756133379415
1493.2118426317181 746.4311213953259 5.0 4.351619133376516
1493.15607802432 746.4263423409154 5.0 4.3682912334334105
1493.1000935566663 746.4215439456096 5.0 4.384957933449186
1493.043889359927 746.4167262205118 5.0 4.40162483335007
1492.9874655657086 746.4118891767644 5.0 4.418823033454828
1492.9308223060516 746.4070328255485 5.0 4.435494233388454
1492.8739597134306 746.4021571780845 5.0 4.452173933386803
1492.8168779207524 746.3972622456314 5.0 4.468844833434559
1492.7595770613548 746.3923480394868 5.0 4.485596033395268
1492.7020572690058 746.3874145709872 5.0 4.502268933458254
1492.644318677902 746.3824618515072 5.0 4.519124833401293
1492.5863614226678 746.3774898924602 5.0 4.535798033350147
1492.5281856383538 746.3724987052975 5.0 4.552467433386482
1492.4697914604355 746.367488301509 5.0 4.569135833415203
1492.4111790248128 746.3624586926221 5.0 4.585806733346544
1492.352348467808 746.3574098902028 5.0 4.6035018333932385
1492.2932999261652 746.3523419058546 5.0 4.620172633440234
1492.2340335370486 746.3472547512188 5.0 4.636841333354823
1492.1745494380416 746.3421484379744 5.0 4.653581633348949
1492.1148477671454 746.337022977838 5.0 4.670351733453572
1492.0549286627777 746.3318783825637 5.0 4.68702103337273
1491.9947922637718 746.3267146639428 5.0 4.70369213342201
1491.9344387093752 746.3215318338039 5.0 4.720359333441593
1491.873868139248 746.3163299040127 5.0 4.7370262334588915
1491.8130806934626 746.3111088864721 5.0 4.753696633386426
1491.7520765125012 746.3058687931217 5.0 4.770376933389343
1491.6908557372558 746.3006096359381 5.0 4.78705163334962
1491.629418509026 746.2953314269346 5.0 4.8037274334346876
1491.5677649695185 746.2900341781608 5.0 4.820402033394203
1491.5058952608451 746.2847179017032 5.0 4.8370725334389135
1491.4438095255223 746.2793826096845 5.0 4.8537551334593445
1491.381507906469 746.2740283142637 5.0 4.870426233392209
1491.3189905470065 746.2686550276359 5.0 4.887097733444534
1491.2562575908562 746.2632627620325 5.0 4.903767633368261
1491.1933091821388 746.2578515297206 5.0 4.920439033419825
1491.130145465373 746.2524213430033 5.0 4.937106433440931
1491.0667665854742 746.2469722142195 5.0 4.953778933384456
1491.0031726877532 746.2415041557434 5.0 4.970890633412637
1490.9393639179152 746.2360171799852 5.0 4.9875678333919495
1490.8753404220581 746.2305112993902 5.0 5.004237133427523
1490.8111023466715 746.224986526439 5.0 5.020904933451675
1490.7466498386354 746.2194428736476 5.0 5.037584833451547
1490.6819830452189 746.2138803535669 5.0 5.054259833414108
1490.6171021140788 746.2082989787829 5.0 5.070926633430645
1490.5520071932585 746.2026987619163 5.0 5.087604533415288
1490.4866984311868 746.1970797156227 5.0 5.10427823336795
1490.4211759766765 746.1914418525926 5.0 5.120951233431697
1490.3554399789227 746.1857851855505 5.0 5.137624433380552
1490.2894905875023 746.1801097272555 5.0 5.15430063335225
1490.2233279523723 746.1744154905014 5.0 5.170981633360498
1490.1569522238683 746.1687024881156 5.0 5.187654033419676
1490.0903635527038 746.1629707329602 5.0 5.204516233410686
1490.0235620899682 746.1572202379307 5.0 5.22119143337477
1489.956547987126 746.1514510159569 5.0 5.237869433360174
1489.8893213960152 746.1456630800022 5.0 5.254594533354975
1489.8218824688465 746.1398564430636 5.0 5.271263433387503
1489.7542313582014 746.1340311181717 5.0 5.28795263345819
1489.6863682170313 746.1281871183905 5.0 5.304627433419228
1489.618293198656 746.1223244568174 5.0 5.321593733387999
1489.550006456762 746.1164431465828 5.0 5.33826423343271
1489.4815081454026 746.1105432008503 5.0 5.354934533359483
1489.412798418995 746.1046246328166 5.0 5.371605033404194
1489.3438774323195 746.0986874557109 5.0 5.388273533433676
1489.2747453405186 746.0927316827955 5.0 5.404946533381008
1489.2054022990953 746.0867573273651 5.0 5.421618933440186
1489.135848463912 746.0807644027473 5.0 5.438288233359344
1489.066083991189 746.0747529223014 5.0 5.454964833450504
1488.9961090375032 746.0687228994196 5.0 5.471634633373469
1488.9259237597869 746.0626743475262 5.0 5.4883052334189415
1488.8555283153262 746.0566072800773 5.0 5.504973433446139
1488.7849228617602 746.050521710561 5.0 5.521645033382811
1488.7141075570792 746.0444176524976 5.0 5.538321033352986
1488.6430825596237 746.0382951194385 5.0 5.555001333355904
1488.5718480280827 746.0321541249673 5.0 5.571732133394107
1488.5004041214927 746.0259946826988 5.0 5.588463233434595
1488.4287509992362 746.019816806279 5.0 5.60546883335337
1488.3568888210405 746.0136205093855 5.0 5.6221391333965585
1488.2848177469764 746.0074058057269 5.0 5.638812733348459
1488.2125379374565 746.0011727090427 5.0 5.655491333454847
1488.1400495532343 745.9949212331037 5.0 5.672169833444059
1488.0673527554027 745.9886513917111 5.0 5.688846533419564
1487.9944477053928 745.9823631986968 5.0 5.705537933390588
1487.921334564972 745.9760566679236 5.0 5.722207933431491
1487.8480134962435 745.9697318132843 5.0 5.738881833385676
1487.7744846616445 745.9633886487023 5.0 5.755550833418965
1487.7007482239446 745.9570271881314 5.0 5.7722223333548754
1487.6268043462453 745.9506474455551 5.0 5.788890533382073
1487.5526531919777 745.944249434987 5.0 5.805563133442774
1487.4782949249018 745.9378331704708 5.0 5.8222375334007666
1487.4037297091047 745.9313986660796 5.0 5.838911933358759
1487.3289577089997 745.9249459359165 5.0 5.855581533396617
1487.253979089325 745.9184749941138 5.0 5.872271933360025
1487.1787940151414 745.9119858548333 5.0 5.888945333426818
1487.1034026518323 745.9054785322662 5.0 5.905612033442594
1487.0278051651014 745.8989530406328 5.0 5.92276793345809
1486.9520017209718 745.8924093941823 5.0 5.9394451334374025
1486.8759924857843 745.8858476071931 5.0 5.956114133354276
1486.7997776261966 745.8792676939722 5.0 5.972792533459142
1486.7233573091812 745.8726696688555 5.0 5.989468333427794
1486.6467317020247 745.866053546207 5.0 6.006137733347714
1486.5699009723262 745.8594193404199 5.0 6.022805433371104
1486.492865287996 745.8527670659151 5.0 6.039486833382398
1486.415624817254 745.8460967371421 5.0 6.056209133355878
1486.3381797286283 745.8394083685785 5.0 6.072879233397543
1486.2605301909548 745.8327019747295 5.0 6.089558933395892
1486.1826763733745 745.8259775701287 5.0 6.106230833451264
1486.1046184453332 745.8192351693369 5.0 6.122912333346903
1486.0263565765792 745.8124747869432 5.0 6.139583433396183
1485.9478909371628 745.8056964375636 5.0 6.156256733345799
1485.8692216974346 745.7989001358418 5.0 6.172924933372997
1485.790349028044 745.7920858964488 5.0 6.189668833394535
1485.711273099938 745.7852537340827 5.0 6.206556033459492
1485.6319940843596 745.7784036634687 5.0 6.223230233415961
1485.552512152847 745.7715356993587 5.0 6.239899433450773
1485.4728274772317 745.7646498565316 5.0 6.256574033410288
1485.3929402296374 745.7577461497931 5.0 6.273246733355336
1485.3128505824784 745.7508245939753 5.0 6.289914733381011
1485.2325587084586 745.7438852039367 5.0 6.306589433457702
1485.1520647805696 745.7369279945622 5.0 6.323257033363916
1485.07136897209 745.729952980763 5.0 6.339931933442131
1484.9904714565837 745.7229601774762 5.0 6.356650133384392
1484.9093724078982 745.7159495996652 5.0 6.373661633348092
1484.828072000164 745.708921262319 5.0 6.390331533388235
1484.7465704077922 745.7018751804522 5.0 6.407354433438741
1484.6648678054744 745.6948113691055 5.0 6.424026733380742
1484.5829643681805 745.6877298433446 5.0 6.440711133414879
1484.500860271157 745.6806306182608 5.0 6.457387133385055
1484.4185556899272 745.6735137089707 5.0 6.474058233434334
1484.3360508002877 745.666379130616 5.0 6.490728233358823
1484.2533457783086 745.6592268983633 5.0 6.507403633440845
1484.1704408003316 745.6520570274042 5.0 6.524081133422442
1484.0873360429684 745.6448695329553 5.0 6.540821633418091
1484.0040316831003 745.6376644302575 5.0 6.557855333434418
1483.9205278978754 745.6304417345764 5.0 6.575102433445863
1483.8368248647084 745.623201461202 5.0 6.591916833422147
1483.7529227612788 745.6159436254487 5.0 6.60859063337557
1483.6688217655294 745.6086682426551 5.0 6.6253292333567515
1483.584522055665 745.6013753281836 5.0 6.642005433444865
1483.5000238101513 745.5940648974208 5.0 6.658681033411995
1483.415327207713 745.5867369657772 5.0 6.675350933452137
1483.3304324273336 745.5793915486865 5.0 6.692027633427642
1483.245339648252 745.5720286616067 5.0 6.708703933400102
1483.1600490499634 745.5646483200189 5.0 6.725386633421294
1483.0745608122163 745.5572505394275 5.0 6.742061233380809
1482.988875115012 745.5498353353602 5.0 6.758734133443795
1482.9029921386025 745.5424027233677 5.0 6.775409633410163
1482.81691206349 745.534952719024 5.0 6.792980733443983
1482.7306350704253 745.5274853379257 5.0 6.8096644333563745
1482.6441613404056 745.5200005956922 5.0 6.826339533436112
1482.557491054674 745.5124985079656 5.0 6.843050333438441
1482.4706243947185 745.5049790904104 5.0 6.859717033454217
1482.383561542269 745.4974423587137 5.0 6.876402833382599
1482.296302679298 745.4898883285846 5.0 6.893081033369526
1482.2088479880174 745.4823170157546 5.0 6.909760033362545
1482.1211976508787 745.4747284359771 5.0 6.9264275333844125
1482.0333518505702 745.4671226050275 5.0 6.9430980334291235
1481.945310770017 745.4594995387029 5.0 6.9597746334038675
1481.8570745923782 745.451859252822 5.0 6.976446433458477
1481.7686435010469 745.4442017632255 5.0 6.993117033387534
1481.680017679648 745.4365270857749 5.0 7.010061133420095
1481.5911973120371 745.4288352363534 5.0 7.026738933403976
1481.5021825822992 745.4211262308654 5.0 7.043405833421275
1481.412973674747 745.4134000852364 5.0 7.060079933376983
1481.3235707739204 745.4056568154126 5.0 7.076757233357057
1481.233974064584 745.3978964373613 5.0 7.0934276334010065
1481.144183731726 745.3901189670704 5.0 7.110107333399355
1481.0541999605578 745.3823244205485 5.0 7.126777833444066
1480.9640229365116 745.3745128138246 5.0 7.143448533373885
1480.8736528452396 745.3666841629481 5.0 7.1601248333463445
1480.7830898726122 745.3588384839886 5.0 7.176799733424559
1480.692334204717 745.3509757930359 5.0 7.193540833424777
1480.6013860278574 745.3430961061997 5.0 7.210210233461112
1480.510245528551 745.3351994396097 5.0 7.226878033368848
1480.4189128935286 745.3272858094153 5.0 7.2435519334394485
1480.3273883097327 745.3193552317857 5.0 7.260251233354211
1480.2356719643158 745.3114077229094 5.0 7.27693303336855
1480.1437640446397 745.3034432989945 5.0 7.293604633421637
1480.0516647382738 745.2954619762681 5.0 7.310276533360593
1479.9593742329932 745.287463770977 5.0 7.326981533435173
1479.866892716779 745.2794486993865 5.0 7.343653033371083
1479.7742203778146 745.2714167777813 5.0 7.360321433399804
1479.6813574044866 745.2633680224645 5.0 7.376995833357796
1479.5883039853818 745.2553024497582 5.0 7.393671633442864
1479.495060309287 745.247220076003 5.0 7.410340633359738
1479.4016265651871 745.239120917558 5.0 7.427009233389981
1479.3080029422636 745.2310049908006 5.0 7.443681733449921
1479.2141896298933 745.2228723121262 5.0 7.460362633457407
1479.120186817648 745.2147228979488 5.0 7.477030533365905
1479.025994695291 745.2065567647002 5.0 7.493703033425845
1478.9316134527783 745.1983739288297 5.0 7.510374533361755
1478.8370432802553 745.1901744068049 5.0 7.5270484334323555
1478.7422843680563 745.1819582151107 5.0 7.543722233385779
1478.6473369067032 745.1737253702497 5.0 7.560399233363569
1478.5522010869038 745.1654758887418 5.0 7.577069433405995
1478.4568770995506 745.1572097871241 5.0 7.593746333383024
1478.36136513572 745.148927081951 5.0 7.610422033350915
1478.26566538667 745.140627789794 5.0 7.62709423340857
1478.1697780438394 745.1323119272415 5.0 7.645313233369961
1478.0737032988466 745.1239795108986 5.0 7.661982133402489
1477.9774413434882 745.1156305573871 5.0 7.678727133432403
1477.8809923697372 745.1072650833456 5.0 7.695467533427291
1477.7843565697422 745.0988831054289 5.0 7.712134833447635
1477.6875341358261 745.0904846403082 5.0 7.728816833347082
1477.5905252604844 745.0820697046712 5.0 7.7454854333773255
1477.4933301363837 745.0736383152213 5.0 7.762401733431034
1477.3959489563615 745.0651904886781 5.0 7.7790740333730355
1477.2983819134236 745.0567262417773 5.0 7.795747833442874
1477.2006292007434 745.0482455912698 5.0 7.812429233454168
1477.1026910116605 745.0397485539229 5.0 7.829101933399215
1477.004567539679 745.0312351465187 5.0 7.845790133345872
1476.9062589784671 745.0227053858551 5.0 7.862463433411904
1476.807765521855 745.0141592887453 5.0 7.87930843338836
1476.7090873638333 745.0055968720175 5.0 7.895979833439924
1476.6102246985529 744.997018152515 5.0 7.913117033429444
1476.5111777203226 744.9884231470963 5.0 7.9297973334323615
1476.4119466236082 744.9798118726345 5.0 7.946473133401014
1476.3125316030312 744.9711843460175 5.0 7.963706533424556
1476.2129328533674 744.9625405841476 5.0 7.980379133368842
1476.1131505695457 744.953880603942 5.0 7.998616833356209
1476.0131849466466 744.9452044223319 5.0 8.01529143343214
1475.913036179901 744.9365120562629 5.0 8.031965233385563
1475.8127044646887 744.9278035226947 5.0 8.048636733437888
1475.712189996538 744.9190788386011 5.0 8.065326333395205
1475.6114929711232 744.9103380209698 5.0 8.082187233376317
1475.5106135842639 744.9015810868021 5.0 8.098919933428988
1475.4095520319236 744.8928080531134 5.0 8.11559153336566
1475.3083085102082 744.8840189369322 5.0 8.132306333398446
1475.2068832153657 744.8752137553008 5.0 8.14897943334654
1475.105276343783 744.8663925252747 5.0 8.16613633336965
1475.0034880919868 744.8575552639226 5.0 8.182810833444819
1474.9015186566407 744.8487019883262 5.0 8.199484333395958
1474.7993682345445 744.8398327155804 5.0 8.216559933382086
1474.697037022633 744.8309474627931 5.0 8.233293733443134
1474.5945252179743 744.8220462470847 5.0 8.249974733451381
1474.491833017769 744.8131290855882 5.0 8.266641933354549
1474.3889606193493 744.8041959954495 5.0 8.28420893335715
1474.285908220176 744.7952469938266 5.0 8.300876533379778
1474.1826760178392 744.78628209789 5.0 8.317580033442937
1474.079264210056 744.7773013248221 5.0 8.334355333354324
1473.9756729946694 744.768304691818 5.0 8.35102963342797
1473.8719025696469 744.7592922160842 5.0 8.368200833443552
1473.7679531330796 744.7502639148393 5.0 8.384872533380985
1473.6638248831805 744.7412198053134 5.0 8.40155053336639
1473.5595180182836 744.7321599047489 5.0 8.418539333390072
1473.4550327368424 744.723084230399 5.0 8.435302133439109
1473.3503692374286 744.7139927995286 5.0 8.451991233392619
1473.2455277187312 744.704885629414 5.0 8.468664633459412
1473.1405083795546 744.6957627373425 5.0 8.485464333440177
1473.035311418818 744.6866241406127 5.0 8.502142433426343
1472.9299370355538 744.677469856534 5.0 8.518818833399564
1472.8243854289065 744.6682999024267 5.0 8.535706833354197
1472.718656798131 744.6591142956219 5.0 8.552375733386725
1472.612751342592 744.6499130534612 5.0 8.569045233423822
1472.5066692617625 744.6406961932969 5.0 8.585745933349244
1472.4004107552223 744.6314637324915 5.0 8.602456633350812
1472.293976022657 744.6222156884181 5.0 8.619161733426154
1472.187365263857 744.6129520784598 5.0 8.635838833404705
1472.0805786787153 744.6036729200097 5.0 8.652518733404577
1471.9736164672274 744.5943782304711 5.0 8.6693832334131
1471.8664788294898 744.585068027257 5.0 8.686130633461289
1471.759165965698 744.5757423277902 5.0 8.70280703343451
1471.6516780761463 744.5664011495031 5.0 8.719696733402088
1471.5440153612258 744.5570445098379 5.0 8.736376133398153
1471.4361780214233 744.5476724262456 5.0 8.753043733420782
1471.3281662573206 744.5382849161873 5.0 8.76971653336659
1471.2199802695927 744.5288819971328 5.0 8.78638553339988
1471.111620259007 744.519463686561 5.0 8.803053733427078
1471.0030864264213 744.5100300019601 5.0 8.819721233448945
1470.8943789727837 744.5005809608268 5.0 8.83648363337852
1470.7854980991303 744.4911165806669 5.0 8.853153033414856
1470.676444006585 744.4816368789948 5.0 8.869821833446622
1470.5672168963572 744.4721418733333 5.0 8.886493633384816
1470.4578169697418 744.4626315812137 5.0 8.903237133403309
1470.348244428117 744.4531060201758 5.0 8.920650333398953
1470.2384994729432 744.4435652077675 5.0 8.937328433385119
1470.1285823057626 744.4340091615447 5.0 8.954002333455719
1470.018493128197 744.4244378990717 5.0 8.97114553337451
1469.908232141947 744.4148514379202 5.0 8.987814333406277
1469.7977995487915 744.4052497956702 5.0 9.005742333363742
1469.6871955505849 744.395632989909 5.0 9.022416033432819
1469.5764203492572 744.3860010382318 5.0 9.039099233457819
1469.4654741468128 744.3763539582412 5.0 9.05577083339449
1469.3543571453283 744.3666917675471 5.0 9.072447933373041
1469.2430695469525 744.3570144837666 5.0 9.089340733364224
1469.1316115539043 744.3473221245243 5.0 9.106010533403605
1469.0199833684721 744.3376147074516 5.0 9.123782533453777
1468.9081851930125 744.3278922501869 5.0 9.140454533393495
1468.7962172299488 744.3181547703754 5.0 9.1571757333586
1468.6840796817698 744.3084022856691 5.0 9.174271033378318
1468.5717727510296 744.2986348137267 5.0 9.19098543340806
1468.4592966403452 744.2888523722135 5.0 9.207659333362244
1468.3466515523958 744.279054978801 5.0 9.224346833419986
1468.2338376899218 744.2692426511672 5.0 9.241017833352089
1468.1208552557232 744.2594154069965 5.0 9.257686033379287
1468.0077044526593 744.249573263979 5.0 9.274361033458263
1467.8943854836464 744.2397162398111 5.0 9.291037933435291
1467.7808985516574 744.229844352195 5.0 9.307710933382623
1467.6672438597207 744.2199576188389 5.0 9.325280333403498
1467.5534216109181 744.2100560574564 5.0 9.341954633360729
1467.4394320083852 744.2001396857671 5.0 9.358623533393256
1467.3252752553087 744.1902085214958 5.0 9.375293933437206
1467.2109515549262 744.1802625823728 5.0 9.391969633405097
1467.0964611105246 744.1703018861338 5.0 9.408641233458184
1466.9818041254396 744.1603264505194 5.0 9.425315833417699
1466.8669808030536 744.1503362932757 5.0 9.441986533347517
1466.7519913467954 744.1403314321535 5.0 9.458691633422859
1466.6368359601386 744.1303118849086 5.0 9.475359633448534
1466.5215148466004 744.1202776693016 5.0 9.492040833458304
1466.406028209741 744.1102288030977 5.0 9.508743633399718
1466.2903762531619 744.1001653040669 5.0 9.525551733444445
1466.174559180505 744.0900871899834 5.0 9.54222433338873
1466.0585771954516 744.079994478626 5.0 9.55889543343801
1465.9424305017212 744.0698871877778 5.0 9.576159333460964
1465.82611930307 744.059765335226 5.0 9.592829933390021
1465.7096438032906 744.0496289387619 5.0 9.61023483343888
1465.59300420621 744.0394780161807 5.0 9.626911033410579
1465.476200715689 744.0293125852819 5.0 9.643580033443868
1465.3592335356211 744.0191326638683 5.0 9.660261933458969
1465.2421028699312 744.0089382697465 5.0 9.676930533372797
1465.1248089225744 743.9987294207269 5.0 9.693646633415483
1465.0073518975353 743.9885061346233 5.0 9.710334733361378
1464.8897319988266 743.9782684292528 5.0 9.727152833365835
1464.7719494304881 743.9680163224359 5.0 9.743833433371037
1464.6540043965856 743.9577498319964 5.0 9.760507033439353
1464.5358971012097 743.9474689757609 5.0 9.777206033351831
1464.4176277484746 743.9371737715593 5.0 9.793890133383684
1464.2991965425176 743.9268642372243 5.0 9.810564333456568
1464.1806036874973 743.9165403905914 5.0 9.827261933358386
1464.061849387593 743.9062022494988 5.0 9.843946533394046
1463.9429338470034 743.8958498317875 5.0 9.860625033383258
1463.8238572699456 743.8854831553007 5.0 9.87741793342866
1463.704619860654 743.8751022378842 5.0 9.894349933369085
1463.5852218233792 743.8647070973863 5.0 9.911018933402374
1463.4656633623872 743.8542977516572 5.0 9.927690233453177
1463.3459446819577 743.8438742185496 5.0 9.944359333370812
1463.2260659863837 743.8334365159178 5.0 9.961139533435926
1463.10602747997 743.8229846616185 5.0 9.978521833429113
1462.9858293670322 743.8125186735101 5.0 9.995188733446412
1462.8654718518965 743.8020385694526 5.0 10.01216823339928
1462.744955138897 743.7915443673079 5.0 10.028853033436462
1462.624279432376 743.7810360849393 5.0 10.045552333351225
1462.5034449366824 743.7705137402115 5.0 10.06225003337022
1462.3824518561707 743.759977350991 5.0 10.078925133449957
1462.2613003952004 743.7494269351452 5.0 10.095963233383372
1462.139990758134 743.7388625105427 5.0 10.112636333447881
1462.0185231493367 743.7282840950536 5.0 10.129326933412813
1461.8968977731754 743.7176917065485 5.0 10.146004633395933
1461.7751148340174 743.7070853628993 5.0 10.162677933461964
1461.6531745362295 743.6964650819784 5.0 10.1799351334339
1461.5310770841766 743.6858308816593 5.0 10.196606333367527
1461.4088226822212 743.6751827798158 5.0 10.213280633441173
1461.2864115347222 743.6645207943227 5.0 10.229951633373275
1461.1638438460338 743.6538449430548 5.0 10.246619233395904
1461.0411198205047 743.6431552438873 5.0 10.263291833456606
1460.9182396624765 743.6324517146961 5.0 10.27996643341612
1460.7952035762835 743.6217343733568 5.0 10.296639533364214
1460.672011766251 743.6110032377454 5.0 10.313591933459975
1460.5486644366947 743.6002583257379 5.0 10.330267533427104
1460.4251617919197 743.5894996552099 5.0 10.346937133348547
1460.3015040362193 743.5787272440374 5.0 10.363606633385643
1460.177691373874 743.5679411100956 5.0 10.381127233384177
1460.0537240091508 743.5571412712595 5.0 10.397803633357398
1459.9296021463017 743.5463277454039 5.0 10.414581833407283
1459.8053259895632 743.5355005504027 5.0 10.431250133435242
1459.6808957431551 743.5246597041295 5.0 10.44792633340694
1459.5563116112796 743.513805224457 5.0 10.46459923335351
1459.4315737981203 743.5029371292571 5.0 10.481272733421065
1459.306682507841 743.4920554364011 5.0 10.497940833447501
1459.181637944585 743.4811601637589 5.0 10.5146170334192
1459.0564403124738 743.4702513291996 5.0 10.531291133374907
1458.9310898156068 743.4593289505913 5.0 10.547961233416572
1458.8055866580598 743.4483930458005 5.0 10.564649633364752
1458.679931043884 743.4374436326926 5.0 10.581611633417197
1458.5541231771049 743.4264807291316 5.0 10.598287033382803
1458.428163261722 743.4155043529801 5.0 10.614956233417615
1458.3020515017074 743.4045145220987 5.0 10.631629533367231
1458.1757881010049 743.3935112543469 5.0 10.64829923340585
1458.0493732635289 743.3824945675821 5.0 10.664966733427718
1457.9228071931636 743.3714644796598 5.0 10.6816432334017
1457.7960900937624 743.3604210084341 5.0 10.698314533452503
1457.6692221691462 743.3493641717564 5.0 10.714987733401358
1457.5422036231032 743.3382939874766 5.0 10.731660033459775
1457.4150346593874 743.327210473442 5.0 10.748333033407107
1457.287715481718 743.316113647498 5.0 10.765016833436675
1457.160246293778 743.3050035274874 5.0 10.781685533351265
1457.0326272992145 743.2938801312507 5.0 10.798362033441663
1456.9048587016362 743.2827434766258 5.0 10.81503883341793
1456.7769407046135 743.2715935814481 5.0 10.83171243336983
1456.6488735116773 743.2604304635503 5.0 10.848380333394744
1456.5206573263179 743.2492541407623 5.0 10.865055333357304
1456.3922923519842 743.2380646309114 5.0 10.881736533367075
1456.263778792083 743.2268619518215 5.0 10.898410233436152
1456.135116849978 743.2156461213141 5.0 10.915091333445162
1456.0063067289886 743.2044171572071 5.0 10.931764033390209
1455.8773486323894 743.1931750773156 5.0 10.948439333355054
1455.748242763409 743.1819198994513 5.0 10.96511433343403
1455.6189893252294 743.1706516414224 5.0 10.981782533461228
1455.4895885209846 743.1593703210341 5.0 10.998456333414651
1455.3600405537604 743.1480759560877 5.0 11.015125133446418
1455.230345626593 743.1367685643813 5.0 11.031795333372429
1455.1005039424679 743.1254481637092 5.0 11.048467133427039
1454.9705157043202 743.1141147718618 5.0 11.065139633370563
1454.8403811150322 743.1027684066258 5.0 11.081823533400893
1454.7101003774335 743.0914090857843 5.0 11.098491133423522
1454.5796736942998 743.0800368271161 5.0 11.115159533452243
1454.449101268352 743.0686516483961 5.0 11.131837233435363
1454.3183833022556 743.057253567395 5.0 11.148512933403254
1454.1875199986196 743.0458426018794 5.0 11.165631133364514
1454.0565115599954 743.0344187696115 5.0 11.182306733448058
1453.9253581888768 743.0229820883493 5.0 11.199012633413076
1453.794060087698 743.0115325758462 5.0 11.215684133348987
1453.6626174588334 743.0000702498513 5.0 11.23235623340588
1453.531030504597 742.988595128109 5.0 11.249031533370726
1453.3992994272412 742.9771072283588 5.0 11.265698233386502
1453.2674244289553 742.9656065683359 5.0 11.282365533406846
1453.135405711866 742.9540931657706 5.0 11.299034433439374
1453.0032434780358 742.942567038388 5.0 11.315708533395082
1452.870937929462 742.9310282039086 5.0 11.332384633366019
1452.7384892680761 742.9194766800475 5.0 11.349053633399308
1452.6058976957434 742.907912484515 5.0 11.365723633440211
1452.4731634142613 742.8963356350162 5.0 11.38239223335404
1452.340286625359 742.8847461492505 5.0 11.399069933453575
1452.207267530697 742.8731440449127 5.0 11.415746033424512
1452.0741063318653 742.8615293396915 5.0 11.432419133372605
1451.9408032303838 742.8499020512704 5.0 11.449096333351918
1451.8073584277004 742.8382621973275 5.0 11.465768433408812
1451.6737721251905 742.8266097955349 5.0 11.482449333416298
1451.5400445241569 742.8149448635593 5.0 11.499121433356777
1451.406175825828 742.8032674190614 5.0 11.515798233449459
1451.2721662313577 742.7915774796962 5.0 11.532516033388674
1451.138015941824 742.7798750631129 5.0 11.549189033452421
1451.003725158229 742.7681601869543 5.0 11.565867833443917
1450.869294081497 742.7564328688576 5.0 11.58253533334937
1450.734722912475 742.7446931264534 5.0 11.599203233374283
1450.600011851931 742.7329409773664 5.0 11.615873333415948
1450.4651611005534 742.721176439215 5.0 11.632556233438663
1450.3301708589504 742.7093995296111 5.0 11.649231133400463
1450.195041327649 742.6976102661603 5.0 11.665905033354647
1450.0597727070945 742.6858086664615 5.0 11.682585433358327
1449.9243651976494 742.6739947481075 5.0 11.699259633431211
1449.7888189995929 742.6621685286839 5.0 11.715932033373974
1449.65313431312 742.6503300257699 5.0 11.732613933389075
1449.517311338341 742.638479256938 5.0 11.749287033453584
1449.3813502752798 742.6266162397537 5.0 11.765969933359884
1449.2452513238748 742.6147409917756 5.0 11.783663933398202
1449.1090146839765 742.6028535305554 5.0 11.800333833438344
1448.9726405553477 742.5909538736377 5.0 11.81700843339786
1448.8361291376623 742.5790420385599 5.0 11.833680533454753
1448.699480630505 742.5671180428524 5.0 11.850355633418076
1448.5626952333698 742.5551819040382 5.0 11.867037533433177
1448.4257731456605 742.5432336396332 5.0 11.883711533388123
1448.2887145666887 742.5312732671455 5.0 11.9003862333484
1448.1515196956736 742.5193008040761 5.0 11.917054533376358
1448.0141887317416 742.5073162679186 5.0 11.933729133452289
1447.8767218739245 742.4953196761585 5.0 11.95040963345673
1447.7391193211602 742.483311046274 5.0 11.967084533418529
1447.601381272291 742.4712903957357 5.0 11.983753533451818
1447.4635079260631 742.459257742006 5.0 12.000423433375545
1447.325499481126 742.4472131025399 5.0 12.01710013335105
1447.1873561360314 742.4351564947842 5.0 12.033767933375202
1447.0490780892333 742.4230879361779 5.0 12.050444033346139
1446.9106655390863 742.4110074441518 5.0 12.067111433367245
1446.7721186838457 742.3989150361286 5.0 12.083782133413479
1446.6334377216665 742.3868107295231 5.0 12.100455333362333
1446.4946228506024 742.3746945417414 5.0 12.11712343338877
1446.3556742686055 742.3625664901817 5.0 12.133791533415206
1446.2165921735257 742.3504265922337 5.0 12.150518833426759
1446.0773767631092 742.3382748652787 5.0 12.167187833460048
1445.9380282349991 742.3261113266893 5.0 12.183855833369307
1445.7985467867336 742.31393599383 5.0 12.200535433366895
1445.6589326157455 742.3017488840562 5.0 12.217210933449678
1445.5191859193621 742.2895500147151 5.0 12.233891733456403
1445.3793068948044 742.2773394031448 5.0 12.250570033444092
1445.2392957391855 742.2651170666746 5.0 12.26723863335792
1445.0991526495113 742.2528830226253 5.0 12.28391393343918
1444.9588778226787 742.2406372883084 5.0 12.300583433359861
1444.8184714554754 742.2283798810267 5.0 12.317261633346789
1444.6779337445794 742.2161108180737 5.0 12.333946733386256
1444.537264886558 742.203830116734 5.0 12.350618233438581
1444.3964650778673 742.1915377942829 5.0 12.3672972334316
1444.2555345148517 742.1792338679867 5.0 12.384061433374882
1444.1144733937429 742.1669183551021 5.0 12.400728233391419
1443.9732819106596 742.1545912728767 5.0 12.417399633442983
1443.8319602616066 742.1422526385486 5.0 12.434071833384223
1443.690508642474 742.1299024693466 5.0 12.450740333413705
1443.5489272490372 742.1175407824898 5.0 12.467505533364601
1443.4072162769558 742.1051675951877 5.0 12.484172233380377
1443.2653759217726 742.0927829246403 5.0 12.500845733447932
1443.1234063789138 742.080386788038 5.0 12.517522433423437
1442.981307843688 742.0679792025612 5.0 12.534202533424832
1442.8390805112854 742.0555601853807 5.0 12.550894833402708
1442.6967245767771 742.0431297536574 5.0 12.567568433354609
1442.554240235115 742.030687924542 5.0 12.58424243342597
1442.4116276811308 742.0182347151757 5.0 12.600920433411375
1442.2688871095354 742.0057701426894 5.0 12.6175999334082
1442.1260187149185 741.9932942242037 5.0 12.63432083337102
1441.9830226917475 741.9808069768297 5.0 12.651437533437274
1441.8398992343673 741.9683084176677 5.0 12.668112333398312
1441.6966485369999 741.955798563808 5.0 12.684925933368504
1441.5532707937432 741.9432774323305 5.0 12.701619833358563
1441.409766198571 741.9307450403049 5.0 12.718425733386539
1441.266134945332 741.9182014047904 5.0 12.735102633363567
1441.122377227749 741.9056465428355 5.0 12.751776533434168
1440.978493239419 741.8930804714785 5.0 12.769380933372304
1440.8344831738125 741.880503207747 5.0 12.786055133445188
1440.690347224272 741.867914768658 5.0 12.802725433371961
1440.5460855840124 741.8553151712177 5.0 12.819404833368026
1440.4016984461202 741.8427044324218 5.0 12.836497833370231
1440.2571860035528 741.8300825692548 5.0 12.853167633409612
1440.1125484491376 741.8174495986908 5.0 12.869842633372173
1439.9677859755723 741.8048055376927 5.0 12.886512033408508
1439.8228987754233 741.7921504032125 5.0 12.90343243337702
1439.677887041126 741.7794842121914 5.0 12.920106633449905
1439.5327509649837 741.7668069815593 5.0 12.93678123340942
1439.3874907391673 741.7541187282351 5.0 12.953489833394997
1439.2421065557146 741.7414194691266 5.0 12.970161533448845
1439.0965986065298 741.7287092211304 5.0 12.986837133415975
1438.9509670833831 741.7159880011317 5.0 13.0041166334413
1438.8052121779099 741.7032558260045 5.0 13.02079643344041
1438.65933408161 741.6905127126113 5.0 13.03747553343419
1438.513332985848 741.6777586778035 5.0 13.054144433350302
1438.3672090818516 741.6649937384207 5.0 13.070814333390445
1438.2209625607122 741.6522179112911 5.0 13.08836133335717
1438.0745936133835 741.6394312132317 5.0 13.10502903338056
1437.9281024306813 741.6266336610473 5.0 13.121696933405474
1437.7814892032827 741.6138252715315 5.0 13.138375933398493
1437.6347541217262 741.6010060614659 5.0 13.155054533388466
1437.4878973764107 741.5881760476205 5.0 13.17172463343013
1437.3409191575947 741.5753352467536 5.0 13.188396633369848
1437.1938196553965 741.5624836756115 5.0 13.205071733449586
1437.046599059793 741.5496213509285 5.0 13.221743733389303
1436.8992575606198 741.5367482894274 5.0 13.238415833446197
1436.7517953475704 741.5238645078184 5.0 13.255085733369924
1436.6042126101952 741.5109700228003 5.0 13.271754033397883
1436.456509537902 741.4980648510593 5.0 13.28842803335283
1436.308686319955 741.4851490092698 5.0 13.305155933368951
1436.160743145474 741.4722225140938 5.0 13.321873333421536
1436.0126802034342 741.4592853821813 5.0 13.33854783338029
1435.8644976826658 741.4463376301699 5.0 13.355218733428046
1435.716195771853 741.4333792746849 5.0 13.371895133401267
1435.5677746595347 741.4204103323392 5.0 13.388565433444455
1435.4192345341023 741.4074308197335 5.0 13.405234633362852
1435.2705755838008 741.3944407534557 5.0 13.421906733419746
1435.121797996727 741.3814401500816 5.0 13.438581433380023
1434.9729019608305 741.3684290261743 5.0 13.455249433405697
1434.8238876639116 741.3554073982843 5.0 13.47192453336902
1434.674755293622 741.3423752829495 5.0 13.488593533402309
1434.5255050374637 741.3293326966951 5.0 13.505387333454564
1434.3761370827892 741.3162796560337 5.0 13.522055933368392
1434.2266516168002 741.303216177465 5.0 13.53872343339026
1434.0770488265475 741.290142277476 5.0 13.555391633417457
1433.9273288989311 741.2770579725409 5.0 13.57206463336479
1433.7774920206987 741.2639632791208 5.0 13.588735633413307
1433.6275383784457 741.2508582136643 5.0 13.605409833369777
1433.477468158615 741.2377427926067 5.0 13.622202633414418
1433.3272815474966 741.2246170323704 5.0 13.638879333389923
1433.1769787312267 741.2114809493646 5.0 13.655551033443771
1433.0265598957872 741.1983345599857 5.0 13.672332033398561
1432.8760252270058 741.1851778806167 5.0 13.689161933376454
1432.7253749105555 741.1720109276278 5.0 13.706033433438279
1432.5746091319534 741.1588337173754 5.0 13.722703333362006
1432.423728076561 741.1456462662032 5.0 13.739371733390726
1432.2727319295839 741.1324485904415 5.0 13.75605383340735
1432.1216208760707 741.1192407064071 5.0 13.772730533382855
1431.970395100913 741.1060226304035 5.0 13.789403733448125
1431.8190547888448 741.0927943787208 5.0 13.806088233366609
1431.6676001244425 741.0795559676357 5.0 13.822758933412842
1431.5160312921237 741.0663074134112 5.0 13.839436833397485
1431.3643484761474 741.0530487322973 5.0 13.856105633429252
1431.2125518606135 741.0397799405298 5.0 13.872777433367446
1431.0606416294622 741.0265010543313 5.0 13.889451033435762
1430.908617966474 741.0132120899107 5.0 13.906121433363296
1430.7564810552683 740.9999130634629 5.0 13.92280143336393
1430.6042310793043 740.9866039911698 5.0 13.939472833415493
1430.45186822188 740.9732848891987 5.0 13.956143433460966
1430.299392666131 740.9599557737038 5.0 13.972816533409059
1430.146804595032 740.946616660825 5.0 13.989486533449963
1429.9941041913944 740.9332675666886 5.0 14.006164633436128
1429.841291637867 740.9199085074071 5.0 14.022835933370516
1429.6883671169358 740.9065394990786 5.0 14.039503333391622
1429.5353308109227 740.8931605577877 5.0 14.056173333432525
1429.3821829019857 740.8797716996048 5.0 14.072841533459723
1429.228923572119 740.8663729405863 5.0 14.089542333385907
1429.075553003151 740.8529642967744 5.0 14.106214033439755
1428.9220713767463 740.8395457841974 5.0 14.122887833393179
1428.768478874403 740.8261174188693 5.0 14.139666933449917
1428.6147756774537 740.81267921679 5.0 14.156334933359176
1428.4609619670648 740.799231193945 5.0 14.173217333387583
1428.307037924236 740.7857733663059 5.0 14.189887333428487
1428.1530037298003 740.7723057498296 5.0 14.206562733394094
1427.998859564423 740.7588283604589 5.0 14.223282133461908
1427.8446056086018 740.7453412141224 5.0 14.240100433351472
1427.6902420426666 740.731844326734 5.0 14.256779233459383
1427.5357690467786 740.7183377141934 5.0 14.273465633392334
1427.3811868009304 740.7048213923856 5.0 14.29030923335813
1427.2264954849454 740.6912953771815 5.0 14.30721083341632
1427.0716952784778 740.6777596844373 5.0 14.32387853343971
1426.9167863610116 740.6642143299945 5.0 14.340591133455746
1426.761768911861 740.6506593296801 5.0 14.357284133438952
1426.6066431101697 740.6370946993068 5.0 14.374405733426102
1426.4514091349101 740.6235204546721 5.0 14.39116313343402
1426.296067164884 740.6099366115592 5.0 14.408065533381887
1426.1406173787216 740.5963431857365 5.0 14.424738533445634
1425.9850599548809 740.5827401929577 5.0 14.441418833448552
1425.8293950716482 740.5691276489615 5.0 14.458087733364664
1425.673622907137 740.5555055694722 5.0 14.474758033407852
1425.5177436392883 740.541873970199 5.0 14.491488733445294
1425.3617574458697 740.5282328668363 5.0 14.508156333351508
1425.2056645044752 740.5145822750636 5.0 14.526534533360973
1425.0494649925256 740.5009222105455 5.0 14.54323793342337
1424.8931590872671 740.4872526889316 5.0 14.559914733399637
1424.7367469657718 740.4735737258566 5.0 14.576593733392656
1424.5802288049367 740.45988533694 5.0 14.593311033444479
1424.4236047814843 740.4461875377866 5.0 14.609996233368292
1424.2668750719615 740.4324803439858 5.0 14.62689143337775
1424.1100398527396 740.4187637711123 5.0 14.643565233447589
1423.953099300014 740.405037834725 5.0 14.660234533366747
1423.7960535898037 740.3913025503684 5.0 14.677049733349122
1423.6389028979513 740.3775579335714 5.0 14.693724633427337
1423.4816474001227 740.3638039998478 5.0 14.710398033377714
1423.3242872718065 740.3500407646961 5.0 14.727279933402315
1423.166822688314 740.3362682435996 5.0 14.74395873339381
1423.0092538247786 740.3224864520264 5.0 14.760625433409587
1422.8515808561563 740.308695405429 5.0 14.777319833403453
1422.6938039572242 740.2948951192449 5.0 14.793991333455779
1422.535923302581 740.2810856088959 5.0 14.811196433380246
1422.3779390666468 740.2672668897886 5.0 14.82787133345846
1422.2198514236625 740.2534389773143 5.0 14.844548033433966
1422.0616605476894 740.2396018868486 5.0 14.861328233382665
1421.9033666126095 740.2257556337518 5.0 14.878134233411402
1421.7449697921247 740.2119002333685 5.0 14.894806533353403
1421.5864702597569 740.1980357010281 5.0 14.911529133445583
1421.4278681888472 740.184162052044 5.0 14.928200933383778
1421.2691637525563 740.1702793017145 5.0 14.944878633366898
1421.1103571238637 740.1563874653219 5.0 14.961548833409324
1420.9514484755678 740.1424865581332 5.0 14.978735633427277
1420.7924379802855 740.1285765953995 5.0 14.99540873337537
1420.633325810452 740.1146575923565 5.0 15.012080333428457
1420.4741121383206 740.1007295642238 5.0 15.028750233352184
1420.3147971359617 740.0867925262057 5.0 15.045423033414409
1420.155380975264 740.0728464934906 5.0 15.062156933359802
1419.9958638279334 740.058891481251 5.0 15.078824133379385
1419.8362458654922 740.0449275046437 5.0 15.095491333398968
1419.6765272592797 740.0309545788099 5.0 15.112164833350107
1419.5167081804523 740.0169727188745 5.0 15.128899133414961
1419.3567887999818 740.002981939947 5.0 15.145575433387421
1419.196769288657 739.9889822571207 5.0 15.1624206333654
1419.0366498170815 739.9749736854733 5.0 15.181871633394621
1418.8764305556756 739.9609562400663 5.0 15.199955633375794
1418.716111674674 739.9469299359453 5.0 15.217112433398142
1418.5556933441271 739.9328947881401 5.0 15.233779133413918
1418.3951757339 739.9188508116642 5.0 15.250451133353636
1418.2345590136724 739.9047980215156 5.0 15.267194333369844
1418.0738433529389 739.8907364326757 5.0 15.28387253335677
1417.9130289210077 739.8766660601102 5.0 15.30060853343457
1417.7521158870015 739.8625869187687 5.0 15.317278333357535
1417.5911044198567 739.8484990235844 5.0 15.333950133412145
1417.4299946883234 739.8344023894748 5.0 15.350617033429444
1417.2687868609648 739.820297031341 5.0 15.367368833394721
1417.1074811061578 739.8061829640682 5.0 15.384038233431056
1416.9460775920916 739.792060202525 5.0 15.40116153343115
1416.7845764867686 739.7779287615642 5.0 15.417832933366299
1416.622977958004 739.7637886560221 5.0 15.434663733351044
1416.461282173425 739.7496399007191 5.0 15.451373033458367
1416.299489300471 739.7354825104591 5.0 15.468102233367972
1416.1375995063931 739.7213165000296 5.0 15.484783833380789
1415.975612958255 739.7071418842022 5.0 15.50146093335934
1415.8135298229313 739.6929586777319 5.0 15.518162833410315
1415.6513502671082 739.6787668953575 5.0 15.534840633394197
1415.4890744572833 739.6645665518014 5.0 15.551739433431067
1415.326702559765 739.6503576617696 5.0 15.56850303336978
1415.1642347406726 739.6361402399518 5.0 15.585170833393931
1415.001671165936 739.6219143010213 5.0 15.601888233446516
1414.8390120012955 739.607679859635 5.0 15.618565833428875
1414.6762574123022 739.5934369304333 5.0 15.635237433365546
1414.5134075643168 739.5791855280401 5.0 15.651910633430816
1414.3504626225101 739.5649256670629 5.0 15.66858173336368
1414.1874227518626 739.5506573620927 5.0 15.68670553341508
1414.0242881171648 739.5363806277041 5.0 15.703547733370215
1413.861058883016 739.5220954784552 5.0 15.720218433416449
1413.6977352138256 739.5078019288873 5.0 15.736890933359973
1413.5343172738112 739.4934999935252 5.0 15.753568133455701
1413.3708052270001 739.4791896868776 5.0 15.7720215334557
1413.2071992372278 739.464871023436 5.0 15.78979173337575
1413.0434994681389 739.4505440176757 5.0 15.806468133348972
1412.8797060831862 739.4362086840553 5.0 15.823558433447033
1412.7158192456309 739.4218650370166 5.0 15.840237433440052
1412.5518391185421 739.4075130909849 5.0 15.856912633404136
1412.3877658647975 739.393152860369 5.0 15.874684933456592
1412.223599647082 739.3787843595608 5.0 15.891369633376598
1412.0593406278886 739.3644076029356 5.0 15.908047733362764
1411.894988969518 739.3500226048518 5.0 15.924717633402906
1411.7305448340778 739.3356293796516 5.0 15.941394133376889
1411.5660083834834 739.3212279416598 5.0 15.95806113339495
1411.401379779457 739.306818305185 5.0 15.974735633353703
1411.236659183528 739.2924004845187 5.0 15.992034933413379
1411.0718467570325 739.2779744939359 5.0 16.00870263343677
1410.9069426611134 739.2635403476946 5.0 16.025435933377594
1410.7419470567202 739.2490980600362 5.0 16.042114633368328
1410.576860104609 739.2346476451851 5.0 16.058785433415323
1410.411681965342 739.2201891173489 5.0 16.07618403341621
1410.2464127992878 739.2057224907186 5.0 16.0928543334594
1410.081052766621 739.191247779468 5.0 16.10969483340159
1409.9156020273222 739.1767649977543 5.0 16.12636913335882
1409.7500607411775 739.1622741597178 5.0 16.143045533448458
1409.5844290677794 739.1477752794816 5.0 16.159725233446807
1409.4187071665253 739.1332683711524 5.0 16.17655033338815
1409.2528951966185 739.1187534488198 5.0 16.19321863341611
1409.0869933170677 739.1042305265563 5.0 16.209885433432646
1408.9210016866866 739.0896996184176 5.0 16.226554933353327
1408.754920464094 739.0751607384426 5.0 16.243226633407176
1408.588749807714 739.060613900653 5.0 16.25993713340722
1408.4224898757755 739.0460591190537 5.0 16.277751533431
1408.256140826312 739.0314964076325 5.0 16.294418233446777
1408.0897028171623 739.0169257803603 5.0 16.31123113341164
1407.9231760059693 739.0023472511912 5.0 16.327899233438075
1407.7565605501804 738.9877608340618 5.0 16.344575533410534
1407.5898566070478 738.973166542892 5.0 16.36125573341269
1407.4230643336275 738.9585643915848 5.0 16.377993333386257
1407.25618388678 738.9439543940259 5.0 16.394674533396028
1407.0892154231701 738.9293365640841 5.0 16.411341333412565
1406.922159099266 738.9147109156111 5.0 16.428066433407366
1406.7550150713407 738.9000774624415 5.0 16.444743833388202
1406.5877834954704 738.8854362183928 5.0 16.46158103342168
1406.4204645275352 738.8707871972656 5.0 16.478451333357953
1406.253058323219 738.8561304128433 5.0 16.49512773344759
1406.0855650380092 738.8414658788921 5.0 16.511800333391875
1405.917984827197 738.8267936091612 5.0 16.528678833390586
1405.7503178458765 738.8121136173827 5.0 16.545345933409408
1405.5825642489453 738.7974259172715 5.0 16.562015333445743
1405.4147241911046 738.7827305225255 5.0 16.578698933357373
1405.2467978268583 738.7680274468253 5.0 16.595368733396754
1405.0787853105137 738.7533167038342 5.0 16.6120427333517
1404.9106867961814 738.7385983071988 5.0 16.628719033440575
1404.7425024377744 738.7238722705481 5.0 16.645472433418036
1404.574232389009 738.7091386074942 5.0 16.662148133385926
1404.4058768034042 738.694397331632 5.0 16.679120333399624
1404.2374358342818 738.679648456539 5.0 16.695790333440527
1404.0689096347664 738.6648919957757 5.0 16.712458133348264
1403.900298357785 738.6501279628853 5.0 16.729128533392213
1403.7316021560673 738.635356371394 5.0 16.74580593337305
1403.5628211821459 738.6205772348104 5.0 16.762474133400247
1403.393955588355 738.6057905666262 5.0 16.779153233394027
1403.225005526832 738.5909963803157 5.0 16.7967777333688
1403.0559711495164 738.576194689336 5.0 16.813447733409703
1402.8868526081496 738.561385507127 5.0 16.83043833344709
1402.717650054276 738.5465688471115 5.0 16.84710623335559
1402.5483636392414 738.5317447226947 5.0 16.863773433375172
1402.3789935141942 738.5169131472649 5.0 16.880983233451843
1402.209539830085 738.5020741341928 5.0 16.897654233383946
1402.040002737666 738.4872276968321 5.0 16.9143264334416
1401.870382387492 738.472373848519 5.0 16.930998633382842
1401.7006789299194 738.4575126025728 5.0 16.94767303345725
1401.5308925151062 738.4426439722951 5.0 16.96435393334832
1401.3610232930127 738.4277679709703 5.0 16.981021433370188
1401.191071413401 738.4128846118657 5.0 16.99793793342542
1401.021037025835 738.3979939082312 5.0 17.014607733348384
1400.8509202796804 738.3830958732993 5.0 17.03127923340071
1400.6807213241043 738.3681905202853 5.0 17.047959833405912
1400.5104403080759 738.3532778623872 5.0 17.06471583340317
1400.340077380366 738.3383579127857 5.0 17.081389833358116
1400.1696326895467 738.3234306846439 5.0 17.098056733375415
1399.999106383992 738.3084961911079 5.0 17.114729133434594
1399.8284986118776 738.2935544453065 5.0 17.131396933458745
1399.6578095211808 738.2786054603511 5.0 17.148068433394656
1399.4870392596797 738.2636492493355 5.0 17.16474123345688
1399.3161879749548 738.2486858253365 5.0 17.181553733418696
1399.1452558143876 738.2337152014134 5.0 17.198221333441325
1398.9742429251612 738.2187373906082 5.0 17.21494613343384
1398.8031494542602 738.2037524059456 5.0 17.23161753336899
1398.6319755484706 738.1887602604329 5.0 17.24829453334678
1398.4607213543795 738.17376096706 5.0 17.26496983342804
1398.2893870183761 738.1587545387996 5.0 17.281641033361666
1398.1179726866503 738.1437409886069 5.0 17.298308433382772
1397.946478505194 738.1287203294197 5.0 17.31497883342672
1397.7749046197996 738.1136925741587 5.0 17.331653833389282
1397.6032511760618 738.098657735727 5.0 17.348360533360392
1397.431518319376 738.0836158270104 5.0 17.365033233421855
1397.2597061949393 738.0685668608774 5.0 17.381724233389832
1397.08781494775 738.0535108501789 5.0 17.398398333461955
1396.915844722608 738.0384478077488 5.0 17.415077333454974
1396.743795664114 738.0233777464033 5.0 17.431755933444947
1396.5716679166703 738.0083006789415 5.0 17.44842833338771
1396.3994616244809 737.993216618145 5.0 17.465095133404247
1396.2271769315505 737.978125576778 5.0 17.48176493344363
1396.0548139816856 737.9630275675872 5.0 17.498440233408473
1395.8823729184937 737.9479226033023 5.0 17.515107133425772
1395.709853885384 737.9328106966353 5.0 17.531776633346453
1395.5372570255672 737.917691860281 5.0 17.548444333369844
1395.3645824820546 737.9025661069167 5.0 17.565112033393234
1395.1918303976597 737.8874334492023 5.0 17.58243823342491
1395.019000914997 737.8722938997805 5.0 17.5991152334027
1394.846094176482 737.8571474712766 5.0 17.61578583344817
1394.6731103243326 737.8419941762983 5.0 17.6324531333521
1394.5000495005675 737.8268340274361 5.0 17.649127133423463
1394.3269118470066 737.8116670372632 5.0 17.665800333372317
1394.153697505272 737.7964932183352 5.0 17.682467233389616
1393.9804066167867 737.7813125831905 5.0 17.6991401334526
1393.8070393227754 737.7661251443501 5.0 17.715809833374806
1393.6335957642643 737.7509309143176 5.0 17.73275273339823
1393.4600760820813 737.7357299055792 5.0 17.74942913337145
1393.2864804168557 737.7205221306039 5.0 17.766096533392556
1393.1128089090184 737.705307601843 5.0 17.78298363345675
1392.939061698802 737.6900863317306 5.0 17.799651433364488
1392.7652389262407 737.6748583326837 5.0 17.816324333427474
1392.5913407311702 737.6596236171015 5.0 17.832996533368714
1392.4173672532283 737.6443821973661 5.0 17.849670333438553
1392.2433186318544 737.6291340858421 5.0 17.86634713341482
1392.0691950062894 737.6138792948769 5.0 17.883020833367482
1391.8949965155764 737.5986178368005 5.0 17.899932033382356
1391.72072329856 737.5833497239253 5.0 17.916607033461332
1391.546375493887 737.5680749685466 5.0 17.933282833429985
1391.3719532400055 737.5527935829424 5.0 17.949962533428334
1391.1974566751664 737.537505579373 5.0 17.96662933344487
1391.0228859374222 737.5222109700818 5.0 17.983297133352607
1390.8482411646273 737.5069097672946 5.0 17.999968933407217
1390.6735224944384 737.4916019832198 5.0 18.016639433451928
1390.4987300643143 737.4762876300485 5.0 18.033308733371086
1390.3238640115155 737.4609667199549 5.0 18.04998293344397
1390.1489244731054 737.445639265095 5.0 18.06665563338902
1389.973911585949 737.4303052776082 5.0 18.08332823344972
1389.7988254867143 737.4149647696164 5.0 18.099999533384107
1389.6236663118711 737.399617753224 5.0 18.116680333390832
1389.4484341976918 737.3842642405182 5.0 18.133349633426405
1389.2731292802512 737.3689042435689 5.0 18.150021833367646
1389.0977516954265 737.3535377744286 5.0 18.16669883346185
1388.9223015788978 737.3381648451325 5.0 18.183392933453433
1388.7467790661474 737.3227854676986 5.0 18.200060433358885
1388.5711842924604 737.3073996541276 5.0 18.21673393342644
1388.3955173929248 737.2920074164027 5.0 18.23400073335506
1388.2197785024314 737.2766087664901 5.0 18.250668933382258
1388.0439677556735 737.2612037163384 5.0 18.26734303345438
1387.8680852871473 737.2457922778791 5.0 18.284010633360595
1387.6921312311524 737.2303744630264 5.0 18.30073023342993
1387.516105721791 737.2149502836771 5.0 18.317399733350612
1387.3400088929686 737.199519751711 5.0 18.334073933423497
1387.1638408783938 737.1840828789905 5.0 18.350742833456025
1386.9876018115783 737.1686396773605 5.0 18.367671133368276
1386.811291825837 737.153190158649 5.0 18.384377433452755
1386.6349110542885 737.1377343346664 5.0 18.401066633407027
1386.4584596298546 737.1222722172064 5.0 18.417742733377963
1386.2819376852606 737.1068038180448 5.0 18.43441493343562
1386.105345353035 737.0913291489405 5.0 18.45109553344082
1385.9286827655108 737.0758482216352 5.0 18.4677676333813
1385.7519500548237 737.0603610478532 5.0 18.48443743342068
1385.5751473529137 737.0448676393019 5.0 18.501112733385526
1385.3982747915245 737.0293680076709 5.0 18.517788333352655
1385.221332502204 737.0138621646332 5.0 18.534461433417164
1385.0443206163036 736.9983501218444 5.0 18.55113553337287
1384.867239264979 736.9828318909427 5.0 18.568023733445443
1384.6900885791902 736.9673074835493 5.0 18.58469233335927
1384.512868689701 736.9517769112682 5.0 18.60136483341921
1384.3355797270801 736.9362401856862 5.0 18.61803823336959
1384.1582218217002 736.9206973183728 5.0 18.63471023342572
1383.9807951037385 736.9051483208806 5.0 18.651381433359347
1383.8032997031767 736.8895932047448 5.0 18.668058533454314
1383.6257357498012 736.8740319814835 5.0 18.68473263341002
1383.4481033732034 736.8584646625978 5.0 18.701405033352785
1383.270402702779 736.8428912595715 5.0 18.718081733444706
1383.0926338677289 736.8273117838712 5.0 18.734748633462004
1382.9147969970588 736.8117262469466 5.0 18.751421633409336
1382.7368922195797 736.7961346602301 5.0 18.768107633455656
1382.5589196639075 736.7805370351371 5.0 18.784774733358063
1382.3808794584638 736.7649333830657 5.0 18.80144233338069
1382.202771731475 736.7493237153972 5.0 18.818294533411972
1382.024596610973 736.7337080434955 5.0 18.834966233349405
1381.8463542247955 736.7180863787077 5.0 18.851633733371273
1381.6680447005858 736.7024587323635 5.0 18.868309833458625
1381.4896681657926 736.686825115776 5.0 18.88511473336257
1381.3112247476708 736.6711855402406 5.0 18.9017906334484
1381.132714573281 736.6555400170362 5.0 18.918461733381264
1380.9541377694895 736.6398885574243 5.0 18.93512903340161
1380.7754944629694 736.6242311726497 5.0 18.9518060333794
1380.5967847801994 736.6085678739399 5.0 18.968478333437815
1380.4180088474648 736.5928986725055 5.0 18.98516293335706
1380.2391667908573 736.5772235795399 5.0 19.00187943340279
1380.060258736275 736.5615426062196 5.0 19.01855553337373
1379.8812848094226 736.5458557637044 5.0 19.03526063344907
1379.7022451358114 736.5301630631366 5.0 19.051927533349954
1379.5231398407598 736.5144645156417 5.0 19.06859983340837
1379.343969049393 736.4987601323285 5.0 19.0852741333656
1379.1647328866434 736.4830499242885 5.0 19.101958133396693
1378.98543147725 736.4673339025964 5.0 19.118637533392757
1378.8060649457593 736.4516120783098 5.0 19.135309733450413
1378.6266334165257 736.4358844624696 5.0 19.151985533419065
1378.4471370137103 736.4201510660997 5.0 19.1686549334554
1378.2675758612822 736.4044119002069 5.0 19.18533123342786
1378.087950083018 736.3886669757812 5.0 19.201998633448966
1377.9082598025022 736.3729163037958 5.0 19.218667133362032
1377.728505143127 736.3571598952069 5.0 19.235340533428825
1377.5486862280927 736.3413977609538 5.0 19.252341133425944
1377.3688031804081 736.3256299119589 5.0 19.269292033393867
1377.1888561228898 736.3098563591279 5.0 19.28598893340677
1377.0088451781628 736.2940771133494 5.0 19.304060133406892
1376.8287704686609 736.2782921854955 5.0 19.32072963344399
1376.6486321166262 736.2625015864211 5.0 19.337404933408834
1376.4684302441096 736.2467053269644 5.0 19.354086233419366
1376.288164972971 736.2309034179468 5.0 19.37081423343625
1376.1078364248788 736.215095870173 5.0 19.387480933452025
1375.927444721311 736.1992826944306 5.0 19.404535733396187
1375.7469899835548 736.1834639014908 5.0 19.42137463344261
1375.5664723327063 736.1676395021077 5.0 19.43809753342066
1375.3858918896713 736.1518095070189 5.0 19.454780933447182
1375.205248775165 736.135973926945 5.0 19.471948133432306
1375.0245431097126 736.12013277259 5.0 19.48862343339715
1374.8437750136488 736.1042860546411 5.0 19.505728533375077
1374.6629446071186 736.0884337837688 5.0 19.522400933434255
1374.4820520100764 736.0725759706268 5.0 19.539069833350368
1374.3010973422874 736.0567126258522 5.0 19.555740933399647
1374.1200807233272 736.0408437600655 5.0 19.572408433421515
1373.9390022725815 736.0249693838703 5.0 19.589126633363776
1373.7578621092468 736.0090895078536 5.0 19.605794933391735
1373.57666035233 735.9932041425857 5.0 19.622505933395587
1373.3953971206492 735.9773132986204 5.0 19.639183033374138
1373.2140725328334 735.9614169864947 5.0 19.65585913346149
1373.0326867073225 735.9455152167291 5.0 19.673805233440362
1372.8512397623676 735.9296079998272 5.0 19.690475733368658
1372.6697318160316 735.9136953462764 5.0 19.70714833342936
1372.4881629861886 735.8977772665473 5.0 19.723820733372122
1372.3065333905245 735.8818537710938 5.0 19.74049663345795
1372.1248431465367 735.8659248703534 5.0 19.75732563342899
1371.9430923715347 735.8499905747469 5.0 19.774048033403233
1371.7612811826402 735.8340508946787 5.0 19.790725233382545
1371.5794096967868 735.8181058405366 5.0 19.807395033421926
1371.3974780307205 735.8021554226918 5.0 19.82406883337535
1371.215486301 735.786199651499 5.0 19.840736933401786
1371.0334346239963 735.7702385372966 5.0 19.857415333390236
1370.8513231158934 735.7542720904061 5.0 19.8740867334418
1370.6691518926878 735.7383003211328 5.0 19.891020733397454
1370.4869210701895 735.7223232397655 5.0 19.907691233442165
1370.3046307640213 735.7063408565766 5.0 19.924358533346094
1370.1222810896197 735.6903531818219 5.0 19.941433033440262
1369.9398721622342 735.6743602257409 5.0 19.95812963345088
1369.7574040969282 735.6583619985565 5.0 19.974850833415985
1369.5748770085788 735.6423585104754 5.0 19.991522833355702
1369.3922910118768 735.6263497716878 5.0 20.008192633395083
1369.2096462213271 735.6103357923674 5.0 20.02486213343218
1369.0269427512492 735.5943165826718 5.0 20.041533133364283
1368.8441807157765 735.5782921527419 5.0 20.05820203339681
1368.661360228857 735.5622625127027 5.0 20.074880533386022
1368.4784814042528 735.5462276726623 5.0 20.09158983337693
1368.2955443555418 735.5301876427129 5.0 20.108258033404127
1368.112549196116 735.5141424329303 5.0 20.12493113335222
1367.929496039183 735.4980920533739 5.0 20.14173323335126
1367.7463849977653 735.4820365140869 5.0 20.158487133448943
1367.5632161847007 735.4659758250962 5.0 20.17516113340389
1367.3799897126426 735.4499099964123 5.0 20.191835833364166
1367.1967056940603 735.4338390380298 5.0 20.208516833372414
1367.0133642412386 735.4177629599267 5.0 20.225305433385074
1366.8299654662787 735.401681772065 5.0 20.241981733357534
1366.6465094810976 735.3855954843904 5.0 20.259079333394766
1366.4629963974287 735.3695041068323 5.0 20.27576223341748
1366.2794263268217 735.3534076493042 5.0 20.292436933377758
1366.0957993806433 735.3373061217033 5.0 20.309199933428317
1365.9121156700762 735.3211995339104 5.0 20.325867933453992
1365.7283753061208 735.3050878957906 5.0 20.342559333425015
1365.5445783995942 735.2889712171925 5.0 20.359234833391383
1365.360725061131 735.2728495079486 5.0 20.37590513343457
1365.1768154011827 735.2567227778757 5.0 20.393087733420543
1364.9928495300187 735.2405910367739 5.0 20.409764333395287
1364.808827557726 735.2244542944278 5.0 20.42643813334871
1364.6247495942096 735.2083125606056 5.0 20.44311613345053
1364.4406157491921 735.1921658450594 5.0 20.45978623337578
1364.256426132215 735.1760141575255 5.0 20.478144233347848
1364.0721808526373 735.159857507724 5.0 20.494872033363208
1363.8878800196374 735.1436959053592 5.0 20.51153993338812
1363.7035237422115 735.1275293601192 5.0 20.528209933429025
1363.5191121291753 735.1113578816761 5.0 20.54488113336265
1363.334645289163 735.0951814796862 5.0 20.56155083340127
1363.1501233306285 735.0790001637897 5.0 20.578296733438037
1362.9655463618446 735.062813943611 5.0 20.59497253340669
1362.7809144909036 735.0466228287584 5.0 20.611649133381434
1362.5962278257175 735.0304268288244 5.0 20.628325633355416
1362.4114864740184 735.0142259533856 5.0 20.64499483339023
1362.226690543358 734.9980202120026 5.0 20.66174763336312
1362.0418401411084 734.9818096142204 5.0 20.678422733442858
1361.8569353744617 734.9655941695679 5.0 20.695100433425978
1361.671976350431 734.9493738875582 5.0 20.711771533358842
1361.4869631758495 734.9331487776885 5.0 20.728452333365567
1361.3018959573717 734.9169188494404 5.0 20.74518163339235
1361.1167748014727 734.9006841122797 5.0 20.761852333438583
1360.9315998144489 734.8844445756562 5.0 20.778527333401144
1360.7463711024182 734.868200249004 5.0 20.79520353337284
1360.5610887713196 734.8519511417414 5.0 20.8118744334206
1360.3757529269142 734.8356972632713 5.0 20.82854223344475
1360.1903636747847 734.8194386229804 5.0 20.845355833414942
1360.004921120336 734.8031752302401 5.0 20.86208683345467
1359.8194253687946 734.7869070944056 5.0 20.878758033388294
1359.63387652521 734.770634224817 5.0 20.895435233367607
1359.4482746944545 734.7543566307983 5.0 20.912104733404703
1359.262619981222 734.738074321658 5.0 20.92877213342581
1359.0769124900303 734.7217873066891 5.0 20.9454478333937
1358.8911523252195 734.7054955951687 5.0 20.96211963344831
1358.7053395909534 734.6891991963586 5.0 20.97879813343752
1358.519474391219 734.6728981195047 5.0 20.995469933375716
1358.333556829827 734.6565923738375 5.0 21.012138233403675
1358.147587010412 734.6402819685719 5.0 21.028809733456
1357.961565036432 734.6239669129072 5.0 21.04586993344128
1357.7754910111692 734.6076472160273 5.0 21.062569933361374
1357.5893650377307 734.5913228871005 5.0 21.079246733454056
1357.4031872190474 734.5749939352796 5.0 21.096323833451606
1357.216957657875 734.5586603697019 5.0 21.1130484334426
1357.030676456794 734.5423221994891 5.0 21.12972753343638
1356.84434371821 734.5259794337478 5.0 21.146418933407404
1356.6579595443536 734.5096320815687 5.0 21.16309373336844
1356.4715240372811 734.4932801520275 5.0 21.17976533342153
1356.285037298874 734.4769236541842 5.0 21.196473033400252
1356.0984994308392 734.4605625970836 5.0 21.21314853336662
1355.9119105347102 734.4441969897549 5.0 21.22983163339086
1355.725270711846 734.4278268412121 5.0 21.246851933421567
1355.538580063432 734.4114521604538 5.0 21.263523433357477
1355.3518386904802 734.3950729564633 5.0 21.28020103345625
1355.165046693829 734.3786892382086 5.0 21.296868633362465
1354.9782041741437 734.3623010146423 5.0 21.313535633380525
1354.7913112319163 734.3459082947018 5.0 21.33021103334613
1354.6043679674663 734.329511087309 5.0 21.346885333419777
1354.4173744809405 734.313109401371 5.0 21.363585233455524
1354.2303308723128 734.2967032457792 5.0 21.381011633435264
1354.0432372413852 734.2802926294102 5.0 21.397696733358316
1353.8560936877875 734.2638775611249 5.0 21.41436683339998
1353.6689003109775 734.2474580497694 5.0 21.431038333452307
1353.4816572102413 734.2310341041745 5.0 21.447794133448042
1353.2943644846937 734.2146057331557 5.0 21.464475933345966
1353.1070222332773 734.1981729455136 5.0 21.481144333374687
1352.9196305547644 734.1817357500337 5.0 21.49850553344004
1352.7321895477558 734.165294155486 5.0 21.515179633395746
1352.5446993106816 734.1488481706257 5.0 21.5318611334078
1352.3571599418012 734.1323978041928 5.0 21.548532033455558
1352.1695715392038 734.1159430649125 5.0 21.565351133351214
1351.981934200808 734.0994839614946 5.0 21.58206073346082
1351.7942480243623 734.083020502634 5.0 21.598730633384548
1351.6065131074458 734.0665526970106 5.0 21.61539783340413
1351.4187295474674 734.0500805532894 5.0 21.632083933451213
1351.2308974416665 734.0336040801202 5.0 21.648757833405398
1351.0430168871133 734.017123286138 5.0 21.66542763344478
1350.855087980709 734.0006381799627 5.0 21.682099433382973
1350.6671108191856 733.9841487701995 5.0 21.698771233437583
1350.4790854991065 733.9676550654383 5.0 21.71545293345116
1350.2910121168666 733.9511570742545 5.0 21.732125933398493
1350.102890768692 733.9346548052084 5.0 21.74880423338618
1349.9147215506412 733.9181482668456 5.0 21.765473533421755
1349.7265045586041 733.9016374676966 5.0 21.782143233460374
