1499.9993218786035 746.9998220155037 30.0 0.07754880003631115
1499.9972998326284 746.9992765460004 30.0 0.2976947334827855
1499.9939509958717 746.998333576559 30.0 0.32394603348802775
1499.989290849044 746.9969660270478 30.0 0.3406174334231764
1499.9833333820618 746.9951494666213 30.0 0.3572901334846392
1499.9760912405432 746.992861856053 30.0 0.3739654334494844
1499.9675758580406 746.9900833151946 30.0 0.39063293347135186
1499.9577975754016 746.9867959131142 30.0 0.40730113338213414
1499.9467657485052 746.9829834786966 30.0 0.4239779334748164
1499.934488845507 746.9786314297146 30.0 0.440646433387883
1499.920974534615 746.9737266185665 30.0 0.4573205334600061
1499.9062297633138 746.9682571930564 30.0 0.47399753343779594
1499.8902608298731 746.9622124707496 30.0 0.49081763345748186
1499.8730734478881 746.9555828255794 30.0 0.507492933422327
1499.8546728045337 746.9483595855114 30.0 0.5241597334388644
1499.8350636131393 746.9405349401864 30.0 0.5409025334520265
1499.8142501606426 746.9321018575694 30.0 0.5575746333925053
1499.7922363504172 746.9230540087267 30.0 0.5742473334539682
1499.7690257409247 746.9133856999384 30.0 0.5909228334203362
1499.7446215805996 746.9030918114314 30.0 0.6075955334817991
1499.7190268393322 746.8921677420868 30.0 0.6242686334298924
1499.6922442368816 746.8806093595405 30.0 0.6410000334726647
1499.6642762685171 746.8684129551491 30.0 0.6577794334152713
1499.6351252281584 746.8555752033496 30.0 0.6745021333917975
1499.6047932292577 746.8420931249813 30.0 0.6911720334319398
1499.5732822236448 746.8279640541856 30.0 0.7078488334082067
1499.5405940185321 746.8131856085346 30.0 0.7245217334711924
1499.506730291859 746.7977556620727 30.0 0.741196233429946
1499.4716926061387 746.7816723209884 30.0 0.7578691334929317
1499.435482420952 746.7649339016581 30.0 0.7745386334136128
1499.3981011042204 746.7475389108325 30.0 0.791210733470507
1499.359549942377 746.7294860277551 30.0 0.8083436334272847
1499.319830149544 746.7107740880247 30.0 0.8252552334452048
1499.2789428758106 746.6914020690322 30.0 0.8423834334826097
1499.236889214703 746.6713690768177 30.0 0.8590519333956763
1499.193670209922 746.6506743342094 30.0 0.8757267334731296
1499.1492868614198 746.6293171701193 30.0 0.8923946333816275
1499.1037401308831 746.6072970098824 30.0 0.9090622334042564
1499.0570309466773 746.5846133665382 30.0 0.9262435333803296
1499.009160208305 746.5612658329625 30.0 0.9429162334417924
1498.9601287904284 746.5372540747653 30.0 0.9595869334880263
1498.9099375464937 746.5125778238819 30.0 0.9762567334109917
1498.8585873120012 746.4872368727877 30.0 0.9929251334397122
1498.806078907452 746.4612310692771 30.0 1.009592033457011
1498.7524131410046 746.4345603117509 30.0 1.026264633401297
1498.6975908108682 746.4072245449624 30.0 1.042932033422403
1498.6416127074604 746.3792237561775 30.0 1.0595997334457934
1498.5844796153508 746.3505579717082 30.0 1.0762692334828898
1498.5261923150113 746.3212272537843 30.0 1.0929451334523037
1498.4667515843921 746.2912316977273 30.0 1.1096210334217176
1498.4061582003415 746.2605714294007 30.0 1.1266385334311053
1498.3444129398824 746.2292466029061 30.0 1.1433134333929047
1498.2815165813627 746.1972573985041 30.0 1.1599894334794953
1498.2174699054872 746.164604020736 30.0 1.1772141334367916
1498.152273696248 746.1312866967272 30.0 1.193884733482264
1498.0859287417586 746.0973056746552 30.0 1.2105610334547237
1498.0184358350043 746.0626612223648 30.0 1.2272896334761754
1497.949795774515 746.0273536261174 30.0 1.2439729333855212
1497.8800093649684 745.9913831894605 30.0 1.2606400334043428
1497.8090774177315 745.954750232206 30.0 1.2773116334574297
1497.7370007513448 745.9174550895058 30.0 1.2939791334792972
1497.6637801919555 745.8794981110163 30.0 1.310654133441858
1497.5894165737054 745.8408796601433 30.0 1.3273234334774315
1497.5139107390753 745.8016001133569 30.0 1.343997033429332
1497.4372635391942 745.7616598595732 30.0 1.3712599334539846
1497.359475834112 745.7210592995934 30.0 1.387933733407408
1497.2805484930436 745.6797988455959 30.0 1.4046030334429815
1497.200482394584 745.6378789206755 30.0 1.4213442334439605
1497.1192784268985 745.5952999584265 30.0 1.438016933389008
1497.0369374878906 745.5520624025635 30.0 1.454687233432196
1496.9534604853488 745.5081667065774 30.0 1.4713607333833352
1496.8688483370759 745.4636133334228 30.0 1.4880307334242389
1496.7831019709997 745.4184027552336 30.0 1.5047003334620968
1496.6962223252713 745.3725354530645 30.0 1.5213773334398866
1496.6082103483466 745.3260119166549 30.0 1.5380451334640384
1496.5190669990575 745.278832644214 30.0 1.5547169334022328
1496.4287932466714 745.2309981422245 30.0 1.5713920334819704
1496.3373900709396 745.1825089252628 30.0 1.588061833404936
1496.244858462138 745.133365515835 30.0 1.6050417334772646
1496.1511994210978 745.0835684442255 30.0 1.6227435334585607
1496.0564139592304 745.0331182483595 30.0 1.6395933334715664
1495.960503098544 744.9820154736746 30.0 1.6562617333838716
1495.863467871654 744.9302606730038 30.0 1.672938133473508
1495.765309321789 744.8778544064671 30.0 1.689614933449775
1495.6660285027904 744.824797241371 30.0 1.7062867333879694
1495.5656264791076 744.7710897521152 30.0 1.7231516333995387
1495.4641043257895 744.7167325201062 30.0 1.739825133467093
1495.3614631284718 744.6617261336762 30.0 1.7564942333847284
1495.2577039833598 744.6060711880076 30.0 1.7731667334446684
1495.1528279972097 744.5497682850626 30.0 1.7898350334726274
1495.0468362873064 744.4928180335161 30.0 1.806511333445087
1494.9397299814375 744.4352210486933 30.0 1.823186133406125
1494.8315102178665 744.3769779525102 30.0 1.8398637333884835
1494.7221781453022 744.3180893734174 30.0 1.856539033469744
1494.6117349228675 744.2585559463464 30.0 1.8732134334277362
1494.5001817200655 744.198378312659 30.0 1.8898903334047645
1494.3875197167436 744.1375571200978 30.0 1.9065950334770605
1494.2737501030567 744.0760930227394 30.0 1.92326373339165
1494.1588740794289 744.0139866809498 30.0 1.9399359334493056
1494.0428928565132 743.9512387613397 30.0 1.9566113334149122
1493.9258076551505 743.8878499367235 30.0 1.9732863334938884
1493.8076197063274 743.8238208860772 30.0 1.989953033393249
1493.6883302511324 743.7591522944995 30.0 2.006620033411309
1493.5679405407118 743.6938448531716 30.0 2.023296633386053
1493.4464518362247 743.6278992593207 30.0 2.039968633442186
1493.3238654087966 743.5613162161811 30.0 2.0566793334437534
1493.2001825394718 743.4940964329588 30.0 2.073348633479327
1493.0754045191668 743.4262406247947 30.0 2.0900204334175214
1492.949532648621 743.3577495127291 30.0 2.1066952333785594
1492.8225682383484 743.2886238236672 30.0 2.1233637334080413
1492.694512608587 743.2188642903434 30.0 2.1400399333797395
1492.5653670892493 743.1484716512877 30.0 2.1567770334659144
1492.435133019871 743.0774466507911 30.0 2.173461633385159
1492.3038117495598 743.0057900388721 30.0 2.190131733426824
1492.1714046369434 742.9335025712427 30.0 2.206803333479911
1492.0379130501176 742.8605850092752 30.0 2.2234753334196284
1491.9033383665933 742.7870381199683 30.0 2.2401434334460646
1491.767681973243 742.7128626759147 30.0 2.2568182334071025
1491.630945266248 742.6380594552672 30.0 2.2734912334708497
1491.4931296510435 742.5626292417058 30.0 2.2901615333976224
1491.3542365422647 742.4865728244048 30.0 2.306832633446902
1491.2142673636927 742.4098909979995 30.0 2.323505633394234
1491.073223548198 742.3325845625534 30.0 2.340179033461027
1490.931106537687 742.2546543235252 30.0 2.3568519334075972
1490.7879177830448 742.1761010917354 30.0 2.3735240334644914
1490.64365874408 742.0969256833337 30.0 2.3901933333836496
1490.4983308894687 742.0171289197655 30.0 2.4068663334473968
1490.351935696697 741.9367116277391 30.0 2.4243409334449098
1490.204474652005 741.8556746391922 30.0 2.4411408334271982
1490.05594925033 741.7740187912591 30.0 2.457819833420217
1489.9063609952484 741.6917449262367 30.0 2.4750159333925694
1489.7557113989185 741.6088538915518 30.0 2.4916907334700227
1489.604001982023 741.5253465397273 30.0 2.5083623334066942
1489.4512342737107 741.4412237283487 30.0 2.525046033435501
1489.2974098115387 741.3564863200309 30.0 2.5417157334741205
1489.1425301414133 741.2711351823837 30.0 2.5583909334382042
1488.9865968175322 741.1851711879789 30.0 2.5750619334867224
1488.8296114023249 741.0985952143161 30.0 2.5917374334530905
1488.6715754663942 741.0114081437889 30.0 2.608405833481811
1488.512490588457 740.9236108636508 30.0 2.625083733466454
1488.3523583552849 740.8352042659811 30.0 2.6417569334153086
1488.1911803616442 740.746189247651 30.0 2.6584335333900526
1488.0289582102373 740.6565667102892 30.0 2.6751071334583685
1487.8656935116417 740.5663375602475 30.0 2.6917837334331125
1487.7013878842504 740.4755027085664 30.0 2.708455433486961
1487.536042954212 740.3840630709411 30.0 2.7251223333878443
1487.3696603553701 740.2920195676863 30.0 2.7417893334059045
1487.2022417292028 740.199373123702 30.0 2.758463933481835
1487.0337887247626 740.1061246684386 30.0 2.7751313333865255
1486.8643029986151 740.0122751358623 30.0 2.7922872334020212
1486.6937862147784 739.91782546442 30.0 2.8089547334238887
1486.522240044662 739.8227765970048 30.0 2.8256263334769756
1486.3496661670067 739.7271294809206 30.0 2.8422971334075555
1486.1760662678216 739.630885067847 30.0 2.858995933434926
1486.0014420403245 739.5340443138047 30.0 2.8756686333799735
1485.8257951848796 739.4366081791198 30.0 2.8923382334178314
1485.6491274089362 739.3385776283891 30.0 2.909007533453405
1485.4714404269675 739.239953630444 30.0 2.9257542333798483
1485.2927359604087 739.1407371583158 30.0 2.9424306334694847
1485.1130157375949 739.0409291892001 30.0 2.95911213348154
1484.9322814937 738.9405307044215 30.0 2.9757829334121197
1484.750534970674 738.8395426893975 30.0 2.9924701334675774
1484.567777917182 738.7379661336037 30.0 3.0091405333951116
1484.3840120885413 738.6358020305375 30.0 3.025810033432208
1484.1992392466598 738.5330513776833 30.0 3.042485333397053
1484.0134611599738 738.4297151764755 30.0 3.0591939333826303
1483.8266796033856 738.325794432264 30.0 3.075867233448662
1483.6388963582017 738.2212901542781 30.0 3.0925381333800033
1483.45011321207 738.1162033555901 30.0 3.1092149334726855
1483.2603319589177 738.01053505308 30.0 3.125908633461222
1483.0695543988893 737.9042862673999 30.0 3.1425822334131226
1482.8777823382836 737.7974580229372 30.0 3.159252433455549
1482.685017589492 737.6900513477794 30.0 3.1759353334782645
1482.491261970935 737.582067273678 30.0 3.1926106334431097
1482.296517307001 737.4735068360123 30.0 3.209285933407955
1482.100785427983 737.3643710737537 30.0 3.225957833463326
1481.9040681700167 737.2546610294294 30.0 3.2426289333961904
1481.7063673750172 737.1443777490865 30.0 3.259300233446993
1481.5076848906172 737.0335222822562 30.0 3.2759686334757134
1481.3080225701046 736.9220956819172 30.0 3.292636233381927
1481.1073822723597 736.8100990044603 30.0 3.3093033334007487
1480.9057658617924 736.6975333096518 30.0 3.3259762334637344
1480.7031752082805 736.5843996605978 30.0 3.342644833493978
1480.4996121871072 736.4706991237077 30.0 3.35931303340476
1480.2950786788979 736.3564327686588 30.0 3.375987733481452
1480.0895765695584 736.2416016683595 30.0 3.3926551333861426
1479.8831077502127 736.1262068989138 30.0 3.4093338334932923
1479.6756741171403 736.0102495395848 30.0 3.4262893333798274
1479.4672775717138 735.8937306727594 30.0 3.443455433472991
1479.2579200203375 735.7766513839111 30.0 3.4601225334918126
1479.047603374384 735.6590127615654 30.0 3.4767959334421903
1478.8363295501329 735.5408158972623 30.0 3.493470433400944
1478.6241004687083 735.4220618855218 30.0 3.510179733391851
1478.4109180560172 735.3027518238068 30.0 3.5268527334555984
1478.1967842426868 735.1828868124878 30.0 3.5440181334270164
1477.981700964003 735.0624679548067 30.0 3.56068813346792
1477.7656701598485 734.9414963568411 30.0 3.577362933428958
1477.548693774641 734.8199731274683 30.0 3.5940313334576786
1477.3307737572711 734.6978993783296 30.0 3.610705533414148
1477.1119120610417 734.5752762237943 30.0 3.627374333445914
1476.8921106436053 734.4521047809244 30.0 3.644043233478442
1476.6713714669027 734.3283861694384 30.0 3.660713633405976
1476.449696497102 734.2041215116759 30.0 3.6773829334415495
1476.2270877045373 734.0793119325617 30.0 3.6940498334588483
1476.003547063647 733.9539585595707 30.0 3.7107207333901897
1475.779076552913 733.8280625226918 30.0 3.72738843341358
1475.5536781547996 733.7016249543927 30.0 3.744056033436209
1475.3273538556928 733.5746469895846 30.0 3.760732233407907
1475.100105645839 733.4471297655864 30.0 3.7774077334906906
1474.8719355192845 733.3190744220898 30.0 3.7940809334395453
1474.6428454738152 733.1904821011235 30.0 3.8107531333807856
1474.4128375108958 733.0613539470185 30.0 3.827419933397323
1474.1819136356094 732.9316911063723 30.0 3.8440954334801063
1473.950075856597 732.8014947280149 30.0 3.8607707334449515
1473.7173261859987 732.6707659629723 30.0 3.877625133492984
1473.483666639392 732.5395059644325 30.0 3.8942998334532604
1473.2490992357323 732.4077158877104 30.0 3.9113293334376067
1473.0136259972944 732.2753968902128 30.0 3.9286733334884048
1472.7772489496117 732.1425501314038 30.0 3.9453489334555343
1472.539970121417 732.0091767727698 30.0 3.9620448334608227
1472.301791544583 731.8752779777851 30.0 3.9788083333987743
1472.062715254064 731.7408549118774 30.0 3.9954782334389165
1471.8227432878355 731.605908742393 30.0 4.012152233393863
1471.5818776868366 731.4704406385628 30.0 4.028826133464463
1471.3401204949107 731.3344517714676 30.0 4.045502533437684
1471.097473758747 731.1979433140042 30.0 4.062174533493817
1470.8539395278217 731.0609164408509 30.0 4.078847833443433
1470.6095198543405 730.9233723284336 30.0 4.0955162334721535
1470.3642167931803 730.785312154892 30.0 4.112194333458319
1470.1180324018305 730.6467371000452 30.0 4.128870333428495
1469.8709687403366 730.5076483453585 30.0 4.145587033475749
1469.6230278712414 730.3680470739089 30.0 4.162261833436787
1469.3742118595283 730.2279344703524 30.0 4.178933333489113
1469.1245227725638 730.0873117208896 30.0 4.19561083347071
1468.8739626800404 729.9461800132331 30.0 4.2122916334774345
1468.6225336539203 729.8045405365733 30.0 4.228963733417913
1468.3702377683776 729.6623944815458 30.0 4.245890133432113
1468.1170770997428 729.5197430401979 30.0 4.262762033380568
1467.8630537264462 729.3765874059558 30.0 4.279433033429086
1467.6081697289615 729.2329287735914 30.0 4.296104933484457
1467.3524271897502 729.0887683391899 30.0 4.312773733399808
1467.0958281932058 728.9441073001163 30.0 4.329444633447565
1466.8383748255978 728.7989468549838 30.0 4.346116233384237
1466.5800691750176 728.6532882036204 30.0 4.362794433487579
1466.3209133313217 728.5071325470368 30.0 4.379462233395316
1466.0609093860778 728.3604810873943 30.0 4.396139233489521
1465.80005943251 728.2133350279724 30.0 4.412815433461219
1465.5383655654439 728.065695573137 30.0 4.429483333486132
1465.275829881253 727.9175639283078 30.0 4.4461505333893
1465.0124544778034 727.7689412999273 30.0 4.462817433406599
1464.748241454401 727.6198288954284 30.0 4.479487533448264
1464.4831929117377 727.4702279232033 30.0 4.496162533410825
1464.217310951837 727.3201395925716 30.0 4.5128345334669575
1463.9505976780017 727.1695651137494 30.0 4.52950343338307
1463.683055194761 727.0185056978174 30.0 4.5461767334491014
1463.4146856078169 726.8669625566906 30.0 4.563106033485383
1463.145491023992 726.7149369030866 30.0 4.579805833403952
1462.8754735511775 726.5624299504949 30.0 4.59648233349435
1462.6046352982805 726.4094429131466 30.0 4.613151433411986
1462.3329783751724 726.2559770059833 30.0 4.62982283346355
1462.060504892637 726.1020334446266 30.0 4.646492333384231
1461.78721696232 725.9476134453481 30.0 4.663163133431226
1461.513116696676 725.7927182250389 30.0 4.679832733469084
1461.2382062089196 725.6373490011797 30.0 4.696508033433929
1460.962487612973 725.4815069918105 30.0 4.713179833488539
1460.685963023417 725.3251934155011 30.0 4.7298601334914565
1460.4086345554388 725.1684094913212 30.0 4.746536233462393
1460.1305043247842 725.011156438811 30.0 4.763204633491114
1459.8515744477063 724.8534354779515 30.0 4.779877733439207
1459.5718470409167 724.6952478291357 30.0 4.796551333391108
1459.2913242215357 724.5365947131389 30.0 4.813228033483028
1459.0100081070436 724.3774773510901 30.0 4.829895633389242
1458.7279008152323 724.2178969644427 30.0 4.846567833446898
1458.445004464156 724.0578547749462 30.0 4.863250233465806
1458.1613211720833 723.8973520046175 30.0 4.879919333383441
1457.8768530574491 723.736389875712 30.0 4.896593633457087
1457.5916022388074 723.574969610696 30.0 4.913270233431831
1457.3055708347824 723.413092432218 30.0 4.9299426334910095
1457.0187609640227 723.2507595630809 30.0 4.946610433398746
1456.7311747451536 723.087972226214 30.0 4.963277833419852
1456.4428142967301 722.9247316446455 30.0 4.979950733482838
1456.1536817371912 722.7610390414745 30.0 4.9966188333928585
1455.8637791848128 722.596895639844 30.0 5.013287433423102
1455.573108757662 722.4323026629132 30.0 5.029959733481519
1455.2816725735522 722.2672613338309 30.0 5.046635833452456
1454.9894727499961 722.1017728757076 30.0 5.063309633405879
1454.6965114041618 721.9358385115897 30.0 5.079981633462012
1454.4027906528272 721.7694594644321 30.0 5.0966487334808335
1454.1083126123358 721.6026369570717 30.0 5.113323533441871
1453.8130793985517 721.4353722122013 30.0 5.129991433466785
1453.517093126816 721.2676664523431 30.0 5.146671933471225
1453.2203559119027 721.0995208998226 30.0 5.16335063346196
1452.9228698679751 720.9309367767428 30.0 5.180030233459547
1452.6246371085426 720.7619153049585 30.0 5.196707033435814
1452.3256597464174 720.5924577060503 30.0 5.2133785334881395
1452.0259398936719 720.4225652012991 30.0 5.2300493334187195
1451.7254796615962 720.2522390116613 30.0 5.246722333482467
1451.4242811606555 720.0814803577432 30.0 5.263508833479136
1451.1223465004484 719.9102904597759 30.0 5.28017573338002
1450.8196777896653 719.7386705375906 30.0 5.296848333440721
1450.5162771360467 719.5666218105939 30.0 5.313516833470203
1450.2121466463423 719.3941454977432 30.0 5.330252033425495
1449.9072884262696 719.2212428175222 30.0 5.346920933458023
1449.601704580474 719.0479149879168 30.0 5.36358913348522
1449.2953972124876 718.8741632263908 30.0 5.380267333472148
1448.98836842469 718.6999887498623 30.0 5.396939833415672
1448.6806203182678 718.5253927746795 30.0 5.413611033465713
1448.3721549931754 718.3503765165975 30.0 5.430282933404669
1448.0629745480958 718.1749411907545 30.0 5.446950433426537
1447.7530810804012 717.9990880116484 30.0 5.463618233450688
1447.442476686115 717.8228181931144 30.0 5.480290633393452
1447.1311634598728 717.6461329483009 30.0 5.4969582334160805
1446.8191434948842 717.4690334896476 30.0 5.513671633438207
1446.5064188828956 717.2915210288623 30.0 5.530346433399245
1446.1929917141517 717.1135967768988 30.0 5.5470919334329665
1445.878864077359 716.9352619439339 30.0 5.563758933451027
1445.5640380596478 716.7565177393459 30.0 5.58042753348127
1445.2485157465367 716.5773653716919 30.0 5.597099533420987
1444.932299221895 716.3978060486868 30.0 5.613768133451231
1444.6153905679068 716.2178409771806 30.0 5.630969833466224
1444.2977918650356 716.0374713631375 30.0 5.647640933399089
1443.9795051919875 715.8566984116142 30.0 5.6643116334453225
1443.6605326256772 715.6755233267388 30.0 5.681227233493701
1443.3408762411916 715.4939473116898 30.0 5.698079433408566
1443.020538111756 715.3119715686748 30.0 5.714748233440332
1442.6995203086985 715.1295972989101 30.0 5.731440133415163
1442.3778249014172 714.9468257025999 30.0 5.748115633381531
1442.0554539573443 714.7636579789161 30.0 5.764786233427003
1441.732409541914 714.5800953259776 30.0 5.781457433477044
1441.4086937185282 714.3961389408307 30.0 5.798131033428945
1441.0843085485235 714.2117900194287 30.0 5.814801933476701
1440.7592560911387 714.0270497566122 30.0 5.831521533429623
1440.4335384034812 713.8419193460896 30.0 5.848191833472811
1440.1071575404956 713.6563999804176 30.0 5.864867733442225
1439.7801155549312 713.4704928509817 30.0 5.881538033485413
1439.4524144973104 713.2841991479771 30.0 5.898205133387819
1439.124056415897 713.0975200603898 30.0 5.914874633424915
1438.7950433566648 712.9104567759775 30.0 5.931658633402549
1438.4653773632667 712.7230104812514 30.0 5.948334033484571
1438.1350604770046 712.535182361457 30.0 5.965009133447893
1437.804094736798 712.3469736005562 30.0 5.981711233383976
1437.472482179155 712.158385381209 30.0 5.998380133416504
1437.1402248381405 711.9694188847553 30.0 6.015048033441417
1436.8073247453488 711.7800752911972 30.0 6.0317182334838435
1436.473783929873 711.5903557791812 30.0 6.048415333381854
1436.139604418276 711.4002615259803 30.0 6.065085633425042
1435.804788234562 711.2097937074772 30.0 6.081757233478129
1435.4693374001479 711.0189534981463 30.0 6.0984288334148005
1435.1332539338348 710.8277420710373 30.0 6.115102833486162
1434.7965398517804 710.6361605977577 30.0 6.131770633393899
1434.4591971674706 710.4442102484563 30.0 6.148439833428711
1434.121227891693 710.2518921918064 30.0 6.1651116334833205
1433.782634032509 710.0592075949894 30.0 6.181779833394103
1433.4434175952267 709.8661576236784 30.0 6.198447033413686
1433.1035805823753 709.6727434420221 30.0 6.215119633474387
1432.7631249936776 709.4789662126287 30.0 6.231821633409709
1432.4220528260241 709.2848270965502 30.0 6.2484905334422365
1432.0803660734477 709.0903272532664 30.0 6.265160933486186
1431.7380667270977 708.8954678406695 30.0 6.281834433437325
1431.395156775214 708.7002500150489 30.0 6.29853213345632
1431.051638203103 708.5046749310756 30.0 6.315468833432533
1430.707512993112 708.308743741787 30.0 6.333057233481668
1430.3627831246051 708.1124575985726 30.0 6.349727333406918
1430.0174505739387 707.9158176511587 30.0 6.36641553346999
1429.6715173144376 707.7188250475937 30.0 6.383088633418083
1429.3249853163707 707.5214809342339 30.0 6.39976023347117
1428.9778565469283 707.323786455729 30.0 6.416444733389653
1428.6301329701985 707.1257427550079 30.0 6.43326693342533
1428.281816547144 706.9273509732647 30.0 6.4499356334563345
1427.9329092355797 706.7286122499448 30.0 6.466609733412042
1427.5834129901498 706.5295277227315 30.0 6.483279733452946
1427.2333297623056 706.3300985275315 30.0 6.500606233486906
1426.8826615002843 706.1303257984624 30.0 6.517275033402257
1426.531410149086 705.930210667839 30.0 6.53416783339344
1426.1795776504532 705.7297542661602 30.0 6.550839633448049
1425.8271659428494 705.5289577220959 30.0 6.567515033413656
1425.474176961438 705.3278221624744 30.0 6.584186133462936
1425.120612638061 705.1263487122694 30.0 6.600854333490133
1424.7664749012195 704.9245384945876 30.0 6.617529233451933
1424.411765676053 704.7223926306565 30.0 6.634224133449607
1424.0564868843194 704.5199122398114 30.0 6.650893233483657
1423.7006404443755 704.3170984394843 30.0 6.667565033421852
1423.3442282711571 704.1139523451911 30.0 6.684242233401164
1422.9872522761598 703.9104750705202 30.0 6.70091373345349
1422.6297143674205 703.7066677271204 30.0 6.717588933417574
1422.271616449498 703.5025314246898 30.0 6.734262033482082
1421.912960423455 703.2980672709642 30.0 6.750935833435506
1421.5537481868391 703.0932763717059 30.0 6.76763423345983
1421.1939816336658 702.8881598306922 30.0 6.784307333407924
1420.8336626543996 702.6827187497049 30.0 6.800974533427507
1420.4727931359375 702.4769542285193 30.0 6.817662233486772
1420.1113749615904 702.2708673648933 30.0 6.834333833423443
1419.7494100110673 702.064459254557 30.0 6.851231633452699
1419.3869001604573 701.8577309912024 30.0 6.867909233435057
1419.023847282214 701.6506836664728 30.0 6.884800833417103
1418.6602532451382 701.4433183699527 30.0 6.901874533388764
1418.2961199143622 701.2356361891581 30.0 6.918551133479923
1417.9314491513337 701.027638209526 30.0 6.9352560334373266
1417.5662428138005 700.8193255144055 30.0 6.951930233393796
1417.2005027557943 700.6106991850472 30.0 6.968858433421701
1416.834230827616 700.4017603005947 30.0 6.9855261334450915
1416.4674288758201 700.1925099380744 30.0 7.002198633388616
1416.100098743201 699.9829491723868 30.0 7.018875333480537
1415.732242268777 699.7730790762972 30.0 7.035543133388273
1415.3638612877771 699.562900720427 30.0 7.052210433408618
1414.994957631626 699.3524151732445 30.0 7.06888583349064
1414.6255331279308 699.1416235010563 30.0 7.085557033424266
1414.255589600467 698.930526767999 30.0 7.1022331333952025
1413.885128869165 698.7191260360307 30.0 7.11890273343306
1413.5141527500973 698.5074223649225 30.0 7.135569833451882
1413.1426630554645 698.2954168122502 30.0 7.1522434334037825
1412.7706615935833 698.0831104333869 30.0 7.168916933471337
1412.3981501688738 697.8705042814942 30.0 7.185584433493204
1412.0251305818465 697.6575994075151 30.0 7.202255833428353
1411.6516046290908 697.4443968601662 30.0 7.218928033486009
1411.2775741032629 697.2308976859297 30.0 7.235602633445524
1410.9030407930732 697.0171029290465 30.0 7.25227143347729
1410.528006483276 696.8030136315086 30.0 7.2689461334375665
1410.1524729546572 696.5886308330523 30.0 7.285616333479993
1409.7764419840237 696.3739555711505 30.0 7.3022917334456
1409.3999153441919 696.1589888810065 30.0 7.318965733400546
1409.0228948039776 695.9437317955467 30.0 7.335641233483329
1408.6453821281848 695.7281853454139 30.0 7.35231483343523
1408.267379077596 695.512350558961 30.0 7.36899113340769
1407.8888874089612 695.2962284622445 30.0 7.385665333480574
1407.5099088749892 695.079820079018 30.0 7.402335733408108
1407.1304452243367 694.863126430726 30.0 7.419009433477186
1406.7504982015994 694.646148536498 30.0 7.435685733449645
1406.3700695473024 694.4288874131423 30.0 7.452353333472274
1405.9891609978908 694.2113440751402 30.0 7.469020533491857
1405.6077742857215 693.9935195346403 30.0 7.485687333391979
1405.2259111390533 693.7754148014528 30.0 7.502357333432883
1404.8435732820396 693.5570308830441 30.0 7.519028033479117
1404.4607624347193 693.3383687845312 30.0 7.535719133447856
1404.0774803130082 693.1194295086764 30.0 7.552760733407922
1403.6937286286918 692.9002140558823 30.0 7.569428433431312
1403.3095090894171 692.6807234241867 30.0 7.586105133406818
1402.924823398685 692.4609586092573 30.0 7.602777833468281
1402.5396732558424 692.2409206043874 30.0 7.619444833486341
1402.154060356076 692.0206104004907 30.0 7.636116033419967
1401.7679863904038 691.8000289860967 30.0 7.652795633417554
1401.3814530456696 691.5791773473463 30.0 7.669464233447798
1400.994462004535 691.3580564679877 30.0 7.6861327334772795
1400.607014945474 691.1366673293712 30.0 7.702804833417758
1400.2191135427654 690.9150109104459 30.0 7.719479933381081
1399.8307594664875 690.6930881877549 30.0 7.736149833421223
1399.441954382512 690.470900135432 30.0 7.7528301334241405
1399.0526999524975 690.2484477251969 30.0 7.7695848334115
1398.6629978338847 690.0257319263523 30.0 7.786445233388804
1398.2728496798898 689.8027537057795 30.0 7.803118233452551
1397.8822571395003 689.5795140279354 30.0 7.819793033413589
1397.4912218574693 689.3560138548485 30.0 7.836463933461346
1397.09974547431 689.1322541461157 30.0 7.853136733407155
1396.7078296262919 688.9082358588992 30.0 7.869806633447297
1396.315475945435 688.6839599479229 30.0 7.886474933475256
1395.9226860595063 688.4594273654697 30.0 7.903407133417204
1395.5294615920147 688.2346390613782 30.0 7.920075633446686
1395.1358041622073 688.00959598304 30.0 7.936755633447319
1394.741715385065 687.7842990753967 30.0 7.953431233414449
1394.3471968712986 687.5587492809375 30.0 7.970108233392239
1393.9522502273458 687.3329475396962 30.0 7.986786133493297
1393.5568770553666 687.1068947892488 30.0 8.003456533420831
1393.1610789532406 686.8805919647114 30.0 8.02013283339329
1392.7648575145636 686.6540399987372 30.0 8.036956233438104
1392.3682143286442 686.4272398215148 30.0 8.053629633388482
1391.9711509805015 686.2001923607661 30.0 8.07030853338074
1391.5736690508618 685.9728985417437 30.0 8.08698173344601
1391.1757701161557 685.7453592872293 30.0 8.103658533422276
1390.7774557485166 685.517575517532 30.0 8.120670033385977
1390.3787275157774 685.2895481504859 30.0 8.137344433460385
1389.9795869814686 685.0612781014489 30.0 8.154027633485384
1389.5800357048165 684.8327662833011 30.0 8.170701133436523
1389.1800752407407 684.6040136064428 30.0 8.187405633390881
1388.7797071398531 684.3750209787935 30.0 8.204081233474426
1388.3789329484557 684.1457893057903 30.0 8.220749633386731
1387.9777542085394 683.9163194903869 30.0 8.237425433471799
1387.5761724577826 683.6866124330518 30.0 8.254100033431314
1387.1741892295497 683.4566690317679 30.0 8.270775533397682
1386.7718060528903 683.2264901820311 30.0 8.287444733432494
1386.3690244525385 682.9960767768493 30.0 8.304117333493195
1385.9658459489117 682.7654297067419 30.0 8.320792033453472
1385.56227205811 682.5345498597384 30.0 8.337507033487782
1385.158304291916 682.3034381213782 30.0 8.354180133435875
1384.7539441577937 682.0720953747101 30.0 8.370856633409858
1384.3491931588892 681.8405225002911 30.0 8.387533933389932
1383.9440527940296 681.6087203761863 30.0 8.404201133409515
1383.5385245577238 681.3766898779687 30.0 8.420874933479354
1383.132609940162 681.1444318787187 30.0 8.437550533446483
1382.726310427216 680.9119472490237 30.0 8.454221533378586
1382.3196275004402 680.6792368569782 30.0 8.47089843347203
1381.9125626370712 680.4463015681835 30.0 8.48757203342393
1381.5051173100294 680.2131422457479 30.0 8.50423963344656
1381.0972929879185 679.9797597502867 30.0 8.520909133483656
1380.6890911350276 679.746154939922 30.0 8.537605233490467
1380.2805132113313 679.5123286702834 30.0 8.55427973344922
1379.8715606724911 679.278281794508 30.0 8.57123933348339
1379.4622349698568 679.0440151632406 30.0 8.587914333445951
1379.0525375504676 678.8095296246347 30.0 8.604921933379956
1378.6424698570536 678.5748260243522 30.0 8.622325733420439
1378.2320333280372 678.3399052055646 30.0 8.639002533396706
1377.821229397535 678.1047680089533 30.0 8.655678333481774
1377.4100594953595 677.8694152727104 30.0 8.67234753340017
1376.9985250470208 677.6338478325392 30.0 8.689227533410303
1376.5866274737293 677.3980665216557 30.0 8.706035233451985
1376.1743681923967 677.1620721707884 30.0 8.722710033413023
1375.7617486156391 676.9258656081804 30.0 8.739382533472963
1375.348770151779 676.6894476595897 30.0 8.756053433404304
1374.935434204848 676.4528191482907 30.0 8.772727833478712
1374.5217421745886 676.2159808950748 30.0 8.789403233444318
1374.1076954564578 675.9789337182523 30.0 8.806226433487609
1373.6932954416293 675.741678433653 30.0 8.82289943343494
1373.2785435169965 675.504215854628 30.0 8.839578833431005
1372.863441065175 675.2665467920511 30.0 8.856250133481808
1372.4479894645067 675.02867205432 30.0 8.872917333384976
1372.0321900890617 674.790592447358 30.0 8.88959153345786
1371.6160443086424 674.5523087746153 30.0 8.906268133432604
1371.1995534887863 674.313821837071 30.0 8.922988433390856
1370.7827189907698 674.0751324332348 30.0 8.93965843343176
1370.365542171612 673.8362413591483 30.0 8.95633273338899
1369.9480243840776 673.5971494083872 30.0 8.973006433458067
1369.530166976681 673.3578573720631 30.0 8.989680633414537
1369.11197129369 673.1183660388255 30.0 9.006352533469908
1368.6934386751298 672.8786761948633 30.0 9.023021033382975
1368.2745704567872 672.6387886239075 30.0 9.039691633428447
1367.855367970214 672.398704107233 30.0 9.056649233447388
1367.435832542732 672.1584234236605 30.0 9.073326133424416
1367.0159654974366 671.917947349559 30.0 9.089995733462274
