1499.9998808064922 747.0 5.000017416492178 0.06999390001874417
1499.9995232526094 747.0 5.000070853406336 0.2877447333885357
1499.998927370365 747.0 5.000162045356794 0.3226708334404975
1499.9980931889274 747.0 5.00029266673647 0.3393418333726004
1499.9970207345814 747.0 5.000464333848413 0.3560176334576681
1499.9957100306901 747.0 5.000678606963538 0.37306993338279426
1499.9941610976591 747.0 5.000936992307117 0.38974603335373104
1499.9923739529017 747.0 5.00124094397649 0.40641913341823965
1499.990348610805 747.0 5.001591865792386 0.4230874334461987
1499.988085082698 747.0 5.001991113086146 0.4397707333555445
1499.9855833768192 747.0 5.002439994425084 0.4564441334223375
1499.9828434982871 747.0 5.0029397732781105 0.4731159333605319
1499.979865449071 747.0 5.003491669623701 0.48979103344026953
1499.976649227962 747.0 5.004096861502204 0.5064692334271967
1499.9731948305468 747.0 5.004756486514415 0.5231428333790973
1499.9695022491808 747.0 5.005471643268274 0.5399316333932802
1499.9655714729622 747.0 5.006243392775494 0.5566122333984822
1499.9614024877085 747.0 5.007072759799845 0.5732868333579972
1499.956995275932 747.0 5.007960734158769 0.589953733375296
1499.9523498168176 747.0 5.008908271979946 0.6066214333986863
1499.9474660861995 747.0 5.00991629691437 0.6232969333650544
1499.942344056541 747.0 5.010985701307437 0.6400022334419191
1499.9369836969138 747.0 5.012117347329504 0.6566737333778292
1499.9313849729767 747.0 5.01331206806732 0.6733774334425107
1499.925547846958 747.0 5.014570668577683 0.6900478333700448
1499.9194722776351 747.0 5.0158939269046305 0.7067149333888665
1499.9131582203186 747.0 5.017282595061433 0.7234169334406033
1499.9066056268327 747.0 5.018737399978593 0.7402998333564028
1499.8998144454995 747.0 5.020259044419048 0.7571426334325224
1499.8927846211225 747.0 5.021848207861695 0.7787801334634423
1499.8855160949706 747.0 5.023505547354341 0.7978790333727375
1499.878008804763 747.0 5.025231698337135 0.8145504334243014
1499.8702626846543 747.0 5.0270272754375105 0.8312271333998069
1499.86227766522 747.0 5.028892873237614 0.8478958334308118
1499.8540536734426 747.0 5.030829067015177 0.8645632334519178
1499.8455906326988 747.0 5.032836413458758 0.8812377334106714
1499.8368884627453 747.0 5.034915451358224 0.8979116333648562
1499.827947079707 747.0 5.03706670227135 0.91468563338276
1499.8187663960648 747.0 5.0392906711673415 0.931362233357504
1499.8093463206433 747.0 5.041587847048103 0.9486672334605828
1499.7996867585994 747.0 5.043958703547996 0.9653410334140062
1499.789787611411 747.0 5.046403699512856 0.9820106334518641
1499.779648776866 747.0 5.04892327955897 0.9987130333902314
1499.7692701490525 747.0 5.05151787461271 1.0153869334608316
1499.7586516183478 747.0 5.054187902431502 1.0320583333959803
1499.7477930714085 747.0 5.056933768106769 1.0487262334208935
1499.736694391161 747.0 5.05975586454947 1.0653977333568037
1499.7253554567924 747.0 5.0626545729588415 1.0820669333916157
1499.71377614374 747.0 5.065630263274922 1.098733933409676
1499.7019563236843 747.0 5.068683294615425 1.1154066333547235
1499.6898958645384 747.0 5.07181401569749 1.132537633413449
1499.6775946304408 747.0 5.075022765244849 1.155259833438322
1499.665052481747 747.0 5.07830987238091 1.1720782334450632
1499.6522692750202 747.0 5.081675657008232 1.1887522334000096
1499.6392448630256 747.0 5.0851204301748885 1.205419733421877
1499.6259790947204 747.0 5.08864449442814 1.222090333350934
1499.6124718152478 747.0 5.0922481441558896 1.2395330334547907
1499.5987228659292 747.0 5.095931665916319 1.2564605333609506
1499.5847320842568 747.0 5.099695338756122 1.2731298333965242
1499.5704993038867 747.0 5.10353943451774 1.2897973334183916
1499.5560243546324 747.0 5.1074642181359575 1.3064750334015116
1499.5413070624577 747.0 5.111469947924259 1.3231475334614515
1499.5263472494696 747.0 5.115556875851261 1.3398907333612442
1499.5111447339125 747.0 5.1197252478076045 1.3566758334636688
1499.4956993301619 747.0 5.123975303863607 1.3733449333813041
1499.4800108487175 747.0 5.128307278518006 1.3900162334321067
1499.4640790961973 747.0 5.132721400938108 1.406868833466433
1499.4479038753323 747.0 5.137217895191626 1.4235428334213793
1499.4314849849588 747.0 5.141796980470511 1.4402122334577143
1499.4148222200142 747.0 5.146458871307036 1.4568870334187523
1499.3979153715306 747.0 5.151203777782418 1.4737051334232092
1499.380764226629 747.0 5.156031905728224 1.501900533447042
1499.3633685685136 747.0 5.160943456920817 1.5185758334118873
1499.3457281764665 747.0 5.1659386292690845 1.5352443334413692
1499.327842825842 747.0 5.171017616995671 1.5519463333766907
1499.3097122880613 747.0 5.176180610811959 1.5686184334335849
1499.291336330607 747.0 5.181427798086991 1.5852906333748251
1499.2727147170178 747.0 5.1867593630105695 1.6019669334637001
1499.2538472068836 747.0 5.192175486750708 1.61863773339428
1499.2347335558395 747.0 5.197676347605652 1.6353072334313765
1499.2153735155612 747.0 5.203262121150647 1.6519739334471524
1499.1957668337595 747.0 5.208932980379636 1.668688933365047
1499.1759132541758 747.0 5.214689095842061 1.6853658334584907
