1499.999763457169 746.999979589354 10.0 0.08066649991087615
1499.9990540398487 746.9999177490951 10.0 0.2915432332083583
1499.9978720550864 746.9998127416263 10.0 0.352429733145982
1499.9962177974269 746.9996629035696 10.0 0.36910633323714137
1499.9940915494697 746.9994666426006 10.0 0.38577673328109086
1499.991493582402 746.999222434419 10.0 0.40244673332199454
1499.9884241565092 746.9989288198483 10.0 0.4191167331300676
1499.9848835216626 746.9985844020589 10.0 0.43578563327901065
1499.9808719177884 746.9981878439106 10.0 0.45245643332600594
1499.9763895753135 746.9977378654078 10.0 0.46912733325734735
1499.971436715596 746.9972332412635 10.0 0.4858459332026541
1499.9660135513336 746.996672798568 10.0 0.5025165332481265
1499.9601202869583 746.9960554145563 10.0 0.5191917333286256
1499.9537571190103 746.9953800144708 10.0 0.5358598332386464
1499.9469242364999 746.9946455695164 10.0 0.5525265331380069
1499.9396218212507 746.9938510949014 10.0 0.5691967331804335
1499.9318500482304 746.9929956479632 10.0 0.5858690331224352
1499.9236090858656 746.9920783263732 10.0 0.6025359332561493
1499.9148990963452 746.9910982664192 10.0 0.6192126332316548
1499.905720235909 746.9900546413602 10.0 0.6358916331082582
1499.8960726551254 746.9889466598523 10.0 0.6525608331430703
1499.885956499156 746.9877735644412 10.0 0.6701923331711441
1499.87537190801 746.9865346301194 10.0 0.6868608333170414
1499.864319016787 746.9852291629448 10.0 0.7035283332224935
1499.8527979559099 746.9838564987184 10.0 0.7201991332694888
1499.8408088513472 746.9824160017184 10.0 0.7368916331324726
1499.828351824827 746.9809070634885 10.0 0.7535758332815021
1499.8154269940405 746.9793291016775 10.0 0.7702433331869543
1499.802034472838 746.9776815589294 10.0 0.7869105332065374
1499.788174371415 746.9759639018192 10.0 0.8035784331150353
1499.7738467964925 746.9741756198364 10.0 0.8203157333191484
1499.7590518514878 746.9723162244095 10.0 0.8369866332504898
1499.7437896366785 746.9703852479744 10.0 0.8539612332824618
1499.72806024936 746.9683822430806 10.0 0.8706330331042409
1499.7118637839956 746.966306781537 10.0 0.8876951332204044
1499.6952003323606 746.9641584535935 10.0 0.9043715333100408
1499.6780699836804 746.9619368671578 10.0 0.9210754332598299
1499.660472824762 746.9596416470449 10.0 0.9379628333263099
1499.6424089401207 746.9572724342603 10.0 0.9546359332744032
1499.6238784121003 746.9548288853118 10.0 0.9713108332362026
1499.6048813209898 746.9523106715523 10.0 0.987987233325839
1499.5854177451336 746.9497174785492 10.0 1.004657233133912
1499.5654877610375 746.9470490054829 10.0 1.021326633170247
1499.545091443471 746.9443049645679 10.0 1.0380010332446545
1499.5242288655634 746.9414850805018 10.0 1.0546751332003623
1499.5029000988975 746.9385890899355 10.0 1.0713528331834823
1499.4811052135985 746.935616740967 10.0 1.0880277331452817
1499.4588442784195 746.9325677926571 10.0 1.1046992333140224
1499.4361173608224 746.9294420145646 10.0 1.12148113315925
1499.412924527057 746.926239186303 10.0 1.1381536331027746
1499.3892658422349 746.9229590971144 10.0 1.1548295333050191
1499.3651413704015 746.919601545463 10.0 1.1714989331085235
1499.3405511746043 746.9161663386452 10.0 1.1881749331951141
1499.3154953169592 746.9126532924163 10.0 1.2207670332863927
1499.2899738587118 746.9090622306337 10.0 1.2374369332101196
1499.2639868602992 746.9053929849148 10.0 1.254115633200854
1499.2375343814062 746.9016453943098 10.0 1.2707906332798302
1499.2106164810211 746.8978193049882 10.0 1.2874662331305444
1499.183233217488 746.8939145699392 10.0 1.304134333273396
1499.155384648557 746.8899310486842 10.0 1.320801533292979
1499.1270708314335 746.885868607002 10.0 1.3374779331497848
1499.0982918228233 746.8817271166657 10.0 1.3541476333048195
1499.0690476789775 746.877506455191 10.0 1.3708255332894623
1499.0393384557347 746.8732065055946 10.0 1.387502333149314
1499.0091642085608 746.8688271561635 10.0 1.404177633114159
1498.9785249925892 746.8643683002344 10.0 1.4208493332844228
1498.9474208626564 746.8598298359816 10.0 1.437516633188352
1498.9158518733384 746.8552116662147 10.0 1.4541895331349224
1498.8838180789846 746.8505136981845 10.0 1.4711618332657963
1498.8513195337503 746.8457358433978 10.0 1.4878409332595766
1498.8183562916272 746.8408780174394 10.0 1.5045111333020031
1498.7849284064746 746.8359401398021 10.0 1.5211858332622796
1498.7510359320463 746.8309221337237 10.0 1.538376133190468
1498.7166789220191 746.8258239260313 10.0 1.555576833197847
1498.681857430018 746.820645446992 10.0 1.5722831331659108
1498.6465715096422 746.8153866301702 10.0 1.5889534333255142
1498.610821214488 746.8100474122906 10.0 1.6056272331625223
1498.574606598172 746.8046277331074 10.0 1.6224475333001465
1498.5379277143536 746.7991275352788 10.0 1.639120533131063
1498.500784616755 746.7935467642471 10.0 1.6557940333150327
1498.463177359182 746.7878853681243 10.0 1.67246363312006
1498.4251059955427 746.7821432975812 10.0 1.6891378331929445
1498.386570579866 746.776320505743 10.0 1.7058582331519574
1498.3475711663189 746.7704169480882 10.0 1.7225258331745863
1498.3081078092239 746.7644325823518 10.0 1.7393611331935972
1498.2681805630746 746.7583673684337 10.0 1.7564016331452876
1498.2277894825513 746.7522212683095 10.0 1.7730714331846684
1498.186934622535 746.7459942459466 10.0 1.78974543325603
1498.1456160381229 746.7396862672224 10.0 1.8064186333213001
1498.10383378464 746.7332972998473 10.0 1.8230866331141442
1498.0615879176537 746.7268273132905 10.0 1.8397557332646102
1498.0188784929846 746.7202762787084 10.0 1.8569436331745237
1497.9757055667199 746.713644168877 10.0 1.8736111333128065
1497.9320691952225 746.7069309581265 10.0 1.8902867331635207
1497.8879694351442 746.7001366222792 10.0 1.9069556333124638
1497.843406343434 746.6932611385894 10.0 1.9236320331692696
1497.798379977349 746.6863044856867 10.0 1.9403005333151668
1497.752890394463 746.679266643521 10.0 1.956970333121717
1497.706937652677 746.6721475933101 10.0 1.9736483332235366
1497.6605218102256 746.6649473174897 10.0 1.990322933299467
1497.6136429256871 746.6576657996652 10.0 2.006996733136475
1497.5663010579904 746.650303024566 10.0 2.0236667331773788
1497.5184962664225 746.6428589780013 10.0 2.040333533193916
1497.4702286106365 746.635333646818 10.0 2.0570066331420094
1497.421498150657 746.6277270188605 10.0 2.0736774331890047
1497.3723049468883 746.6200390829318 10.0 2.090346333105117
1497.3226490601191 746.6122698287572 10.0 2.107024133205414
1497.2725305515296 746.604419246948 10.0 2.1236965332645923
1497.2219494826963 746.5964873289684 10.0 2.1403720332309604
1497.1709059155985 746.5884740671024 10.0 2.1570466333068907
1497.1193999126226 746.5803794544237 10.0 2.17383243329823
1497.0674315365675 746.5722034847648 10.0 2.190504433121532
1497.015000850649 746.5639461526896 10.0 2.207177533302456
1496.9621079185042 746.5556074534655 10.0 2.2238466332200915
1496.908752804197 746.5471873830376 10.0 2.2405200332868844
1496.8549355722207 746.5386859380035 10.0 2.2571924331132323
1496.8006562875028 746.5301031155897 10.0 2.273864333285019
1496.7459150154082 746.5214389136285 10.0 2.2905321333091706
1496.6907118217432 746.5126933305363 10.0 2.3072239332832396
1496.6350467727589 746.5038663652923 10.0 2.3238922331947833
1496.5789199351539 746.4949580174188 10.0 2.3405614332295954
1496.5223313760782 746.4859682869615 10.0 2.357237633317709
1496.4652811631356 746.4768971744716 10.0 2.3739079332444817
1496.4077693643862 746.467744680988 10.0 2.3906563331838697
1496.34979604835 746.45851080802 10.0 2.4073315332643688
1496.2913612840086 746.4491955575319 10.0 2.42400413332507
1496.232465140808 746.4397989319269 10.0 2.4406713331118226
1496.1731076886606 746.4303209340327 10.0 2.457342333160341
1496.1132889979478 746.420761567087 10.0 2.474019333254546
1496.0530091395217 746.4111208347241 10.0 2.490692533319816
1495.9922681847072 746.4013987409619 10.0 2.5073654332663864
1495.931066205304 746.3915952901896 10.0 2.524035733193159
1495.869403273588 746.3817104871553 10.0 2.5407105332706124
1495.8072794623133 746.3717443369551 10.0 2.5573878332506865
1495.7446948447136 746.361696845022 10.0 2.5740570332854986
1495.681649494504 746.3515680171154 10.0 2.590728433104232
1495.618143485882 746.341357859311 10.0 2.6074050331953913
1495.5541768935293 746.3310663779913 10.0 2.6243629332166165
1495.4897497926124 746.3206935798365 10.0 2.6410324331372976
1495.4248622587847 746.3102394718157 10.0 2.657701233169064
1495.3595143681869 746.2997040611782 10.0 2.675294033251703
1495.2937061974485 746.2890873554458 10.0 2.6919647331815213
1495.2274378236884 746.2783893624047 10.0 2.708638833137229
1495.1607093245161 746.2676100900987 10.0 2.7253087332937866
1495.0935207780328 746.2567495468214 10.0 2.741983433254063
1495.0258722628319 746.24580774111 10.0 2.7586586331017315
1494.9577638579995 746.2347846817381 10.0 2.7753353333100677
1494.889195643116 746.2236803777106 10.0 2.7920057331211865
1494.820167698256 746.2124948382566 10.0 2.8086742332670838
1494.7506801039892 746.2012280728243 10.0 2.8259732332080603
1494.6807329413814 746.1898800910753 10.0 2.84265403309837
1494.610326291994 746.1784509028797 10.0 2.859323433134705
1494.5394602378854 746.1669405183106 10.0 2.875992133282125
1494.4681348616111 746.1553489476398 10.0 2.892663433216512
1494.3963502462248 746.1436762013328 10.0 2.9093321331311017
1494.3241064752772 746.1319222900446 10.0 2.9260081332176924
1494.2514036328182 746.1200872246154 10.0 2.9426792331505567
1494.178241803396 746.1081710160665 10.0 2.9593507333192974
1494.104621072058 746.0961736755967 10.0 2.9760211331304163
1494.0305415243506 746.084095214578 10.0 2.9926978331059217
1493.9560032463196 746.071935644553 10.0 3.0093737333081663
1493.8810063245107 746.0596949772306 10.0 3.026043633231893
1493.8055508459693 746.047373224483 10.0 3.0427191331982613
1493.7296368982404 746.0349703983427 10.0 3.0593963332939893
1493.6532645693699 746.0224865109996 10.0 3.076066833222285
1493.576433947903 746.0099215747977 10.0 3.0929580333177
1493.499145122886 745.9972756022328 10.0 3.1096329332794994
1493.4213981838643 745.9845486059496 10.0 3.1263064332306385
1493.343193220885 745.9717405987393 10.0 3.142982733203098
1493.2645303244947 745.958851593537 10.0 3.1596596331801265
1493.1854095857402 745.9458816034197 10.0 3.1763453332241625
1493.1058310961691 745.9328306416037 10.0 3.193020033184439
1493.025794947829 745.9196987214426 10.0 3.209689733106643
1492.9453012332672 745.9064858564254 10.0 3.2263623331673443
1492.8643500455319 745.8931920601744 10.0 3.2430312333162874
1492.7829414781706 745.8798173464432 10.0 3.2597995332907885
1492.701075625231 745.8663617291153 10.0 3.2770795333199203
1492.6187525812602 745.8528252222019 10.0 3.2937477331142873
1492.5359724413054 745.8392078398405 10.0 3.3104241332039237
1492.4527353009125 745.8255095962932 10.0 3.3270975332707167
1492.369041256127 745.8117305059452 10.0 3.343768833205104
1492.2848904034936 745.7978705833035 10.0 3.3604390332475305
1492.2002828400553 745.7839298429952 10.0 3.3772905331570655
1492.115218663354 745.7699082997665 10.0 3.3939615332055837
1492.02969797143 745.7558059684809 10.0 3.4106351332738996
1491.9437208628221 745.7416228641184 10.0 3.427310233237222
1491.8572874365664 745.7273590017742 10.0 3.443979233270511
1491.7703977921965 745.7130143966574 10.0 3.4607342332601547
1491.683052029744 745.6985890640901 10.0 3.477401533164084
1491.5952502497373 745.6840830195063 10.0 3.4940740331076086
1491.5069925532014 745.6694962784505 10.0 3.5107475332915783
1491.418279041658 745.6548288565776 10.0 3.5274213331285864
1491.329109817125 745.6400807696511 10.0 3.5440904332790524
1491.2394849821162 745.6252520335426 10.0 3.5607598333153874
1491.1494046396406 745.6103426642306 10.0 3.57745293318294
1491.0588688932028 745.5953526778004 10.0 3.594124633120373
1490.9678778468021 745.5802820904424 10.0 3.6107941332738847
1490.8764316049323 745.565130918452 10.0 3.627519433153793
1490.7845302725816 745.5498991782285 10.0 3.6441940332297236
1490.6921739552315 745.5345868862746 10.0 3.6608641331549734
1490.5993627588573 745.5191940591955 10.0 3.6775409332476556
1490.5060967899274 745.5037207136983 10.0 3.69424383318983
1490.4123761554024 745.4881668665915 10.0 3.71092013316229
1490.3182009627358 745.4725325347844 10.0 3.727588933194056
1490.2235713198727 745.4568177352862 10.0 3.744260533247143
1490.1284873352497 745.4410224852058 10.0 3.760934133315459
1490.0329491177943 745.4251468017511 10.0 3.777610333170742
1489.936956776925 745.4091907022283 10.0 3.7942776333075017
1489.84051042255 745.3931542040418 10.0 3.8109475332312286
1489.7436101650683 745.3770373246932 10.0 3.8276218331884593
1489.6462561153674 745.3608400817814 10.0 3.8442935331258923
1489.5484483848238 745.3445624930015 10.0 3.860963533166796
1489.450187085303 745.3282045761449 10.0 3.8776946333236992
1489.3514723291585 745.3117663490987 10.0 3.8943644331302494
1489.252304229231 745.295247829845 10.0 3.911036633187905
1489.1526828988488 745.278649036461 10.0 3.9277227332349867
1489.0526084518267 745.2619699871184 10.0 3.944393633166328
1488.9520810024658 745.2452107000828 10.0 3.961068833246827
1488.851100665553 745.2283711937135 10.0 3.9777399331796914
1488.7496675563607 745.2114514864636 10.0 3.9944094331003726
1488.647781790646 745.1944515968787 10.0 4.011079833144322
1488.5454434846501 745.1773715435975 10.0 4.027747433166951
1488.4426527550988 745.1602113453508 10.0 4.044417033204809
1488.3394097192006 745.1429710209618 10.0 4.061090233270079
1488.2357144946473 745.1256505893452 10.0 4.077762033324689
1488.131567199613 745.1082500695076 10.0 4.09443603316322
1488.026967952754 745.0907694805463 10.0 4.111112433252856
1487.9219168732075 745.07320884165 10.0 4.12804533331655
1487.816414080592 745.0555681720978 10.0 4.14471203321591
1487.7104596950064 745.0378474912593 10.0 4.161472333129495
1487.6040538370296 745.0200468185943 10.0 4.178140833275393
1487.4971966277199 745.0021661736525 10.0 4.194811733206734
1487.3898881886141 744.9842055760732 10.0 4.211484933272004
1487.282128641728 744.9661650455854 10.0 4.228161933133379
1487.1739181095545 744.948044602007 10.0 4.244879633188248
1487.0652567150646 744.9298442652452 10.0 4.261553033255041
1486.9561445817055 744.9115640552956 10.0 4.278222833294421
1486.8465818334012 744.8932039922428 10.0 4.294896133244038
1486.736568594551 744.8747640962595 10.0 4.311569633195177
1486.6261049900297 744.8562443876066 10.0 4.32828213321045
1486.5151911451867 744.837644886633 10.0 4.34506203327328
1486.4038271858453 744.8189656137755 10.0 4.361732433317229
1486.2920132383026 744.8002065895583 10.0 4.378402533242479
1486.179749429329 744.7813678345931 10.0 4.395074633182958
1486.0670358861667 744.7624493695787 10.0 4.411764033138752
1485.9538727365302 744.7434512153011 10.0 4.428436833200976
1485.8402601086057 744.724373392633 10.0 4.445112233282998
1485.7261981310498 744.7052159225339 10.0 4.461786533240229
1485.6116869329896 744.6859788260498 10.0 4.478453833144158
1485.4967266440217 744.666662124313 10.0 4.495134133147076
1485.3813173942121 744.6472658385421 10.0 4.51180103328079
1485.2654593140953 744.6277899900417 10.0 4.528468133183196
1485.1491525346735 744.6082346002022 10.0 4.545137333218008
1485.0323971874168 744.5885996904998 10.0 4.561958733247593
1484.915193404262 744.5688852824962 10.0 4.578633633209392
1484.797541317612 744.5490913978387 10.0 4.595302633242682
1484.6794410603359 744.5292180582594 10.0 4.611973733175546
1484.5608927657674 744.5092652855761 10.0 4.628646933240816
1484.441896567705 744.4892331016913 10.0 4.645321733318269
1484.3224526004115 744.4691215285922 10.0 4.6619890332221985
1484.2025609986124 744.4489305883508 10.0 4.678752933163196
1484.0822218974965 744.4286603031236 10.0 4.69542573322542
1483.9614354327146 744.4083106951517 10.0 4.71272153314203
1483.8402017403791 744.3878817867603 10.0 4.7293966331053525
1483.718520957064 744.3673736003586 10.0 4.746067233150825
1483.5963932198028 744.3467861584401 10.0 4.763005633139983
1483.4738186660895 744.3261194835819 10.0 4.779672633158043
1483.3507974338772 744.305373598445 10.0 4.796425533248112
1483.2273296615774 744.284548525774 10.0 4.813092233147472
1483.10341548806 744.2636442883967 10.0 4.82976663322188
1482.9790550526518 744.2426609092245 10.0 4.846435933141038
1482.854248495137 744.2215984112519 10.0 4.863113633124158
1482.7289959557556 744.2004568175564 10.0 4.879787533311173
1482.6032975752037 744.1792361512987 10.0 4.89646193315275
1482.4771534946315 744.1579364357221 10.0 4.913133433321491
1482.3505638556444 744.1365576941528 10.0 4.929800133220851
1482.2235288003012 744.1150999499993 10.0 4.94647873332724
1482.0960484711138 744.0935632267527 10.0 4.963146333117038
1481.9681230110466 744.0719475479865 10.0 4.979816033272073
1481.839752563516 744.0502529373562 10.0 4.996483433293179
1481.7109372723896 744.0284794185994 10.0 5.013372633140534
1481.5816772819858 744.006627015536 10.0 5.030042033176869
1481.4519727370728 743.9846957520672 10.0 5.046709233196452
1481.3218237828683 743.9626856521763 10.0 5.063378433231264
1481.1912305650385 743.9405967399281 10.0 5.080047233263031
1481.0601932296981 743.9184290394687 10.0 5.096716733183712
1480.928711923409 743.8961825750258 10.0 5.1133890331257135
1480.7967867931802 743.8738573709082 10.0 5.130057333270088
1480.6644179864663 743.8514534515058 10.0 5.146724233170971
1480.5316056511683 743.8289708412894 10.0 5.1635101332794875
1480.3983499356316 743.8064095648109 10.0 5.1801821331027895
1480.2646509886458 743.7837696467028 10.0 5.196858933195472
1480.1305089594446 743.7610511116782 10.0 5.213535233167931
1479.9959239977043 743.7382539845307 10.0 5.230202033184469
1479.8608962535436 743.7153782901345 10.0 5.246872733114287
1479.725425877523 743.6924240534437 10.0 5.263549133203924
1479.589513020644 743.6693912994929 10.0 5.280219433130696
1479.4531578343485 743.6462800533966 10.0 5.2968926331959665
1479.3163604705178 743.6230903403492 10.0 5.31355983321555
1479.1791210814729 743.5998221856249 10.0 5.330229533137754
1479.0414398199725 743.5764756145777 10.0 5.3469028333202
1478.9033168392136 743.553050652641 10.0 5.363571033114567
1478.76475229283 743.5295473253276 10.0 5.380247133318335
1478.6257463348923 743.5059656582299 10.0 5.396916633239016
1478.4862991199063 743.4823056770193 10.0 5.413591833319515
1478.3464108028134 743.4585674074463 10.0 5.430262433132157
1478.2060815389889 743.4347508753403 10.0 5.446931433165446
1478.0653114842423 743.4108561066099 10.0 5.464093633228913
1477.9241007948162 743.3868831272421 10.0 5.48076353315264
1477.7824496273854 743.3628319633025 10.0 5.497711833100766
1477.6403581390564 743.3387026409354 10.0 5.514383333269507
1477.4978264873669 743.3144951863633 10.0 5.5310554332099855
1477.354854830285 743.2902096258871 10.0 5.547722133109346
1477.2114433262084 743.2658459858858 10.0 5.564389233244583
1477.067592133964 743.2414042928165 10.0 5.5810636333189905
1476.9233014128067 743.216884573214 10.0 5.597751333145425
1476.7785713224196 743.1922868536909 10.0 5.614425833104178
1476.6334020229124 743.1676111609378 10.0 5.63109393324703
1476.487793674821 743.1428575217225 10.0 5.6477622331585735
1476.3417464391073 743.1180259628903 10.0 5.664436833234504
1476.1952604771577 743.093116511364 10.0 5.681114233098924
1476.0483359507832 743.0681291941434 10.0 5.697790033183992
1475.9009730222183 743.0430640383053 10.0 5.714460933115333
1475.75317185412 743.0179210710036 10.0 5.731169233098626
1475.6049326095676 742.992700319469 10.0 5.747844933299348
1475.4562554520621 742.967401811009 10.0 5.764523233287036
1475.3071405455248 742.9420255730076 10.0 5.781195733230561
1475.1575880542975 742.9165716329252 10.0 5.797866733279079
1475.0075981431412 742.8910400182986 10.0 5.814536433201283
1474.8571709772352 742.8654307567408 10.0 5.8312055331189185
1474.7063067221775 742.839743875941 10.0 5.847881033318117
1474.5550055439826 742.8139794036645 10.0 5.864557733293623
1474.403267609082 742.7881373677519 10.0 5.881227733101696
1474.2510930843227 742.7622177961202 10.0 5.89789743325673
1474.0984821369673 742.7362207167619 10.0 5.914565033279359
1473.9454349346925 742.7101461577446 10.0 5.931251733098179
1473.7919516455884 742.6839941472116 10.0 5.94792293314822
1473.6380324381587 742.6577647133814 10.0 5.964590033283457
1473.4836774813189 742.6314578845478 10.0 5.981265233131126
1473.3288869443963 742.6050736890793 10.0 5.997935933293775
1473.1736609971292 742.5786121554194 10.0 6.014605533098802
1473.0179998096655 742.5520733120863 10.0 6.031438433099538
1472.861903552563 742.5254571876733 10.0 6.048112233169377
1472.705372396788 742.4987638108474 10.0 6.064781433204189
1472.5484065137148 742.4719932103508 10.0 6.081456033280119
1472.3910060751248 742.4451454149994 10.0 6.098965033190325
1472.2331712532061 742.4182204536836 10.0 6.115644233301282
1472.0749022205525 742.3912183553676 10.0 6.132311033317819
1471.916199150163 742.3641391490896 10.0 6.149247533176094
1471.7570622154408 742.3369828639616 10.0 6.16593773313798
1471.5974915901925 742.3097495291692 10.0 6.182604833273217
1471.437487448628 742.2824391739714 10.0 6.1992717331741005
1471.277049965359 742.255051827701 10.0 6.2159391331952065
1471.116179315399 742.2275875197636 10.0 6.232611933257431
1470.9548756741617 742.2000462796382 10.0 6.249282533302903
1470.7931392174612 742.1724281368768 10.0 6.265950333327055
1470.6309701215105 742.1447331211043 10.0 6.282618933124468
1470.468368562921 742.1169612620183 10.0 6.299295833101496
1470.305334718702 742.0891125893892 10.0 6.315970833180472
1470.14186876626 742.0611871330597 10.0 6.332644033245742
1469.9779708833973 742.0331849229449 10.0 6.349320433102548
1469.813641248312 742.0051059890325 10.0 6.365993733284995
1469.6488800395969 741.9769503613819 10.0 6.38276163325645
1469.4836874362386 741.9487180701249 10.0 6.399434533203021
1469.3180636176173 741.9204091454648 10.0 6.416115233208984
1469.1520087635056 741.8920236176768 10.0 6.4327881331555545
1468.985523054068 741.863561517108 10.0 6.4494638331234455
1468.8186066698595 741.8350228741766 10.0 6.466937833232805
1468.6512597918259 741.8064077193725 10.0 6.483611233299598
1468.4834826013023 741.7777160832565 10.0 6.500290233176202
1468.3152752800127 741.7489479964607 10.0 6.516961433226243
1468.146638010069 741.7201034896883 10.0 6.5336370333097875
1467.9775709739704 741.6911825937132 10.0 6.550433233147487
1467.8080743546025 741.6621853393799 10.0 6.567101433174685
1467.6381483352368 741.6331117576037 10.0 6.584247333230451
1467.46779309953 741.6039618793704 10.0 6.600916533265263
1467.2970088315221 741.574735735736 10.0 6.617584633175284
1467.1257957156377 741.5454333578267 10.0 6.634253833210096
1466.9541539366835 741.5160547768388 10.0 6.650925833266228
1466.7820836798483 741.4866000240387 10.0 6.667593733174726
1466.6095851307018 741.4570691307623 10.0 6.684294433100149
1466.4366584751945 741.4274621284154 10.0 6.70096593326889
1466.2633038996562 741.3977790484734 10.0 6.717635733308271
1466.0895215907958 741.3680199224809 10.0 6.734303733101115
1465.9153117357005 741.338184782052 10.0 6.7509710332378745
1465.7406745218343 741.3082736588699 10.0 6.767640533158556
1465.5656101370382 741.2782865846867 10.0 6.784308933187276
1465.3901187695287 741.2482235913235 10.0 6.8011153331026435
1465.2142006078977 741.2180847106702 10.0 6.817782833240926
1465.037855841111 741.1878699746851 10.0 6.834502233192325
1464.861084658508 741.1575794153954 10.0 6.851178833283484
1464.6838872498008 741.1272130648963 10.0 6.869226133218035
1464.5062638050738 741.0967709553513 10.0 6.885899133281782
1464.3282145147818 741.0662531189921 10.0 6.9025704332161695
1464.1497395697506 741.0356595881183 10.0 6.919239433249459
1463.9708391611753 741.0049903950973 10.0 6.935942233307287
1463.7915134806196 740.9742455723641 10.0 6.952609033323824
1463.6117627200158 740.9434251524216 10.0 6.969279733253643
1463.431587071663 740.9125291678398 10.0 6.985950833186507
1463.250986728227 740.8815576512561 10.0 7.0026216332335025
1463.0699618827393 740.850510635375 10.0 7.01947503327392
1462.8885127285962 740.8193881529681 10.0 7.036149133229628
1462.706639459558 740.7881902368739 10.0 7.052904533222318
1462.5243422697483 740.7569169199976 10.0 7.0695806331932545
1462.3416213536536 740.7255682353109 10.0 7.08624973311089
1462.158476906122 740.6941442158522 10.0 7.102916933130473
1461.9749091223623 740.6626448947262 10.0 7.119590933201835
1461.7909181979437 740.6310703051037 10.0 7.136259933235124
1461.606504328795 740.5994204802215 10.0 7.152935833204538
1461.4216677112029 740.5676954533826 10.0 7.16961123328656
1461.2364085418126 740.5358952579556 10.0 7.186286033131182
1461.050727017626 740.5040199273749 10.0 7.203045933274552
1460.8646233360012 740.4720694951402 10.0 7.219805533299223
1460.6780976946518 740.4400439948168 10.0 7.23647963325493
1460.491150291646 740.4079434600353 10.0 7.253146733157337
1460.3037813254055 740.3757679244911 10.0 7.2698185332119465
1460.1159909947057 740.343517421945 10.0 7.286600033286959
1459.9277794986738 740.3111919862222 10.0 7.303267333190888
1459.7391470367882 740.2787916512129 10.0 7.3199361332226545
1459.5500938088783 740.2463164508719 10.0 7.336604733252898
1459.3606200151232 740.213766419218 10.0 7.353291133185849
1459.1707258560511 740.181141590335 10.0 7.369970133295283
1458.9804115325383 740.1484419983701 10.0 7.3866442332509905
1458.7896772458084 740.1156676775352 10.0 7.403318633325398
1458.5985231974319 740.0828186621054 10.0 7.419989033136517
1458.406949589325 740.0498949864201 10.0 7.436659633181989
1458.2149566237488 740.0168966848819 10.0 7.453647933201864
1458.0225445033086 739.9838237919571 10.0 7.470318233128637
1457.8297134309532 739.9506763421753 10.0 7.486990133300424
1457.636463609974 739.917454370129 10.0 7.503699833294377
1457.4427952440042 739.8841579104741 10.0 7.520367533201352
1457.2487085370176 739.8507869979292 10.0 7.537042833166197
1457.0542036933286 739.8173416672756 10.0 7.553713633213192
1456.8592809175907 739.7838219533576 10.0 7.570381433237344
1456.6639404147961 739.7502278910814 10.0 7.587056933203712
1456.4681823902745 739.716559515416 10.0 7.603724933229387
1456.2720070496923 739.6828168613923 10.0 7.620419233106077
1456.0754145990527 739.6489999641035 10.0 7.637094733305275
1455.8784052446936 739.6151088587045 10.0 7.653771633282304
1455.6809791932874 739.5811435804121 10.0 7.67043873318471
1455.4831366518404 739.5471041645047 10.0 7.687204933259636
1455.2848778276914 739.5129906463222 10.0 7.703871633158997
1455.0862029285115 739.4788030612659 10.0 7.7205454332288355
1454.887112162303 739.4445414447982 10.0 7.737217433284968
1454.6876057373986 739.4102058324427 10.0 7.753886733204126
1454.48768386246 739.3757962597837 10.0 7.77055503311567
1454.2873467464783 739.3413127624665 10.0 7.787388233235106
1454.086594598772 739.3067553761969 10.0 7.804062033304945
1453.8854276289874 739.2721241367414 10.0 7.82073423312977
1453.6838460470963 739.2374190799266 10.0 7.837828533258289
1453.4818500633965 739.2026402416394 10.0 7.854504133109003
1453.27943988851 739.167787657827 10.0 7.8711728332564235
1453.076615733383 739.1328613644963 10.0 7.887843733187765
1452.8733778092844 739.0978613977139 10.0 7.904513333225623
1452.6697263278054 739.0627877936063 10.0 7.921180033124983
1452.4656615008585 739.0276405883593 10.0 7.937850433168933
1452.2611835406765 738.9924198182182 10.0 7.954524933127686
1452.0562926598122 738.9571255194874 10.0 7.971219833241776
1451.8509890711373 738.9217577285303 10.0 7.987894833320752
1451.645272987841 738.8863164817695 10.0 8.004563733236864
1451.4391446234304 738.8508018156862 10.0 8.021239933324978
1451.2326041917283 738.8152137668202 10.0 8.038400733144954
1451.0256519068737 738.7795523717699 10.0 8.055077233118936
1450.8182879833196 738.743817667192 10.0 8.071748433168977
1450.6105126358334 738.7080096898015 10.0 8.088423833251
1450.4023260794954 738.6721284763713 10.0 8.105098833097145
1450.193728529698 738.6361740637323 10.0 8.121782233240083
1449.9847202021454 738.6001464887731 10.0 8.138453633291647
1449.7753013128518 738.5640457884402 10.0 8.15512193320319
1449.5654720781413 738.5278719997373 10.0 8.171795633155853
1449.3552327146472 738.4916251597255 10.0 8.188463433180004
1449.1445834393105 738.4553053055231 10.0 8.205471733119339
1448.9335244693798 738.4189124743057 10.0 8.222139633260667
1448.7220560224096 738.3824467033054 10.0 8.238813433097675
1448.51017831626 738.3459080298113 10.0 8.255482133245096
1448.2978915690962 738.309296491169 10.0 8.272187433205545
1448.0851959993872 738.2726121247807 10.0 8.288857233244926
1447.8720918259048 738.2358549681048 10.0 8.305530933197588
1447.6585792677233 738.199025058656 10.0 8.322199233109131
1447.444658544218 738.162122434005 10.0 8.338874233188108
1447.230329875065 738.1251471317784 10.0 8.355542433215305
1447.01559348024 738.0880991896584 10.0 8.372215533163399
1446.8004495800178 738.0509786453828 10.0 8.388896733289585
1446.5848983949709 738.0137855367451 10.0 8.405569533118978
1446.3689401459692 737.976519901594 10.0 8.422237133141607
1446.1525750541787 737.9391817778331 10.0 8.438913833117113
1445.935803341061 737.9017712034214 10.0 8.455583033151925
1445.7186252283727 737.8642882163725 10.0 8.472251933300868
1445.5010409381637 737.8267328547548 10.0 8.488924533128738
1445.2830506927771 737.7891051566913 10.0 8.505593533162028
1445.064654714848 737.7514051603594 10.0 8.522499533137307
1444.8458532273032 737.7136329039907 10.0 8.539172133198008
1444.6266464533596 737.6757884258711 10.0 8.555841933237389
1444.4070346165238 737.6378717643404 10.0 8.572516833199188
1444.1870179405912 737.5998829577921 10.0 8.589199633104727
1443.966596649645 737.5618220446737 10.0 8.605875433189794
1443.7457709680557 737.5236890634859 10.0 8.622559833107516
1443.5245411204799 737.485484052783 10.0 8.639232733286917
1443.3029073318594 737.4472070511725 10.0 8.655901133315638
1443.080869827421 737.408858097315 10.0 8.672573733143508
1442.8584288326751 737.370437229924 10.0 8.68924183328636
1442.6355845734145 737.331944487766 10.0 8.705958233214915
1442.4123372757144 737.29337990966 10.0 8.722632033284754
1442.1886871659312 737.2547435344774 10.0 8.739312833175063
1441.9646344707014 737.2160354011422 10.0 8.75598133332096
1441.7401794169411 737.1772555486306 10.0 8.772655333159491
1441.5153222318452 737.1384040159705 10.0 8.789330933243036
1441.290063142886 737.0994808422423 10.0 8.80604623327963
1441.0644023778134 737.0604860665777 10.0 8.822719933232293
1440.8383401646524 737.0214197281601 10.0 8.839396533323452
1440.6118767317041 736.9822818662246 10.0 8.856073033297434
1440.3850123075435 736.9430725200575 10.0 8.872745133237913
1440.1577471210196 736.9037917289962 10.0 8.889417733298615
1439.9300814012536 736.8644395324293 10.0 8.906087733106688
1439.7020153776389 736.8250159697961 10.0 8.922759833279997
1439.4735492798397 736.7855210805868 10.0 8.93943743314594
1439.2446833377905 736.7459549043419 10.0 8.956111833220348
1439.015417781695 736.7063174806527 10.0 8.972786133177578
1438.7857528420254 736.6666088491606 10.0 8.989462233148515
1438.5556887495216 736.6268290495572 10.0 9.006562433205545
1438.3252257351899 736.5869781215838 10.0 9.023231233237311
1438.094364030303 736.5470561050321 10.0 9.039905833313242
1437.8631038663984 736.507063039743 10.0 9.0565748331137
1437.6314454752778 736.4669989656072 10.0 9.073249933309853
1437.3993890890063 736.4268639225647 10.0 9.089920133119449
1437.1669349399115 736.3866579506048 10.0 9.10659473319538
1436.9340832605826 736.3463810897657 10.0 9.123268233146518
1436.7008342838697 736.3060333801349 10.0 9.139940633205697
1436.467188242883 736.2656148618483 10.0 9.156610033242032
1436.2331453709912 736.2251255750909 10.0 9.173369733151048
1435.9987059018222 736.184565560096 10.0 9.19004483311437
1435.7638700692603 736.1439348571449 10.0 9.206719433190301
1435.528638107447 736.1032335065676 10.0 9.223387233214453
1435.2930102507796 736.0624615487418 10.0 9.240054933121428
1435.0569867339098 736.0216190240934 10.0 9.256726033287123
1434.8205677917433 735.980705973096 10.0 9.273396933218464
1434.5837536594393 735.9397224362705 10.0 9.290063933236524
1434.346544572409 735.8986684541856 10.0 9.306738633196801
1434.108940766315 735.8575440674571 10.0 9.323409533128142
1433.8709424770711 735.8163493167481 10.0 9.340079133166
1433.6325499408404 735.7750842427686 10.0 9.35675713326782
1433.3937633940345 735.7337488862755 10.0 9.373426833190024
1433.1545830733137 735.6923432880725 10.0 9.390096333110705
1432.915009215585 735.6508674890096 10.0 9.40676993317902
1432.6750420580022 735.6093215299834 10.0 9.42344793328084
1432.434681837964 735.5677054519367 10.0 9.440420533297583
1432.193928793114 735.5260192958585 10.0 9.457729733316228
1431.95278316134 735.4842631027836 10.0 9.474396533099934
1431.711245180772 735.4424369137928 10.0 9.491072233300656
1431.4693150897826 735.4005407700124 10.0 9.507742933230475
1431.2269931269855 735.3585747126142 10.0 9.524416733300313
1430.9842795312343 735.3165387828154 10.0 9.541090533137321
1430.741174541623 735.2744330218785 10.0 9.557759433286265
1430.4976783974835 735.232257471111 10.0 9.574429133208469
1430.2537913383858 735.1900121718652 10.0 9.59109693323262
1430.0095136041368 735.1476971655383 10.0 9.607766833156347
1429.7648454347795 735.105312493572 10.0 9.624437033198774
1429.5197870705924 735.0628581974527 10.0 9.6411072332412
1429.2743387520882 735.0203343187108 10.0 9.657774133142084
1429.028500720013 734.9777408989208 10.0 9.674462733324617
1428.7822732153456 734.9350779797018 10.0 9.691252433229238
1428.5356564792971 734.892345602716 10.0 9.707924533169717
1428.2886507533092 734.8495438096697 10.0 9.724895033286884
1428.0412562790539 734.8066726423128 10.0 9.741571533260867
1427.7934732984322 734.7637321424386 10.0 9.758243633201346
1427.545302053574 734.7207223518834 10.0 9.774921033298597
1427.2967427868364 734.6776433125269 10.0 9.79159723315388
1427.0477957408034 734.6344950662917 10.0 9.808275833260268
1426.7984611582851 734.5912776551431 10.0 9.824944933177903
1426.548739282316 734.5479911210891 10.0 9.841613333206624
1426.2986303561556 734.5046355061803 10.0 9.858288533287123
1426.0481346232862 734.4612108525096 10.0 9.875295133097097
1425.7972523274125 734.4177172022119 10.0 9.891964133130386
1425.5459837124613 734.3741545974644 10.0 9.908640433102846
1425.2943290225799 734.3305230804864 10.0 9.925313333282247
1425.0422885021353 734.2868226935385 10.0 9.941984333097935
1424.789862395714 734.2430534789232 10.0 9.95865853317082
1424.5370509481204 734.1992154789843 10.0 9.97533283312805
1424.2838544043766 734.1553087361071 10.0 9.992000633152202
1424.030273009721 734.111333292718 10.0 10.008681933162734
1423.7763070096078 734.0672891912841 10.0 10.025358533253893
1423.521956649706 734.0231764743138 10.0 10.04203043319285
1423.2672221758985 733.978995184356 10.0 10.058700333116576
1423.0121038342813 733.9347453640002 10.0 10.075374733190984
1422.7566018711627 733.8904270558761 10.0 10.092299333307892
1422.5007165330626 733.846040302654 10.0 10.109102033311501
1422.2444480667114 733.8015851470443 10.0 10.125776433153078
1421.9877967190491 733.757061631797 10.0 10.142451633233577
1421.7307627372247 733.7124697997021 10.0 10.159124133177102
1421.4733463685955 733.6678096935894 10.0 10.1757993332576
1421.2155478607253 733.623081356328 10.0 10.192466533277184
1420.957367461385 733.5782848308265 10.0 10.20914323325269
1420.6988054185506 733.5334201600326 10.0 10.225894133327529
1420.4398619804026 733.4884873869331 10.0 10.242561733117327
1420.1805373953257 733.4434865545538 10.0 10.259237033315003
1419.9208319119075 733.3984177059591 10.0 10.275904633104801
1419.6607457789373 733.3532808842522 10.0 10.292577933287248
1419.4002792454062 733.3080761325745 10.0 10.309249033220112
1419.1394325605052 733.2628034941058 10.0 10.325919933151454
1418.8782059736252 733.2174630120643 10.0 10.34259043331258
1418.6165997343558 733.172054729706 10.0 10.359260333236307
1418.3546140924843 733.1265786903248 10.0 10.37593543319963
1418.0922492979955 733.0810349372522 10.0 10.392610733164474
1417.8295056010697 733.0354235138574 10.0 10.40928543312475
1417.5663832520831 732.9897444635469 10.0 10.425957333296537
1417.302882501606 732.9439978297647 10.0 10.442627833224833
1417.0390036004028 732.8981836559916 10.0 10.459295433247462
1416.7747467994304 732.8523019857456 10.0 10.476137333316728
1416.5101123498378 732.8063528625814 10.0 10.492846833309159
1416.2451005029648 732.7603363300905 10.0 10.509514033328742
1415.9797115103418 732.7142524319006 10.0 10.52618753327988
1415.7139456236887 732.6681012116761 10.0 10.542866733158007
1415.447803094914 732.6218827131174 10.0 10.5595401332248
1415.1812841761136 732.5755969799612 10.0 10.576251433230937
1414.9143891195708 732.5292440559799 10.0 10.592944133328274
1414.6471181777547 732.4828239849817 10.0 10.609619633294642
1414.3794716033196 732.4363368108105 10.0 10.626296433154494
1414.1114496491045 732.3897825773457 10.0 10.64296323317103
1413.8430525681315 732.343161328502 10.0 10.65964153315872
1413.5742806136057 732.2964731082291 10.0 10.676342933205888
1413.305134038914 732.2497179605119 10.0 10.693398533156142
1413.0356130976245 732.2028959293702 10.0 10.710075233131647
1412.7657180434853 732.1560070588584 10.0 10.726745033171028
1412.4954491304238 732.1090513930657 10.0 10.74342013313435
1412.2248066125462 732.0620289761152 10.0 10.760095633100718
1411.9537907441363 732.0149398521651 10.0 10.77677103318274
1411.6824017796546 731.9677840654069 10.0 10.79344113310799
1411.4106399737377 731.9205616600668 10.0 10.810115233296528
1411.1385055811975 731.8732726804043 10.0 10.826787933241576
1410.8659988570198 731.8259171707128 10.0 10.843459833180532
1410.5931200563646 731.7784951753193 10.0 10.86013083322905
1410.319869434564 731.7310067385841 10.0 10.876810333225876
1410.0462472471222 731.6834519049008 10.0 10.893611233215779
1409.7722537497143 731.6358307186961 10.0 10.910283033270389
1409.4978891981857 731.5881432244294 10.0 10.926949933171272
1409.223153848551 731.5403894665932 10.0 10.943621633108705
1408.9480479569932 731.4925694897127 10.0 10.960302533116192
1408.6725717798631 731.4446833383452 10.0 10.97697383328341
1408.3967255736786 731.3967310570807 10.0 10.993640633299947
1408.1205095951234 731.3487126905414 10.0 11.01031483314
1407.843924101046 731.3006282833815 10.0 11.026987633202225
1407.56696934846 731.2524778802868 10.0 11.043660933151841
1407.2896455945418 731.2042615259754 10.0 11.060330033302307
1407.0119530966308 731.1559792651966 10.0 11.077002233127132
1406.7338921122284 731.1076311427314 10.0 11.093672433169559
1406.4554628989968 731.059217203392 10.0 11.110412833280861
1406.1766657147584 731.0107374920219 10.0 11.127086233114824
1405.8975008174953 730.9621920534954 10.0 11.143762433202937
1405.6179684653475 730.913580932718 10.0 11.160430233227089
1405.3380689166136 730.8649041746256 10.0 11.177100733155385
1405.0578024297483 730.8161618241849 10.0 11.193770333193243
1404.7771692633628 730.7673539263928 10.0 11.210437833098695
1404.4961696762232 730.718480526277 10.0 11.227109633153304
1404.2148039272504 730.6695416688946 10.0 11.243782533099875
1403.9330722755187 730.6205373993333 10.0 11.260459233308211
1403.6509749802553 730.5714677627105 10.0 11.277130333241075
1403.3685123008393 730.5223328041732 10.0 11.293928033206612
1403.0856844968007 730.4731325688979 10.0 11.310595333110541
1402.8024918278202 730.4238671020906 10.0 11.327266633277759
1402.5189345537274 730.3745364489868 10.0 11.343942133244127
1402.2350129345011 730.3251406548507 10.0 11.360619033221155
1401.9507272302678 730.2756797649757 10.0 11.377294433303177
1401.666077701301 730.226153824684 10.0 11.393962533213198
1401.3810646080203 730.1765628793265 10.0 11.410635633161291
1401.095688210991 730.1269069742825 10.0 11.42730463319458
1400.8099487709226 730.0771861549599 10.0 11.44397223321721
1400.5238465486682 730.0274004667946 10.0 11.460644233273342
1400.2373818052245 729.9775499552508 10.0 11.47731943312101
1399.9505548017296 729.9276346658205 10.0 11.493989533279091
1399.6633657994635 729.8776546440237 10.0 11.510674233315513
1399.3758150598462 729.8276099354077 10.0 11.527349233161658
1399.0879028444378 729.7775005855477 10.0 11.54402433312498
1398.7996294149368 729.727326640046 10.0 11.56069643329829
1398.51099503318 729.6770881445324 10.0 11.577364333206788
1398.2219999611416 729.6267851446634 10.0 11.594034233130515
1397.932644460932 729.5764176861227 10.0 11.610703133279458
1397.6429287947967 729.5259858146208 10.0 11.627376033226028
1397.352853225117 729.4754895758947 10.0 11.644046833273023
1397.0624180144077 729.424929015708 10.0 11.661390633322299
1396.7716234253169 729.3743041798506 10.0 11.678077533142641
1396.4804697206246 729.3236151141385 10.0 11.694750633323565
1396.1889571632428 729.272861864414 10.0 11.7114197332412
1395.8970860162142 729.2220444765453 10.0 11.728182833176106
1395.6048565427113 729.1711629964261 10.0 11.744858333142474
1395.3122690060359 729.120217469976 10.0 11.761526733171195
1395.019323669618 729.0692079431399 10.0 11.778202933259308
1394.726020797015 729.0181344618882 10.0 11.794873033184558
1394.4323606519117 728.9669970722164 10.0 11.811542033217847
1394.1383434981178 728.9157958201451 10.0 11.828210833249614
1393.843969599569 728.8645307517199 10.0 11.84487823327072
1393.5492392203246 728.813201913011 10.0 11.861550733214244
1393.254152624568 728.7618093501131 10.0 11.878222333267331
1392.958710076605 728.7103531091459 10.0 11.894894033204764
1392.6629118408634 728.6588332362529 10.0 11.911561233224347
1392.366758181892 728.6072497776021 10.0 11.928762733237818
1392.0702493643598 728.5556027793854 10.0 11.94543983321637
1391.7733856530558 728.5038922878186 10.0 11.9621400332544
1391.4761673128874 728.4521183491414 10.0 11.978808033280075
1391.1785946088796 728.4002810096171 10.0 11.995721033308655
1390.880667806175 728.3483803155323 10.0 12.012391033116728
1390.5823871700325 728.2964163131971 10.0 12.029064833186567
1390.2837529658261 728.244389048945 10.0 12.045977233210579
1389.984765459045 728.192298569132 10.0 12.062643933109939
1389.6854249152923 728.1401449201376 10.0 12.079312733141705
1389.3857316002839 728.0879281483635 10.0 12.09598833322525
1389.0856857798483 728.0356483002346 10.0 12.112806633114815
1388.7852877199255 727.9833054221978 10.0 12.129482033196837
1388.4845376865665 727.9308995607227 10.0 12.146267633186653
1388.183435945932 727.8784307623008 10.0 12.162943633273244
1387.8819827642917 727.825899073446 10.0 12.179616433102638
1387.5801784080245 727.7733045406937 10.0 12.196287933271378
1387.278023143616 727.7206472106016 10.0 12.212956333300099
1386.9755172376595 727.6679271297485 10.0 12.229630133137107
1386.6726609568534 727.6151443447351 10.0 12.246302933199331
1386.369454568002 727.5622989021832 10.0 12.26298573310487
1386.0658983380142 727.509390848736 10.0 12.279654833255336
1385.7619925339022 727.4564202310576 10.0 12.296330333221704
1385.4577374227813 727.4033870958331 10.0 12.313005733303726
1385.1531332718687 727.3502914897684 10.0 12.329677333123982
1384.848180348483 727.2971334595902 10.0 12.346348433289677
1384.542878920044 727.2439130520455 10.0 12.363020633114502
1384.2372292540704 727.1906303139018 10.0 12.379690133268014
1383.9312316181804 727.1372852919467 10.0 12.396558333188295
1383.6248862800903 727.083878032988 10.0 12.413232133258134
1383.3181935076138 727.0304085838534 10.0 12.429907733108848
1383.0111535686615 726.9768769913904 10.0 12.446581433294341
1382.7037667312395 726.9232833024664 10.0 12.463250033324584
1382.3960332634495 726.869627563968 10.0 12.47996893315576
1382.0879534334872 726.8159098228014 10.0 12.496636433294043
1381.779527509642 726.7621301258919 10.0 12.513306933222339
1381.4707557602965 726.708288520184 10.0 12.529983033193275
1381.1616384539245 726.6543850526415 10.0 12.546659933170304
1380.8521758590916 726.6004197702464 10.0 12.564224833156914
1380.5423682444539 726.54639272 10.0 12.581094833323732
1380.232215878757 726.4923039489216 10.0 12.597762533230707
1379.9217190308357 726.4381535040495 10.0 12.614435333292931
1379.6108779696126 726.38394143244 10.0 12.631108233239502
1379.2996929640983 726.3296677811675 10.0 12.647776133148
1378.9881642833896 726.2753325973243 10.0 12.664451333228499
1378.6762921966692 726.220935928021 10.0 12.681122833164409
1378.3640769732053 726.1664778203857 10.0 12.697797833243385
1378.0515188823501 726.111958321564 10.0 12.714472733205184
1377.7386181935397 726.057377478719 10.0 12.731146233156323
1377.4253751762924 726.0027353390312 10.0 12.747813733294606
1377.1117901002094 725.9480319496984 10.0 12.764485033228993
1376.7978632349727 725.8932673579352 10.0 12.781154033262283
1376.4835948503453 725.8384416109733 10.0 12.797842033207417
1376.1689852161694 725.783554756061 10.0 12.814509233227
1375.8540346023665 725.7286068404635 10.0 12.831176033243537
1375.5387432789366 725.6735979114623 10.0 12.847853733226657
1375.223111515957 725.6185280163552 10.0 12.864522933261469
1374.907139583582 725.5633972024565 10.0 12.881196733098477
1374.5908277520416 725.5082055170965 10.0 12.897868333151564
1374.2741762916412 725.4529530076213 10.0 12.91454503312707
1373.9571854727608 725.3976397213931 10.0 12.931215033167973
1373.639855565854 725.3422657057896 10.0 12.947887333109975
1373.322186841448 725.286831008204 10.0 12.964559633284807
1373.0041795701413 725.2313356760451 10.0 12.98123753326945
1372.6858340226047 725.1757797567368 10.0 12.997950033284724
1372.3671504695792 725.1201632977184 10.0 13.014624533243477
1372.0481291818764 725.064486346444 10.0 13.031291333260015
1371.7287704303767 725.0087489503827 10.0 13.047959533287212
1371.4090744860293 724.9529511570182 10.0 13.064627033192664
1371.0890416198513 724.897093013849 10.0 13.081304733175784
1370.7686721029263 724.841174568388 10.0 13.097974233096465
1370.447966206405 724.7851958681625 10.0 13.114647633163258
1370.126924201503 724.7291569607139 10.0 13.131314633181319
1369.805546359501 724.6730578935977 10.0 13.147987133124843
1369.4838329517436 724.6168987143834 10.0 13.164656733162701
1369.161784249639 724.5606794706543 10.0 13.181329633109272
1368.8394005246578 724.5044002100075 10.0 13.198004033183679
1368.5166820483328 724.4480609800532 10.0 13.214678233256564
1368.1936290922577 724.3916618284156 10.0 13.231386833125725
1367.8702419280864 724.3352028027319 10.0 13.248054233146831
1367.546520827533 724.2786839506524 10.0 13.26473083323799
1367.22246606237 724.2221053198405 10.0 13.281397733138874
1366.8980779044282 724.1654669579724 10.0 13.29807413322851
1366.5733566255963 724.1087689127372 10.0 13.31474733329378
1366.2483024978194 724.0520112318364 10.0 13.331421533133835
1365.9229157930986 723.9951939629843 10.0 13.34809203329496
1365.5971967834903 723.9383171539073 10.0 13.36476243310608
1365.2711457411056 723.881380852344 10.0 13.381438633194193
1364.9447629381093 723.8243851060454 10.0 13.398113533155993
1364.6180486467194 723.767329962774 10.0 13.414784233318642
1364.2910031392064 723.7102154703048 10.0 13.431458633160219
1363.963626687892 723.6530416764236 10.0 13.448131333105266
1363.6359195651494 723.5958086289287 10.0 13.464800633257255
1363.3078820434018 723.5385163756291 10.0 13.48178613325581
1362.979514395122 723.4811649643456 10.0 13.498461533105
1362.650816892831 723.4237544429099 10.0 13.515131733147427
1362.3217898090988 723.3662848591649 10.0 13.531805533217266
1361.992433416542 723.3087562609644 10.0 13.548526533180848
1361.6627479878243 723.251168696173 10.0 13.565199833130464
1361.332733795655 723.1935222126657 10.0 13.581876333104447
1361.002391112789 723.1358168583284 10.0 13.598544433247298
1360.671720212025 723.0780526810573 10.0 13.615221433108672
1360.3407213662065 723.0202297287589 10.0 13.631898233201355
1360.009394848219 722.9623480493495 10.0 13.648568133125082
1359.677740930991 722.9044076907561 10.0 13.665238933172077
1359.3457598874922 722.8464087009149 10.0 13.681910033104941
1359.013451990734 722.7883511277722 10.0 13.698583133285865
1358.6808175137674 722.730235019284 10.0 13.715259433258325
1358.347856729683 722.6720604234156 10.0 13.731931133195758
1358.0145699116104 722.6138273881417 10.0 13.748598833102733
1357.680957332717 722.5555359614464 10.0 13.765271533280611
1357.3470192662082 722.4971861913228 10.0 13.781941533321515
1357.0127559853256 722.4387781257731 10.0 13.798612133134156
1356.6781677633471 722.3803118128083 10.0 13.815285833319649
1356.3432548735857 722.321787300448 10.0 13.831958833150566
1356.008017589389 722.2632046367207 10.0 13.84863443323411
1355.6724561841388 722.2045638696633 10.0 13.865302933147177
1355.33657093125 722.1458650473209 10.0 13.881975133204833
1355.0003621041697 722.0871082177468 10.0 13.89864813326858
1354.6638299763774 722.0282934290029 10.0 13.915324533125386
1354.3269748213834 721.9694207291586 10.0 13.932001433102414
1353.9897969127283 721.9104901662912 10.0 13.948672533268109
1353.6522965239828 721.851501788486 10.0 13.965345533099025
1353.3144739287466 721.7924556438355 10.0 13.982019333168864
1352.9763294006477 721.7333517804402 10.0 13.998689033323899
1352.6378632133417 721.6741902464075 10.0 14.01536303316243
1352.2990756405113 721.6149710898524 10.0 14.032034433213994
1351.9599669558654 721.5556943588965 10.0 14.04870663327165
1351.620537433139 721.4963601016691 10.0 14.065375333186239
1351.280787346091 721.4369683663057 10.0 14.082053333288059
1350.940716968506 721.3775192009489 10.0 14.098881433252245
1350.600326574191 721.3180126537478 10.0 14.115554833319038
1350.2596164369766 721.2584487728581 10.0 14.132226733257994
1349.918586830715 721.1988276064416 10.0 14.149241533130407
1349.5772380292804 721.1391492026667 10.0 14.165915733203292
