1499.999881308582 746.9999948870847 5.000042339575965 0.07488050009123981
1499.9995254329085 746.9999794073934 5.000171197248339 0.2825885333586484
1499.9989326484988 746.9999531485868 5.000389312145014 0.31161573342978954
1499.9981032228136 746.9999157154346 5.000699397958014 0.3282928334083408
1499.9970374152247 746.9998667290306 5.001104143282794 0.3449693333823234
1499.995735476982 746.9998058260377 5.001606211956608 0.3616428333334625
1499.9941976511798 746.9997326579613 5.002208243395905 0.3783108333591372
1499.992424172721 746.9996468904521 5.002912852932725 0.3949817332904786
1499.99041526828 746.9995482026347 5.003722632150044 0.41165673336945474
1499.9881711562648 746.9994362864627 5.004640149216049 0.42832413339056075
1499.9856920467776 746.9993108460977 5.005667949217299 0.44499783334322274
1499.9829781415733 746.9991715973135 5.006808554490753 0.461674633435905
1499.9800296340193 746.9990182669213 5.008064464954622 0.47835273342207074
1499.9768467090516 746.9988505922181 5.009438158438037 0.49502953328192234
1499.9734295431322 746.9986683204553 5.0109320910094866 0.511889333371073
1499.9697783042034 746.9984712083278 5.012548697304015 0.5285736334044486
1499.9658931516435 746.9982590214821 5.014290390849154 0.545242233434692
1499.9617742362204 746.9980315340429 5.016159564389562 0.5619190332945436
1499.957421700045 746.9977885281578 5.018158590210357 0.5786885332781821
1499.9528356765236 746.9975297935586 5.02028982045912 0.5953636334743351
1499.94801629031 746.9972551271387 5.022555587466558 0.6120371334254742
1499.9429636572572 746.9969643325473 5.024958204065795 0.6287659334484488
1499.9376778843675 746.996657219797 5.027499963910298 0.6454381332732737
1499.932159069744 746.9963336048869 5.030183141790401 0.6626606334466487
1499.92640730254 746.9959933094392 5.033009993948431 0.6793374333065003
1499.9204226629083 746.9956361603489 5.035982758392414 0.6960084333550185
1499.9142052219518 746.9952619894465 5.039103655208355 0.7130899333860725
1499.907755041671 746.9948706331725 5.042374886871074 0.7297654333524406
1499.9010721749132 746.9944619322638 5.045798638553604 0.7464369332883507
1499.8941566653211 746.9940357314512 5.04937707843512 0.7631081333383918
1499.8870085472809 746.9935918791678 5.053112358007415 0.7797873334493488
1499.8796278458701 746.9931302272672 5.057006612379897 0.7985326333437115
1499.8720145768052 746.9926506307526 5.061061960583112 0.8152057332918048
1499.8641687463899 746.9921529475135 5.065280505870783 0.8350465332623571
1499.8560903514615 746.9916370380739 5.069664336020363 0.8517225333489478
1499.8477793793397 746.991102765347 5.074215523632096 0.8685000333935022
1499.8392358077726 746.9905499943994 5.078936126426577 0.8851874333340675
1499.8304596048852 746.989978592223 5.083828187540828 0.9018543334677815
1499.8214507291252 746.9893884275143 5.088893735822857 0.918525233399123
1499.8122091292116 746.9887793704618 5.094134786124734 0.9351945333182812
1499.8027347440805 746.988151292539 5.099553339594143 0.9518688332755119
1499.7930275028332 746.9875040663056 5.105151383964456 0.9685410333331674
1499.783087324683 746.9868375652145 5.110930893843281 0.98521753330715
1499.7729141189025 746.9861516634244 5.116893830999526 1.001885133329779
1499.7625077847702 746.9854462356192 5.123042144648951 1.0185542334802449
1499.751868211519 746.9847211568326 5.129377771738227 1.0352248332928866
1499.7409952782823 746.9839763022784 5.13590263722749 1.0518918333109468
1499.7298888540424 746.9832115471853 5.142618654371411 1.0685682334005833
1499.7185487975771 746.9824267666372 5.149527724998763 1.0852811334189028
1499.706974957408 746.9816218354183 5.15663173979051 1.1024496334139258
1499.6951671717477 746.9807966278623 5.163932578556397 1.1191266332753003
1499.6831252684478 746.9799510177062 5.171432110510077 1.1363574333954602
1499.6708490649469 746.979084877948 5.179132194542739 1.1530283333268017
1499.6583383682184 746.9781980807087 5.187034679495287 1.1838212334550917
1499.6455929747187 746.9772904970977 5.195141404429036 1.2004952332936227
1499.6326126703354 746.9763619970818 5.203454198894947 1.21722283330746
1499.619397230336 746.9754124493581 5.21197488320142 1.2338995332829654
1499.6059464193163 746.9744417212297 5.220705268680617 1.2505688334349543
1499.5922599911487 746.9734496784844 5.229647157953357 1.2672424332704395
1499.578337688932 746.9724361852767 5.238802345192565 1.2839312334544957
1499.564179244939 746.9714011040128 5.248172616385293 1.3005995333660394
1499.5497843805672 746.9703442952376 5.257759749593318 1.3184002332855016
1499.5351528062868 746.9692656175251 5.267565515212318 1.3351074333768338
1499.520284221591 746.9681649273704 5.277591676229649 1.3517810334451497
1499.5051783149456 746.9670420790845 5.287839988480711 1.368480333359912
1499.489834763738 746.9658969246915 5.298312200903922 1.385147733381018
1499.4742532342277 746.9647293138272 5.309010055794314 1.4018223334569484
1499.458433381497 746.9635390936404 5.3199352890557385 1.4184902333654463
1499.4423748494 746.9623261086953 5.331089630451718 1.4351657333318144
1499.4260772705145 746.9610902008764 5.342474803854922 1.4518405334092677
1499.4095402660912 746.9598312092945 5.354092527495305 1.4685095334425569
1499.3927634460056 746.9585489701949 5.365944514206889 1.4855054332874715
1499.3757464087084 746.957243316866 5.378032471673227 1.5022013334091753
1499.3584887411769 746.9559140795506 5.3903581026715255 1.5188684333115816
1499.3409900188658 746.9545610853573 5.402923105315466 1.5355401332490146
1499.3232498056595 746.9531841581745 5.415729173296713 1.552212233422324
1499.3052676538232 746.9517831185838 5.428777996125127 1.568881833460182
1499.2870431039546 746.9503577837758 5.442071259367692 1.5855564333032817
1499.268575684936 746.9489079674664 5.455610644886169 1.6022286333609372
1499.249864913887 746.9474334798144 5.469397831073479 1.6188990334048867
1499.2309102961158 746.945934127339 5.483434493088828 1.6355693333316594
1499.2117113250724 746.9444097128393 5.497722303091593 1.6528024333529174
1499.192267482301 746.9428600353134 5.512262930473962 1.6695610333699733
1499.172578237393 746.9412848898792 5.5270580420923565 1.6862314334139228
1499.1526430479398 746.9396840676947 5.542109302497633 1.7029076332692057
1499.1324613594854 746.9380573558796 5.557418374164082 1.71957593341358
1499.1120326054809 746.9364045374373 5.57298691771723 1.7362468333449215
1499.091356207237 746.934725391177 5.588816592160461 1.7529301333706826
1499.0704315738776 746.9330196916362 5.604909055100457 1.7696037334389985
1499.0492581022945 746.9312872090037 5.621265962971487 1.7862735334783792
1499.0278351771003 746.9295277090426 5.637888971258536 1.8037052333820611
1499.0061621705827 746.9277409530142 5.654779734719293 1.8203744334168732
1498.9842384426593 746.9259266976007 5.671939907605012 1.8370431333314627
1498.962063340831 746.9240846948294 5.6893711438802494 1.8537150332704186
1498.939636200138 746.9222146919961 5.707075097441499 1.8703832332976162
1498.9169563431133 746.9203164315892 5.725053422334723 1.8870531334541738
1498.8940230797375 746.9183896512126 5.743307772971796 1.9037222333718091
1498.870835707395 746.9164340835099 5.761839804345882 1.920397633453831
1498.8473935108277 746.9144494560877 5.7806511722457365 1.9370709334034473
1498.8236957620918 746.9124354914389 5.799743533468961 1.9537423334550112
1498.7997417205117 746.9103919068657 5.819118546034211 1.970410333480686
1498.775530632637 746.9083184144026 5.838777869392378 1.9870865333359689
1498.751061732197 746.906214720739 5.858723164636744 2.003908933373168
1498.7263342400583 746.9040805271413 5.878956094712134 2.020588433369994
1498.7013473641794 746.9019155293754 5.899478324623065 2.0372592334169894
1498.676100299567 746.8997194176275 5.920291521640907 2.0539586334489286
1498.6505922282336 746.8974918764256 5.941397355510077 2.070629733381793
1498.6248223191526 746.8952325845606 5.962797498653253 2.087301133433357
1498.598789728216 746.8929412150059 5.98449362637565 2.1039956333115697
1498.5724935981905 746.890617434837 6.00648741706834 2.120670433389023
1498.5459330586752 746.8882609051516 6.02878055241065 2.1373472332488745
1498.5191072260584 746.885871280987 6.051374717571633 2.154022033326328
1498.4920152034745 746.8834482112387 6.074271601410632 2.170690633356571
1498.4646560807623 746.8809913385777 6.097472896676942 2.1873577332589775
1498.437028934422 746.8785002993668 6.1209803002085925 2.204032133333385
1498.409132827573 746.8759747235767 6.144795513130242 2.2207305333577096
1498.3809668099127 746.8734142347013 6.168920241050213 2.2374636332970113
1498.3525299176729 746.8708184496717 6.1933561942566735 2.254137633368373
1498.32382117358 746.8681869787704 6.21810508791297 2.270804933272302
1498.2948395868118 746.8655194255437 6.243168642252127 2.287472333293408
1498.2655841529577 746.8628153867137 6.26854858277053 2.304145533358678
1498.2360538539758 746.8600744520896 6.294246640420788 2.320823833346367
1498.2062476581534 746.8572962044776 6.3202645518038025 2.3374927332624793
1498.1761645200652 746.8544802195903 6.3466040593600415 2.354164033429697
1498.1458033805327 746.851626065955 6.373266911560034 2.3708352334797382
1498.1151631665844 746.8487333048207 6.400254863094095 2.387507733423263
1498.0842427914145 746.8458014900649 6.427569675061296 2.404179433360696
1498.0530411543434 746.8428301680984 6.455213115157679 2.4208543333224952
1498.0215571407782 746.8398188777697 6.48318695786374 2.4375224334653467
1497.9897896221723 746.8367671502681 6.511492984631182 2.454198233317584
1497.957737455986 746.8336745090254 6.540132984068948 2.470865433337167
1497.9253994856474 746.8305404696173 6.5691087521285505 2.487599433399737
1497.8927745405133 746.8273645396625 6.598422092288702 2.5042762332595885
1497.8598614358307 746.8241462187216 6.628074815739261 2.520946133416146
1497.8266589726975 746.820884998194 6.6580687415644935 2.5376193332485855
1497.7931659380245 746.817580361214 6.688405696925678 2.5550261333119124
1497.7593811044976 746.8142317825462 6.719087517243048 2.5716994332615286
1497.7253032305393 746.810838728478 6.750116046377085 2.588374033337459
1497.6909310602716 746.807400656712 6.781493136809173 2.605040933471173
1497.6562633234782 746.8039170162576 6.813220649821637 2.6217140334192663
1497.6212987355675 746.8003872473193 6.845300455677143 2.638380733318627
1497.586035997536 746.7968107811855 6.877734433797508 2.6550534332636744
1497.5504737959322 746.793187040115 6.9105244729418995 2.6717953332699835
1497.5146108028189 746.7895154372218 6.943672471384443 2.6884669333230704
1497.4784456757384 746.7857953763596 6.977180337091257 2.705135033465922
1497.441977057677 746.7820262520033 7.01104998789691 2.721804633270949
1497.4052035770287 746.7782074491303 7.045283351680315 2.7384792333468795
1497.3681238475615 746.774338343099 7.079882366540068 2.7551484333816916
1497.3307364683815 746.7704182995274 7.114848980969248 2.7718224334530532
1497.2930400238995 746.7664466741683 7.150185154029672 2.7884920332580805
1497.2550330837967 746.762422812784 7.1858928555256245 2.8051605334039778
1497.2167142029907 746.7583460510195 7.2219740661770695 2.8218309334479272
1497.1780819216035 746.7542157142731 7.258430777792351 2.8385065332986414
1497.1391347649276 746.7500311175659 7.295264993440388 2.8551763333380222
1497.0998712433939 746.7457915654098 7.332478727622374 2.8718489333987236
1497.0602898525399 746.7414963516735 7.370074006442994 2.8885250333696604
1497.020389072978 746.7371447594464 7.4080528677811595 2.905310233356431
1496.9801673703648 746.7327360609016 7.44641736146027 2.9219777332618833
1496.93962319537 746.728269517156 7.485169549418018 2.938645933289081
1496.8987549836459 746.7237443781296 7.524311505875729 2.9557175333611667
1496.857561155799 746.7191598824019 7.563845317507263 2.972384833265096
1496.8160401173595 746.7145152570673 7.6037730836074635 2.9890569334384054
1496.7741902587534 746.7098097175885 7.644096916260181 3.0057340334169567
1496.732009955274 746.7050424676473 7.684818940505866 3.022402733331546
1496.6894975670548 746.7002126989938 7.725941294508741 3.0390782332979143
1496.6466514390418 746.695319591294 7.767466129723559 3.0557454333174974
1496.6034699009674 746.6903623119749 7.809395611061957 3.072413133457303
1496.559951267325 746.6853400160676 7.851731917058405 3.089086833409965
1496.5160938373429 746.6802518460483 7.894477240035766 3.106085933279246
1496.4718958949607 746.6750969316781 7.9376337862704585 3.1227603333536536
1496.4273557088047 746.6698743898388 7.981203776157247 3.1394273333717138
1496.382471532165 746.6645833243686 8.025189444373646 3.156114733312279
1496.3372416029727 746.659222825894 8.069593040043964 3.173200433375314
1496.2916641437782 746.6537919716608 8.114416826902968 3.189871233422309
1496.2457373617308 746.6482898253618 8.159663083459197 3.206543133361265
1496.1994594485568 746.6427154369629 8.20533410315792 3.2232133334036916
1496.1528285805416 746.637067842527 8.251432194543739 3.23988573346287
1496.10584291851 746.6313460640347 8.297959681422848 3.256559933302924
1496.0585006078086 746.6255491092036 8.344918903024947 3.2732347333803773
1496.0107997782889 746.6196759713051 8.392312214164829 3.289906633319333
1495.9627385442911 746.6137256289785 8.440141985403622 3.306581133278087
1495.9143150046286 746.6076970460426 8.48841060320971 3.3232506334315985
1495.865527242574 746.6015891713054 8.537120470119321 3.340000133262947
1495.8163733258455 746.5954009383704 8.586274004896804 3.3567107333801687
1495.7668513065944 746.5891312654419 8.635873642694577 3.3733819334302098
1495.7169592213943 746.582779055126 8.685921835212763 3.3900562333874404
1495.6666950912304 746.5763431942303 8.736421050858514 3.406985833309591
1495.6160569214903 746.5698225535602 8.787373774905024 3.423656333470717
1495.565042701956 746.5632159877138 8.838782509650235 3.4403293333016336
1495.5136504067964 746.5565223348722 8.890649774575236 3.4569969333242625
1495.461877994562 746.549740416589 8.942978106502355 3.4736703333910555
1495.4097234081803 746.5428690375763 8.995770059752962 3.4903439334593713
1495.357184574952 746.5359069854878 9.049028206304948 3.5070151332765818
1495.3042594065491 746.5288530306992 9.102755135949927 3.523686033440754
1495.250945799014 746.5217059260863 9.156953456450127 3.5403544334694743
1495.19724163276 746.5144644067997 9.211625793694985 3.5570215333718807
1495.1431447725734 746.5071271900368 9.266774791857443 3.5737278333399445
1495.0886530676157 746.4996929748113 9.322403113549953 3.590424133464694
1495.0337643514301 746.492160441719 9.378513439980168 3.607120133470744
1494.9784764419464 746.4845282527015 9.435108471106352 3.6237882333807647
1494.9227871414892 746.4767950508063 9.49219092579248 3.6405772333964705
1494.8666942367868 746.4689594599446 9.549763541963038 3.657621333375573
1494.8101954989825 746.4610200846448 9.607829076757524 3.6742925334256142
1494.7532886836473 746.4529755098046 9.666390306684642 3.690960433334112
1494.6959715307935 746.4448243004383 9.72545002777619 3.707670633448288
1494.6382417648913 746.4365650014227 9.785011055740643 3.7243533334694803
1494.5800970948862 746.4281961372382 9.845076226116415 3.741029933327809
1494.521535214219 746.419716211708 9.905648394424817 3.7576984334737062
1494.4625538008465 746.4111237077333 9.966730436322694 3.7743680332787335
1494.4031505172659 746.4024170870256 10.028325247754731 3.791037933435291
1494.343323010539 746.3935947898356 10.090435745105447 3.807716033421457
1494.2830689123211 746.3846552346786 10.153064865350846 3.8246143334545195
1494.2223858388888 746.3755968180571 10.216215566209739 3.841281133471057
1494.1612713911727 746.3664179141799 10.279890826294722 3.8579561333172023
1494.0997231547906 746.3571168746768 10.344093645262802 3.874629733385518
1494.0377387000842 746.3476920283113 10.408827043965683 3.891305333469063
1493.9753155821566 746.3381416806892 10.474094064599676 3.907973333261907
1493.912451340913 746.3284641139635 10.53989777085525 3.924640233395621
1493.8491435011047 746.318657586536 10.606241248066206 3.941314533352852
1493.785389572373 746.3087203327553 10.673127603358477 3.9579864332918078
1493.7211870492993 746.2986505626116 10.740559965798514 3.974655333440751
1493.6565334114532 746.2884464614267 10.808541486541298 3.991331333294511
1493.5914261234482 746.2781061895421 10.877075338977926 4.0080010334495455
1493.525862634996 746.267627882002 10.94616471888278 4.024913733359426
1493.459840380966 746.2570096482332 11.015812844560273 4.041619333438575
1493.3933567814465 746.246249571721 11.08602295699114 4.0583110332954675
1493.32640924181 746.2353457096818 11.156798319978295 4.074984133476391
1493.2589951527798 746.2242960927314 11.228142220292202 4.091651333263144
1493.1911118905005 746.2130987245492 11.30005796781579 4.108326133340597
1493.1227568166125 746.2017515815402 11.372548895688862 4.125002533430234
1493.0539272783285 746.1902526124904 11.445618360452004 4.141673033358529
1492.9846206085133 746.1785997382211 11.519269742189978 4.158343933289871
1492.9148341257676 746.1667908512374 11.593506444674583 4.175016233464703
1492.8445651345148 746.1548238153729 11.66833189550696 4.191697733476758
1492.7738109250918 746.1426964654318 11.743749546259336 4.208404033444822
1492.7025687738424 746.1304066068249 11.819762872616186 4.225076733389869
1492.630835943215 746.1179520152035 11.896375374514797 4.241747333435342
1492.5586096818652 746.1053304360877 11.973590576285202 4.258420533267781
1492.4858872247592 746.0925395844915 12.051412026789498 4.275889333337545
1492.4126657932848 746.0795771445438 12.129843299560486 4.292556833475828
1492.3389425953633 746.0664407691041 12.208887992939646 4.309229333419353
1492.2647148255674 746.0531280793757 12.288549730214413 4.3258993334602565
1492.1899796652428 746.0396366645135 12.368832159754726 4.342567933257669
1492.1147342826341 746.025964081228 12.449738955148844 4.359241833444685
1492.0389758330143 746.0121078533849 12.531273815338379 4.375914833275601
1491.9627014588202 745.9980654716005 12.613440464752562 4.392582333413884
1491.8859082897916 745.9838343928328 12.696242653441669 4.409259533276781
1491.8085934431147 745.9694120399685 12.779684157209616 4.425934333354235
1491.7307540235715 745.9547958014049 12.863768777745689 4.442603033268824
1491.6523871236934 745.9399830306286 12.948500342755365 4.459273433312774
1491.5734898239193 745.9249710457887 13.033882706090214 4.475947633385658
1491.4940591927596 745.9097571292664 13.119919747876844 4.4926204334478825
1491.4140922869656 745.8943385272398 13.20661537464486 4.509293833281845
1491.333586151703 745.8787124492443 13.293973519453798 4.526374833425507
1491.2525378207324 745.8628760677283 13.381998142019018 4.543049733387306
1491.1709443165942 745.8468265176055 13.470693228836504 4.559722933452576
1491.0888026507994 745.8305608958009 13.560062793306543 4.5764007333200425
1491.006109824027 745.8140762607944 13.650110875856251 4.593071333365515
1490.9228628263256 745.7973696321583 13.740841544060906 4.60980773344636
1490.839058637324 745.7804379900905 13.832258892764044 4.626481533283368
1490.754694226444 745.7632782749444 13.924367044196284 4.643156633479521
1490.669766553123 745.7458873867524 14.017170148092848 4.659833633340895
1490.5842725670414 745.7282621847467 14.110672381809712 4.676510433433577
1490.4982092083562 745.710399486874 14.204877950438371 4.693177233450115
1490.411573407943 745.692296069307 14.299791086919159 4.709848533384502
1490.3243620876428 745.6739486659498 14.395416052153069 4.726517333416268
1490.2365721605172 745.6553539679405 14.491757135112055 4.74318993347697
1490.14820053111 745.6365086231481 14.588818652947733 4.759863733313978
1490.0592440957164 745.6174092356646 14.686604951098452 4.777023333357647
1489.9696997426602 745.5980523652938 14.785120403394679 4.793694433290511
1489.8795643525768 745.5784345270346 14.884369412162638 4.810361433308572
1489.788834798706 745.5585521905596 14.98435640832616 4.82703073346056
1489.6975079471906 745.5384017796899 15.085085851506674 4.843697533477098
1489.6055806573854 745.5179796718652 15.186562230121293 4.86065353336744
1489.5130497821722 745.4972821976087 15.288790061478919 4.877342833438888
1489.419912168284 745.4763056399885 15.391773891874331 4.894439933355898
1489.3261646566386 745.4550462340736 15.495518296680167 4.9111138333100826
1489.2318040826792 745.4335001663865 15.600027880436743 4.92778823338449
1489.1368272767247 745.4116635743501 15.705307276939651 4.944456033408642
1489.0412310643294 745.3895325457312 15.811361149325059 4.961132133379579
1488.9450122666515 745.3671031180792 15.918194190152633 4.9778017334174365
1488.8481677008303 745.3443712781605 16.02581112148603 4.994476833380759
1488.7506941803745 745.3213329613884 16.13421669497087 5.011151933344081
1488.6525885155586 745.2979840512492 16.243415691910116 5.027823033276945
1488.55384751383 745.2743203787232 16.353412923336762 5.044501633383334
1488.4544679802268 745.2503377217027 16.464213230083804 5.0611895334441215
1488.3544467178042 745.2260318044042 16.575821482851335 5.07786783343181
1488.2537805280733 745.2013982967782 16.68824258227074 5.0955733333248645
1488.1524662114493 745.1764328139135 16.801481458965853 5.112241133349016
1488.0505005677107 745.1511309154384 16.915543073611037 5.128917833324522
1487.9478803964707 745.1254881049176 17.030432416986038 5.145588033366948
1487.844602497658 745.0994998292449 17.146154510027564 5.162261333316565
1487.7406636720107 745.0731614780325 17.262714403877453 5.178928633453324
1487.6360607215813 745.0464683829961 17.380117179927357 5.195598533377051
1487.5307904502533 745.0194158173368 17.49836794985982 5.21226613339968
1487.4248496642706 744.991998995119 17.617471855685643 5.228992633288726
1487.3182351727787 744.9642130706445 17.73743406977744 5.245684033259749
1487.2109437883787 744.9360531378235 17.85825979489924 5.262584733311087
1487.1029723276938 744.9075142295422 17.979954264232074 5.279263833304867
1486.9943176119493 744.8785913170269 18.102522741395358 5.297496933257207
1486.8849764675656 744.8492793092049 18.225970520464006 5.31417203345336
1486.7749457267644 744.8195730520624 18.350302925981115 5.330841233255342
1486.664222228189 744.7894673279992 18.47552531296609 5.347516133449972
1486.552802817538 744.7589568551807 18.601643066918122 5.364191533299163
1486.440684348214 744.7280362868871 18.728661603814796 5.380862533347681
1486.3278636819866 744.6967002108597 18.85658637010578 5.397538033314049
1486.2143376896684 744.6649431486449 18.985422842701396 5.414496033452451
1486.1001032518086 744.6327595549353 19.11517652895592 5.431166533380747
1485.9851572593996 744.6001438169096 19.2458529666455 5.447834633290768
1485.8694966146002 744.5670902535693 19.37745772394049 5.464506033342332
1485.7531182314738 744.5335931150735 19.509996399372085 5.481180833419785
1485.6360190367427 744.4996465820725 19.64347462179303 5.497853933367878
1485.5181959705592 744.4652447650394 19.777898050332297 5.514524533413351
1485.3996459872917 744.4303817035999 19.913272374343524 5.531198233366013
1485.2803660563293 744.395051365861 20.049603313347024 5.547870433423668
1485.160353162902 744.3592476477389 20.186896616965218 5.564543733373284
1485.0396043089188 744.3229643722854 20.325158064851262 5.581597633427009
1484.9181165138225 744.2861952890132 20.464393466610712 5.598269533365965
1484.795886815464 744.2489340732224 20.604608661715993 5.614963733358309
1484.6729122709928 744.2111743253239 20.745809519413495 5.631638433318585
1484.5491899577667 744.1729095701652 20.888001938623066 5.6483113332651556
1484.42471697428 744.1341332563547 21.03119184782971 5.664981633424759
1484.299490441111 744.0948387555871 21.175385204967238 5.681657433276996
1484.1735075018873 744.055019361969 21.32058799729367 5.698326033307239
1484.046765324273 744.0146682913452 21.46680624125815 5.714999833377078
1483.9192611009732 743.9737786806264 21.61404598235912 5.731672833440825
1483.7909920507593 743.9323435871183 21.76231329499352 5.7483486332930624
1483.6619554195154 743.8903559878516 21.911614282296767 5.765093033434823
1483.5321484813048 743.847808778915 22.061955075973255 5.7817674332764
1483.401568539457 743.8046947747891 22.213341836117074 5.798460733378306
1483.2702129276765 743.7610067076843 22.365780751022726 5.8151291334070265
1483.1380790111725 743.7167372268797 22.519278036985536 5.831805633381009
1483.005164187811 743.671878898067 22.673839938091465 5.848679733462632
1482.8714658892886 743.6264242026969 22.82947272599603 5.865353333298117
1482.7369815823288 743.5803655373288 22.986182699692055 5.882057233480737
1482.6017087699008 743.5336952129863 23.143976185265895 5.898728033294901
1482.4656449924614 743.4864054545155 23.302859535641872 5.915396133437753
1482.32878782922 743.4384883999495 23.46283913031454 5.932068133261055
1482.191134899427 743.3899360998776 23.62392137506849 5.948735233396292
1482.0526838636872 743.3407405168203 23.786112701685333 5.9656723332591355
1481.9134324252957 743.2908935246112 23.94941956763748 5.982344433432445
1481.7733783315987 743.2403869077838 24.113848455768423 5.9990129333455116
1481.6325193753796 743.1892123609673 24.279405873959078 6.015683433273807
1481.4908533962698 743.1373614882889 24.446098354779856 6.03235853346996
1481.3483782821845 743.0848258027836 24.61393245512805 6.049153333296999
1481.2050919707845 743.0315967258135 24.78291475585014 6.065820233430713
1481.060992450963 742.9776655864956 24.95305186134861 6.0824879333376884
1480.9160777643604 742.9230236211387 25.124350399172858 6.099160133395344
1480.7703460069026 742.8676619726905 25.296817019593767 6.1159178332891315
1480.6237953303694 742.8115716901959 25.470458395161476 6.132586033316329
1480.4764239439864 742.7547437282653 25.645281220245927 6.149262133287266
1480.3282301160475 742.6971689465553 25.821292210559715 6.165929333306849
1480.1792121755616 742.638838109261 25.99849810266274 6.182598133338615
1480.02936851393 742.5797418846221 26.17690565344821 6.199267733376473
1479.8786975866499 742.5198708444416 26.356521639609454 6.215934933396056
1479.7271979150462 742.4592154636188 26.53735285708709 6.232608433347195
1479.5748680880333 742.3977661196974 26.719406120495947 6.249280733289197
1479.421706763904 742.3355130924286 26.902688262531267 6.265957333380356
1479.2677126721478 742.2724465633506 27.087206133353607 6.2826466334518045
1479.112884615299 742.2085566153847 27.27296659995187 6.299313633469865
1478.9572214708137 742.1438332324491 27.45997654548391 6.315989833325148
1478.800722192976 742.0782662990907 27.6482428685941 6.3326614333782345
1478.643385814835 742.0118456001364 27.83777248270724 6.349330033408478
1478.4852114501707 741.944560820364 28.028572315298252 6.366024433402345
1478.3261982954912 741.8764015441932 28.22064930713693 6.382700033253059
1478.1663456320591 741.8073572553988 28.414010411507164 6.399369233287871
1478.0056528279497 741.7374173368456 28.608662593399952 6.416036933427677
1477.8441193401381 741.6665710702471 28.80461282867951 6.432706133462489
1477.681744716619 741.5948076359468 29.00186810322179 6.4493742333725095
1477.5185285985563 741.5221161127263 29.200435412024685 6.466051033465192
1477.3544707224635 741.4484854776372 29.40032175828922 6.482811433263123
1477.1895709224161 741.3739046058613 29.601534152470915 6.499488033354282
1477.023829132295 741.2983622705975 29.804079611300647 6.516183933475986
1476.8572453880608 741.2218471429777 30.007965156774148 6.532934233313426
1476.6898198300592 741.1443477920122 30.213197815109396 6.549608133267611
1476.5215527053585 741.0658526845664 30.419784615671063 6.566283233463764
1476.3524443701185 740.9863501853677 30.627732589861168 6.582953233271837
1476.18249529199 740.9058285570469 30.837048769975137 6.599622733425349
1476.0117060525463 740.8242759602123 31.04774018802233 6.61629393347539
1475.8400773497453 740.741680453559 31.259813874510208 6.6329611332621425
1475.6676100004247 740.6580299940144 31.473276857191202 6.649635733338073
1475.4943049428255 740.573312436921 31.688136159771364 6.66630873340182
1475.3201632391492 740.4875155362568 31.904398800579852 6.682985733263195
1475.1451860781447 740.4006269448962 32.1220717911983 6.700444533256814
1474.969374777726 740.3126342149116 32.341162135049075 6.71711813332513
1474.7927307876207 740.223524797916 32.56167682594141 6.733790933387354
1474.6152556920495 740.13328604545 32.78362284657445 6.750468533253297
1474.4369512124342 740.0419052094124 33.00700716699606 6.767180333379656
1474.257819210138 739.949369442538 33.23183674301645 6.783861233387142
1474.0778616892328 739.8556657989202 33.45811851457545 6.8005327333230525
1473.897080799298 739.7607812345847 33.68585940406242 6.817203733371571
1473.7154788382472 739.6647026081109 33.91506631458754 6.833870533388108
1473.5330582551835 739.5674166813062 34.14574612820352 6.850541933439672
1473.3498216532826 739.4689101199315 34.37790570407638 6.867215933278203
1473.1657717927044 739.3691694944814 34.61155187660432 6.883896833285689
1472.9809115935311 739.2681812810201 34.846691453483245 6.900567633332685
1472.7952441387324 739.1659318620739 35.083331213718004 6.917275333311409
1472.6087726771561 739.0624075275815 35.32147790557786 6.933947033248842
1472.4215006265442 738.9575944759057 35.56113824449504 6.950616733403876
1472.2334315765745 738.851478814905 35.80231891090517 6.967335933353752
1472.0445692919254 738.7440465630692 36.045026548028126 6.984004933387041
1471.8549177153645 738.6352836507185 36.289267759588135 7.000679133459926
1471.6644809708596 738.5251759212698 36.535049107471735 7.01735473331064
1471.4732633667106 738.4137091325694 36.782377109322276 7.034024333348498
1471.2812693987034 738.3008689582958 37.03125823606958 7.050691933371127
1471.0885037532828 738.1866409894334 37.2816989093934 7.067359333392233
1470.894971310744 738.0710107358174 37.53370549911925 7.084091233322397
1470.7006771484423 737.9539636277542 37.787284320545304 7.1007677332963794
1470.5056265440194 737.8354850177169 38.042441631698786 7.117439733352512
1470.3098249786447 737.7155601821175 38.299183630520574 7.134162033442408
1470.113278140271 737.5941743231596 38.55751645197646 7.151350633474067
1469.9159919269032 737.4713125707698 38.817446165093706 7.168019033269957
1469.7179724498785 737.3469599846132 39.07897876992133 7.184696533251554
1469.5192260371564 737.2211015561918 39.34212019441276 7.2013766332529485
1469.3197592366175 737.0937222110286 39.60687629122929 7.218051033327356
1469.11957881937 736.9648068109396 39.87325283446294 7.2347252334002405
1468.91869178306 736.834340156394 40.141255516277106 7.251398833468556
1468.7171053551874 736.7023069889652 40.41088994346366 7.268069133395329
1468.5148269964227 736.568691993875 40.68216163391489 7.28473753342405
1468.3118644039237 736.4334798026297 40.95507601300887 7.302376333391294
1468.108225514651 736.296654995754 41.22963840990674 7.319049233337864
1467.9039185086797 736.1582021056205 41.505854053760395 7.335844933288172
1467.6989518125047 736.0181056193784 41.78372806982916 7.352764233481139
1467.4933341023377 735.8763499819827 42.06326547550395 7.369434233289212
1467.2870743073952 735.7329195993251 42.34447117623748 7.3861026333179325
1467.080181613172 735.5877988414686 42.62734996137912 7.402773133479059
1466.872665464702 735.4409720459865 42.91190649991289 7.419440633384511
1466.6645355697988 735.2924235214086 43.19814533609731 7.4361093332991
1466.4558019022777 735.1421375507745 43.48607088500567 7.452783033251762
1466.2464747051552 734.9900983952965 43.77568742796532 7.469450433272868
1466.0365644938213 734.8362902981338 44.06699910789488 7.4861274333670735
1465.8260820591854 734.6806974882774 44.36000992453778 7.502801833441481
1465.615038470789 734.5233041845493 44.65472372959117 7.519470033468679
1465.403445079884 734.3640945997156 44.95114422172884 7.5365646332502365
1465.1913135224759 734.2030529447159 45.24927494151705 7.554208333371207
1464.9786557223222 734.0401634330084 45.549119266222164 7.570882633328438
1464.76548389389 733.875410285034 45.85068040450904 7.5875569332856685
1464.5518105452634 733.7087777327986 46.153961391029235 7.6042318334802985
1464.3376484810021 733.5402500245744 46.45896508089797 7.620903133414686
1464.1230108049435 733.3698114297234 46.76569414405921 7.637579933274537
1463.9079109229463 733.1974462436406 47.074151059537904 7.6542546334676445
1463.692362545573 733.0231387928194 47.38433810957877 7.670926133403555
1463.4763796907046 732.8468734400403 47.69625737367104 7.687599633354694
1463.2599766860862 732.6686345896816 48.009910722458585 7.7042772334534675
1463.0431681717978 732.488406693153 48.325299811535096 7.720950033282861
1462.8259691026453 732.3061742544544 48.64242607512392 7.737617233302444
1462.608394750471 732.1219218358561 48.96129071964241 7.754285133443773
1462.3904607063737 731.9356340637042 49.28189471715071 7.770955633372068
1462.1721828828397 731.7472956343488 49.60423879868503 7.787626033416018
1461.9535775157751 731.5568913201954 49.92832344747552 7.804618133464828
1461.7346611664384 731.3644059758791 50.25414889204922 7.821285433368757
1461.5154507232664 731.1698245445613 50.58171509921839 7.83795743342489
1461.2959634035897 730.9731320643472 50.91102176695495 7.854627233464271
1461.0762167552316 730.7743136748248 51.242068317151805 7.8712942332495
1460.856228657988 730.5733546237229 51.57485388827201 7.8879669334273785
1460.6360173249786 730.3702402736874 51.90937732788692 7.904641733272001
1460.4156013038703 730.1649561091749 52.24563718510467 7.921777533367276
1460.1949994779616 729.9574877434615 52.58363170289049 7.9385089334100485
1459.9742310671268 729.7478209257649 52.92335881028066 7.9551806333474815
1459.7533156286129 729.535941548479 53.264816114491964 7.971850833389908
1459.5322730576836 729.3218356545162 53.608000892928914 7.9885234334506094
1459.3111235881063 729.105489444759 53.95291008509109 8.00519773340784
1459.0898877924747 728.8868892856135 54.29954028438329 8.021866333438084
1458.868586582363 728.6660217166661 54.64788772983138 8.038537233369425
1458.6472412083056 728.4428734584382 54.99794829770699 8.055210533319041
1458.4258732595963 728.217431420235 55.349717493064524 8.071887333411723
1458.2045046639014 727.9896827080873 55.7031904411942 8.088555933441967
1457.983157686682 727.7596146327797 56.05836187899507 8.105233033420518
1457.7618549304188 727.5272147179627 56.41522614627237 8.122107633389533
1457.5406193336341 727.2924707083438 56.77377717696377 8.138782533351332
1457.3194741697052 727.0553705779535 57.13400849029948 8.155475133331493
1457.0984430454646 726.8159025384801 57.49591318190135 8.172149933408946
1456.87754989958 726.5740550476697 57.859483914826676 8.188824333250523
1456.656819000709 726.3298168177844 58.22471291056245 8.205492133274674
1456.4362749454247 726.0831768241137 58.591591939976475 8.22216913336888
1456.2159426559037 725.8341243135335 58.96011231423174 8.238844333449379
1455.995847377374 725.5826488131047 59.33026487567125 8.25552003341727
1455.7760146753162 725.3287401387068 59.70203998868037 8.272190833464265
1455.5564704324133 725.0723884036981 60.07542753053463 8.288868033327162
1455.3372408452444 724.8135840275951 60.45041688224085 8.305536733474582
1455.1183524207167 724.5523177447648 60.82699691938012 8.322278633480892
1454.8998319722318 724.2885806131211 61.205156002961495 8.338950533419847
1454.6817066155816 724.0223640228171 61.58488197029552 8.355617933440953
1454.4640037645688 723.753659704925 61.966162125897284 8.372290533268824
1454.2467511263499 723.4824597400947 62.34898323242891 8.3889658334665
1454.0299766964938 723.2087565671824 62.733331501691886 8.405641233315691
1453.8137087537548 722.9325429918391 63.11919258568008 8.422315933275968
1453.5979758545552 722.6538121950503 63.506551567704435 8.438982933294028
1453.3828068271748 722.3725577416154 63.89539295360099 8.455791033338755
1453.168230765644 722.0887735885589 64.28570066303416 8.472461333265528
1452.9542770233388 721.8024540934596 64.67745802090752 8.489131833426654
1452.7409752062736 721.513594022691 65.07064774889469 8.506261333357543
1452.5283551660916 721.2221885595583 65.46525195710348 8.522930833278224
1452.3164469927508 720.9282333123226 65.86125213588663 8.539598333416507
1452.105281006903 720.6317243221006 66.25862914781274 8.556268733460456
1451.894887751966 720.3326580706273 66.65736321981156 8.572942333295941
1451.6852979858895 720.0310314878714 67.05743393550797 8.589612133335322
1451.4765426726115 719.7268419594885 67.4588202277593 8.606284933397546
1451.2686529732084 719.4200873341032 67.86150037141091 8.623167633311823
1451.0616602367388 719.1107659304043 68.26545197628525 8.639841133262962
1450.855595990781 718.7988765440439 68.67065198041985 8.656508033396676
1450.6504919316678 718.4844184543238 69.07707664356998 8.673184633255005
1450.4463799144191 718.1673914306599 69.48470154099171 8.689851533388719
1450.243291942376 717.8477957388102 69.89350155752157 8.706536833429709
1450.0412601565379 717.5256321468523 70.30345088196894 8.723208833253011
1449.8403168246105 717.2009019309004 70.71452300183742 8.739879033295438
1449.6404943297628 716.8736068805449 71.12669069839177 8.75655553326942
1449.441825159103 716.5437493040058 71.53992604208668 8.773228533333167
1449.244341891876 716.2113320329837 71.95420038837402 8.79013473330997
1449.0480771873895 715.8763584271969 72.36948437390491 8.806809133384377
1448.8530637726737 715.5388323785924 72.78574791314318 8.823477033292875
1448.659334429885 715.1987583152165 73.20296019540643 8.840150533476844
1448.4669219834554 714.8561412047352 73.62108968235094 8.856829133350402
1448.2758592870032 714.5109865575889 74.04010410591658 8.873500033281744
1448.0861792100065 714.1633004297724 74.45997046674741 8.89018743345514
1447.8979146242552 713.813089425227 74.88065503310362 8.906854333356023
1447.7110983900857 713.4603606978325 75.30212334028013 8.923532733460888
1447.5257633424137 713.1051219529908 75.72434019054673 8.940204133279622
1447.341942276573 712.7473814487869 76.14726965362429 8.956871133297682
1447.1596679339725 712.3871479967197 76.5708750677113 8.973542633466423
1446.9789729875854 712.0244309619912 76.99511904107415 8.990215833298862
1446.7998900272805 711.6592402633454 77.41996345421444 9.006882733432576
1446.6224515450106 711.2915863724472 77.84536946262568 9.023549733450636
1446.4466899198712 710.9214803127946 78.2712975001514 9.040225433418527
1446.2726374030456 710.548933658154 78.6977072829557 9.056893533328548
1446.100326102646 710.1739585305133 79.12455781411691 9.073561133351177
1445.9297879684725 709.7965675975455 79.55180738885386 9.090335433371365
1445.7610547767001 709.416774069577 79.97941360039383 9.107010933337733
1445.5941581145132 709.0345916960549 80.40733334649 9.123684933409095
1445.4291293647018 708.6500347615101 80.83552283659571 9.1403613332659
1445.265999690237 708.2631180810105 81.26393759970138 9.157033333322033
1445.1048000188441 707.8738569951029 81.69253249283953 9.173707833280787
1444.9455610275872 707.4822673642414 82.12126171026189 9.190384733257815
1444.788313127487 707.0883655626994 82.55007879329153 9.207175933290273
1444.6330864481874 706.6921684719667 82.97893664085206 9.223930933279917
1444.4799108226878 706.2936934736302 83.4077875206746 9.240602833451703
1444.3288157721622 705.8929584417408 83.83658308118221 9.2572710334789
1444.1798304908823 705.4899817346675 84.26527436404996 9.273942033294588
1444.0329838312598 705.0847821864427 84.69381181743807 9.290614533470944
1443.8883042890318 704.6773790976017 85.12214530989387 9.307320933323354
1443.7458199886032 704.2677922255216 85.55022414491712 9.324650533264503
1443.605558668566 703.8560417742652 85.97799707618239 9.341628533322364
1443.4675476674138 703.4421483839369 86.4054123234101 9.358300033258274
1443.33181390947 703.026133119557 86.8324175888774 9.374972733436152
1443.1983838910444 702.6080174594646 87.25896007455808 9.391641633352265
1443.0672836668414 702.1878232832565 87.68498649987964 9.408604933414608
1442.938538836631 701.7655728592744 88.11044312008465 9.425277333473787
1442.8121745322046 701.3412888316489 88.53527574518154 9.441953133326024
1442.688215404628 700.9149942069151 88.95942975946937 9.458631933433935
1442.566685611811 700.486712340211 89.38285014161961 9.47530133347027
1442.4476088064087 700.0564669210715 89.80548148529647 9.49197453330271
1442.331008124067 699.6242819588349 90.22726802029656 9.508645333349705
