1499.999763457169 746.999979589354 10.0 0.09236040012910962
1499.9990540398487 746.9999177490951 10.0 0.3466965334955603
1499.9978720550864 746.9998127416263 10.0 0.38374103349633515
1499.9962177974269 746.9996629035696 10.0 0.4005179333034903
1499.9940915494697 746.9994666426006 10.0 0.41719313338398933
1499.991493582402 746.999222434419 10.0 0.43386503332294524
1499.9884241565092 746.9989288198483 10.0 0.4505358333699405
1499.9848835216626 746.9985844020589 10.0 0.4673062334768474
1499.9808719177884 746.9981878439106 10.0 0.48407093342393637
1499.9763895753135 746.9977378654078 10.0 0.5008932333439589
1499.971436715596 746.9972332412635 10.0 0.5175691333133727
1499.9660135513336 746.996672798568 10.0 0.5342422334942967
1499.9601202869583 746.9960554145563 10.0 0.5509120333008468
1499.9537571190103 746.9953800144708 10.0 0.5676513332873583
1499.9469242364999 746.9946455695164 10.0 0.5848749333526939
1499.9396218212507 746.9938510949014 10.0 0.6020688333082944
1499.9318500482304 746.9929956479632 10.0 0.6187687334604561
1499.9236090858656 746.9920783263732 10.0 0.6354403332807124
1499.9148990963452 746.9910982664192 10.0 0.6521205333992839
1499.905720235909 746.9900546413602 10.0 0.6687924333382398
1499.8960726551254 746.9889466598523 10.0 0.6854718334507197
1499.885956499156 746.9877735644412 10.0 0.7021414334885776
1499.87537190801 746.9865346301194 10.0 0.7188140333164483
1499.864319016787 746.9852291629448 10.0 0.735498333349824
1499.8527979559099 746.9838564987184 10.0 0.7521719334181398
1499.8408088513472 746.9824160017184 10.0 0.7688435334712267
1499.828351824827 746.9809070634885 10.0 0.7855268334969878
1499.8154269940405 746.9793291016775 10.0 0.8021971334237605
1499.802034472838 746.9776815589294 10.0 0.8188771333079785
1499.788174371415 746.9759639018192 10.0 0.8355469333473593
1499.7738467964925 746.9741756198364 10.0 0.852230733493343
1499.7590518514878 746.9723162244095 10.0 0.8705643333960325
1499.7437896366785 746.9703852479744 10.0 0.887236533453688
1499.72806024936 746.9683822430806 10.0 0.9039691335055977
1499.7118637839956 746.966306781537 10.0 0.9206610333640128
1499.6952003323606 746.9641584535935 10.0 0.9374400333035737
1499.6780699836804 746.9619368671578 10.0 0.954118833411485
1499.660472824762 746.9596416470449 10.0 0.9707908334676176
1499.6424089401207 746.9572724342603 10.0 0.9874665334355086
1499.6238784121003 746.9548288853118 10.0 1.0053724334575236
1499.6048813209898 746.9523106715523 10.0 1.0220608334057033
1499.5854177451336 746.9497174785492 10.0 1.0387418332975358
1499.5654877610375 746.9470490054829 10.0 1.0595499332994223
1499.545091443471 746.9443049645679 10.0 1.0799364333506674
1499.5242288655634 746.9414850805018 10.0 1.0966459333430976
1499.5029000988975 746.9385890899355 10.0 1.1145625333301723
1499.4811052135985 746.935616740967 10.0 1.1341977333649993
1499.4588442784195 746.9325677926571 10.0 1.1508665333967656
1499.4361173608224 746.9294420145646 10.0 1.1678024334833026
1499.412924527057 746.926239186303 10.0 1.1845119334757328
1499.3892658422349 746.9229590971144 10.0 1.201209833379835
1499.3651413704015 746.919601545463 10.0 1.2180937333032489
1499.3405511746043 746.9161663386452 10.0 1.2347711334004998
1499.3154953169592 746.9126532924163 10.0 1.2827459333930165
1499.2899738587118 746.9090622306337 10.0 1.2997297334950417
1499.2639868602992 746.9053929849148 10.0 1.3164036334492266
1499.2375343814062 746.9016453943098 10.0 1.3337668334133923
1499.2106164810211 746.8978193049882 10.0 1.3504441333934665
1499.183233217488 746.8939145699392 10.0 1.3671133334282786
1499.155384648557 746.8899310486842 10.0 1.3838580334559083
1499.1270708314335 746.885868607002 10.0 1.4005744333844632
1499.0982918228233 746.8817271166657 10.0 1.418937133392319
1499.0690476789775 746.877506455191 10.0 1.435621033422649
1499.0393384557347 746.8732065055946 10.0 1.4522952334955335
1499.0091642085608 746.8688271561635 10.0 1.4691210333257914
1498.9785249925892 746.8643683002344 10.0 1.4867576332762837
1498.9474208626564 746.8598298359816 10.0 1.5034904333297163
1498.9158518733384 746.8552116662147 10.0 1.5204497333616018
1498.8838180789846 746.8505136981845 10.0 1.5371217334177345
1498.8513195337503 746.8457358433978 10.0 1.5537933334708214
1498.8183562916272 746.8408780174394 10.0 1.5704645332880318
1498.7849284064746 746.8359401398021 10.0 1.5886134332977235
1498.7510359320463 746.8309221337237 10.0 1.6061837333254516
1498.7166789220191 746.8258239260313 10.0 1.6228530334774405
1498.681857430018 746.820645446992 10.0 1.6395919334609061
1498.6465715096422 746.8153866301702 10.0 1.6563940334599465
1498.610821214488 746.8100474122906 10.0 1.6733182333409786
1498.574606598172 746.8046277331074 10.0 1.6905378333758563
1498.5379277143536 746.7991275352788 10.0 1.707211833447218
1498.500784616755 746.7935467642471 10.0 1.7255584334488958
1498.463177359182 746.7878853681243 10.0 1.7426362333353609
1498.4251059955427 746.7821432975812 10.0 1.759315233444795
1498.386570579866 746.776320505743 10.0 1.775990733411163
1498.3475711663189 746.7704169480882 10.0 1.7926656333729625
1498.3081078092239 746.7644325823518 10.0 1.8093666334170848
1498.2681805630746 746.7583673684337 10.0 1.8263970334082842
1498.2277894825513 746.7522212683095 10.0 1.8430698334705085
1498.186934622535 746.7459942459466 10.0 1.8597431334201247
1498.1456160381229 746.7396862672224 10.0 1.879711433313787
1498.10383378464 746.7332972998473 10.0 1.8963850333821028
1498.0615879176537 746.7268273132905 10.0 1.9130555333103985
1498.0188784929846 746.7202762787084 10.0 1.9297258334700018
1497.9757055667199 746.713644168877 10.0 1.9473835334647447
1497.9320691952225 746.7069309581265 10.0 1.9640598334372044
1497.8879694351442 746.7001366222792 10.0 1.9827687332872301
1497.843406343434 746.6932611385894 10.0 1.9994487334042788
1497.798379977349 746.6863044856867 10.0 2.017523833317682
1497.752890394463 746.679266643521 10.0 2.0342002334073186
1497.706937652677 746.6721475933101 10.0 2.050880933413282
1497.6605218102256 746.6649473174897 10.0 2.067554333480075
1497.6136429256871 746.6576657996652 10.0 2.0842266334220767
1497.5663010579904 746.650303024566 10.0 2.100899633485824
1497.5184962664225 746.6428589780013 10.0 2.117566433502361
1497.4702286106365 746.635333646818 10.0 2.1349278334528208
1497.421498150657 746.6277270188605 10.0 2.1516035334207118
1497.3723049468883 746.6200390829318 10.0 2.168933033477515
1497.3226490601191 746.6122698287572 10.0 2.185606533428654
1497.2725305515296 746.604419246948 10.0 2.2022754333447665
1497.2219494826963 746.5964873289684 10.0 2.2189544334542006
1497.1709059155985 746.5884740671024 10.0 2.235674233408645
1497.1193999126226 746.5803794544237 10.0 2.2523482334800065
1497.0674315365675 746.5722034847648 10.0 2.269019033294171
1497.015000850649 746.5639461526896 10.0 2.2857081333640963
1496.9621079185042 746.5556074534655 10.0 2.3023810333106667
1496.908752804197 746.5471873830376 10.0 2.3190595332998782
1496.8549355722207 746.5386859380035 10.0 2.3357354335021228
