1499.99988127383 746.9999949657249 5.000017418300801 0.07776759995613247
1499.9995251769374 746.9999795415987 5.0000708674350145 0.30616313335485756
1499.9989318185699 746.9999528442048 5.000162092697725 0.36562293337192386
1499.9981012985158 746.9999140657762 5.00029277973354 0.3822920334059745
1499.99703370764 746.9998624676386 5.0004645565687245 0.3989608333213255
1499.9957291283706 746.9997973742144 5.000678995580038 0.41563913342542946
1499.994187635144 746.9997181675377 5.000937615401879 0.43235003342851996
1499.992409294808 746.9996242822393 5.001241882773321 0.4490254333941266
1499.9903941669907 746.9995152009585 5.001593214326614 0.4656999333528802
1499.988142304434 746.9993904501473 5.001992978318729 0.4823685333831236
1499.9856537532994 746.9992495962324 5.0024424963074905 0.4990357334027067
1499.9829285534445 746.9990922421044 5.00294304477384 0.5157098333584145
1499.979966738674 746.9989180239071 5.003495856691731 0.5324002333218232
1499.9767683369696 746.9987266080996 5.004102123047163 0.5490687333513051
1499.9733333706965 746.9985176887695 5.004762994307813 0.5657563334098086
1499.9696618567934 746.998290985175 5.005479581844704 0.5824293333571404
1499.9657538069428 746.9980462394956 5.006252959307331 0.5991054333280772
1499.9616092277265 746.9977832147749 5.007084163953629 0.6157727333484218
1499.9572281207672 746.9975016930389 5.00797419793614 0.6324450334068388
1499.952610482855 746.9972014735729 5.008924029545707 0.6492595333838835
1499.947756306064 746.9968823713466 5.009934594413991 0.6659364333609119
1499.9426655778568 746.9965442155716 5.011006796676089 0.6829437334090471
1499.9373382811784 746.9961868483824 5.012141510094474 0.6996108334278688
1499.931774394543 746.995810123629 5.013339579145482 0.7162788333371282
1499.9259738921105 746.9954139057716 5.014601820069504 0.7329523334046826
1499.9199367437561 746.9949980688697 5.0159290218860475 0.7496459333924577
1499.9136629151342 746.9945624956565 5.017321947374769 0.7663217333611101
1499.9071523677337 746.9941070766913 5.018781334023567 0.7829945334233344
1499.9004050589301 746.9936317095843 5.020307894944797 0.7996713333996013
1499.8934209420306 746.9931362982863 5.021902319760628 0.8163444333476946
1499.8861999663152 746.9926207524393 5.023565275458537 0.8330161334015429
1499.8787420770734 746.9920849867805 5.025297407217925 0.8496890333481133
1499.871047215638 746.9915289205978 5.027099339208771 0.8663650333182886
1499.8631153194133 746.9909524772308 5.028971675363262 0.8830380333820358
1499.8549463219017 746.9903555836135 5.0309150001212695 0.8997126333415508
1499.8465401527271 746.9897381698553 5.03292987915054 0.9163824333809316
1499.8378967376555 746.989100168858 5.03501686004243 0.9330687334295362
1499.829015998613 746.9884415159643 5.037176472983996 0.950040933326818
1499.8198978537018 746.987762148635 5.039409231407224 0.9667222333373502
1499.8105422172146 746.9870620061553 5.0417156326161585 0.9833903333637863
1499.8009489996464 746.9863410293626 5.044096158392662 1.0000615334138274
1499.7911181077054 746.9855991604 5.046551275581527 1.0167305333307013
1499.7810494443227 746.9848363424883 5.049081436655627 1.0334352334029973
1499.770742908659 746.9840525197169 5.05168708026177 1.0501074333442375
1499.7601983961124 746.9832476368534 5.054368631747913 1.0667741333600134
1499.7494157983233 746.9824216391678 5.057126503672357 1.0834473334252834
1499.7383950031794 746.981574472271 5.059961096295536 1.1002776334062219
1499.7271358948194 746.9807060819674 5.062872798054971 1.1170999333262444
1499.7156383536355 746.979816414119 5.065861986023983 1.1338136333506554
1499.7039022562763 746.9789054145207 5.068929026354695 1.150515133398585
1499.6919274756478 746.9779730287853 5.072074274705858 1.1671863333322108
1499.6797138809152 746.9770192022387 5.075298076656027 1.183855133363977
1499.6672613375024 746.9760438798226 5.0786007681025715 1.2005277334246784
1499.6545697070928 746.9750470060054 5.081982675647006 1.2172061334131286
1499.6416388476284 746.9740285247007 5.085444116967112 1.2344412333332002
1499.6284686133095 746.9729883791907 5.088985401176293 1.251113233389333
1499.6150588545934 746.9719265120578 5.0926068291706015 1.267934733419679
1499.601409418193 746.9708428651196 5.096308693963861 1.284800733323209
1499.587520147075 746.9697373793697 5.100091281011288 1.3014743333915249
1499.5733908804586 746.9686099949233 5.103954868522003 1.3181419334141538
1499.5590214538129 746.9674606509668 5.107899727760815 1.3348106333287433
1499.5444116988544 746.9662892857108 5.111926123339654 1.3517886333866045
1499.5295614435454 746.9650958363469 5.116034313498984 1.3684856334002689
1499.5144705120906 746.963880239008 5.120224550379569 1.3851567333331332
1499.4991387249352 746.9626424287304 5.124497080284899 1.4018316334113479
1499.483565898761 746.9613823394203 5.128852143934609 1.4186952334130183
1499.4677518464848 746.9600999038211 5.133289976709202 1.435389433405362
1499.4516963772544 746.9587950534836 5.137810808886361 1.4521086333552375
1499.4353992964461 746.9574677187387 5.14241486586916 1.4687829334288836
1499.4188604056612 746.9561178286707 5.147102368406431 1.4854517333442345
1499.4020795027232 746.9547453110937 5.1518735328055785 1.5021281333174556
1499.3850563816743 746.9533500925287 5.156728571138084 1.518797633354552
1499.3677908327725 746.9519320981823 5.16166769143796 1.5354720334289595
1499.3502826424876 746.9504912519265 5.166691097893399 1.5521974334260449
1499.3325315934987 746.9490274762802 5.171798991031849 1.5688968333415687
1499.3145374646908 746.9475406923915 5.176991567898742 1.5855722334235907
1499.2963000311506 746.9460308200205 5.182269022230094 1.6149996333988383
1499.2778190641643 746.9444977775238 5.187631544619193 1.631673933356069
1499.2590943312132 746.9429414818393 5.193079322677576 1.6490619333926588
1499.2401255959712 746.9413618484716 5.198612541190491 1.6657295334152877
1499.2209126183009 746.939758791479 5.204231382267037 1.6823985333321616
1499.2014551542502 746.9381322234595 5.209936025485165 1.6990756334271282
1499.1817529560494 746.9364820555393 5.215726648031723 1.7162466333247721
1499.1618057721073 746.9348081973596 5.2216034248377055 1.7329196333885193
1499.141613347008 746.9331105570664 5.227566528708886 1.7496038334211335
1499.1211754215074 746.931389041298 5.233616130451984 1.7664150333730504
1499.1004917325301 746.9296435551751 5.239752398996527 1.7830859334208071
1499.0795620131662 746.9278740022897 5.24597550151255 1.8001226333435625
1499.0583859926674 746.9260802846956 5.252285603524289 1.8167943333974108
1499.0369633964438 746.9242623028975 5.258682869019988 1.833467433345504
1499.0152939460606 746.9224199558427 5.26516746055798 1.8501395334023982
1498.9933773592352 746.9205531409098 5.271739539369149 1.8668988334247842
1498.971213349833 746.918661753901 5.2783992654559055 1.8839219333603978
1498.948801627865 746.9167456890322 5.285146797687809 1.900638533406891
1498.9261418994834 746.9148048389239 5.291982293893937 1.9173075333237648
1498.9032338669792 746.9128390945928 5.298905910952117 1.9339817333966494
1498.8800772287786 746.9108483454423 5.305917804875147 1.9506537333363667
1498.8566716794394 746.9088324792546 5.313018130894085 1.967323633376509
1498.833016909648 746.9067913821814 5.320207043538728 1.983998033334501
1498.809112606216 746.9047249387356 5.327484696715367 2.0006697333883494
1498.784958452077 746.9026330317829 5.3348512437819275 2.0173423333326355
1498.7605541262828 746.900515542533 5.342306837620565 2.0340104333590716
1498.735899304001 746.8983723505312 5.349851630707827 2.051125133410096
1498.7109936565103 746.8962033336502 5.357485775182454 2.0679511333582923
1498.6858368511987 746.8940083680812 5.365209422910897 2.0846185333793983
1498.6604285515593 746.8917873283259 5.373022725550649 2.101294633350335
1498.6347684171874 746.8895400871875 5.3809258346114515 2.1179704333189875
1498.6088561037766 746.8872665157626 5.388918901514456 2.1346425333758816
1498.582691263116 746.8849664834323 5.397002077649413 2.151318333344534
1498.556273543087 746.8826398578543 5.405175514429951 2.167993533425033
1498.5296025876592 746.8802865049533 5.413439363347029 2.1846702334005386
1498.502678036888 746.8779062889133 5.421793776020603 2.2013419333379716
1498.4754995269107 746.8754990721683 5.430238904249592 2.2180207333294675
1498.4480666899433 746.8730647153935 5.4387749000601815 2.2346934333909303
1498.4203791542773 746.8706030774971 5.4474019157525495 2.251369933364913
1498.3924365442758 746.8681140156107 5.456120103946041 2.26807333342731
1498.3642384803711 746.8655973850806 5.46492961762287 2.284747933386825
1498.3357845790604 746.863053039459 5.473830610170383 2.3014211333356798
1498.307074452903 746.8604808304947 5.482823235421951 2.3180944334017113
1498.2781077105165 746.8578806081238 5.491907647696523 2.3347666333429515
1498.2488839565735 746.8552522204606 5.5010840018369 2.3514384333975613
1498.219402791799 746.8525955137882 5.5103524532467665 2.3681052334140986
1498.1896638129656 746.8499103325491 5.51971315792653 2.3847762333462015
1498.159666612891 746.847196519336 5.529166272508007 2.4014438333688304
1498.1294107804347 746.8444539148811 5.538711954287996 2.4181161334272474
1498.0988959004937 746.8416823580479 5.548350361260781 2.434787333360873
1498.068121554 746.8388816858202 5.558081652149597 2.45146343333181
1498.0370873179165 746.8360517332928 5.5679059864371006 2.4681423333240673
1498.0057927652338 746.8331923336614 5.577823524394879 2.4848106333520263
1497.9742374649666 746.8303033182123 5.58783442711203 2.501490733353421
1497.9424209821502 746.8273845163123 5.597938856522848 2.518159233382903
1497.9103428778371 746.8244357553988 5.608136975433648 2.5348315333249047
1497.8780027090936 746.8214568609686 5.618428947548756 2.5515089334221557
1497.8454000289958 746.8184476565681 5.628814937495701 2.5681803333573043
1497.8125343866266 746.8154079637821 5.639295110849631 2.5848533334210515
1497.7794053270716 746.8123376022236 5.649869634156986 2.601526033366099
1497.7460123914161 746.8092363895224 5.660538674958449 2.6181933333864436
1497.712355116741 746.8061041413147 5.671302401811208 2.6348666333360597
1497.6784330361197 746.8029406712313 5.68216098431055 2.651541633415036
1497.6442456786142 746.7997457908874 5.693114593110809 2.6682139333570376
1497.6097925692711 746.7965193098702 5.704163399945697 2.6849240333540365
1497.5750732291187 746.7932610357282 5.715307577648037 2.7015914333751425
1497.5400871751633 746.7899707739593 5.726547300168917 2.7182595334015787
1497.5048339203845 746.7866483279996 5.737882742596294 2.7349316333420575
1497.469312973733 746.7832934992108 5.749314081173058 2.751605333411135
1497.4335238401259 746.779906086869 5.760841493314587 2.7686863333219662
1497.3974660204433 746.7764858881524 5.772465157625802 2.7853877333691344
1497.3611390115245 746.7730326981291 5.7841852539177445 2.80215633334592
1497.3245423061646 746.7695463097448 5.796001963223696 2.8188285334035754
1497.2876753931102 746.7660265138105 5.80791546781485 2.8355018333531916
1497.2505377570565 746.76247309899 5.819925951215564 2.8521759334253147
1497.2131288786422 746.7588858517869 5.832033598218191 2.8688429333269596
1497.1754482344475 746.7552645565322 5.844238594897525 2.8855127333663404
1497.1374952969884 746.7516089953713 5.856541128624863 2.902182933408767
1497.0992695347147 746.7479189482505 5.868941388081695 2.9193144333548844
1497.0607704120046 746.7441941929043 5.881439563273049 2.935991633334197
1497.021997389162 746.740434504842 5.89403584554049 2.952664133394137
1496.9829499224122 746.7366396573342 5.906730427574799 2.9693334334297106
1496.943627463898 746.7328094213989 5.9195235034283336 2.9860042333602905
1496.9040294616764 746.7289435657882 5.932415268527085 3.002681633341126
1496.8641553597135 746.7250418569744 5.94540591968245 3.0193506333744153
1496.824004597882 746.7211040591355 5.9584956551027215 3.0360192334046587
1496.7835766119567 746.717129934142 5.971684674404305 3.0528637333773077
1496.7428708336106 746.7131192415414 5.9849731786226865 3.069534133421257
1496.7018866904107 746.7090717385448 5.998361370223147 3.0862021333305165
1496.6606236058149 746.7049871800119 6.011849453111238 3.1028735333820805
1496.619080999167 746.7008653184364 6.025437632643031 3.1196085333358496
1496.5772582856937 746.6967059039309 6.039126115635144 3.136278233374469
1496.5351548765004 746.6925086842124 6.052915110374562 3.1529459333978593
1496.4927701785668 746.6882734045867 6.066804826628253 3.1696133334189653
1496.4501035947435 746.6839998079332 6.080795475652583 3.186280933325179
1496.4071545237475 746.67968763469 6.094887270202557 3.2029535333858803
1496.3639223601588 746.6753366228376 6.1090804245408705 3.2196259333286434
1496.320406494416 746.6709465078834 6.123375154446797 3.2362955333665013
1496.2766063128124 746.6665170228462 6.137771677224906 3.252969133318402
1496.2325211974924 746.6620478982397 6.152270211713628 3.269641233375296
1496.1881505264466 746.6575388620568 6.166870978293664 3.2863130334299058
1496.1434936735088 746.6529896397526 6.181574198896257 3.3029842333635315
1496.0985500083514 746.6483999542287 6.196380097011321 3.319651933386922
1496.053318896481 746.6437695258161 6.211288897695438 3.3363271333510056
1496.0077996992356 746.6390980722584 6.2263008275797285 3.353001733426936
1495.9619917737798 746.6343853086952 6.241416114877609 3.369672733359039
1495.9158944731003 746.6296309476446 6.256634989392421 3.386347833322361
1495.8695071460027 746.6248346989863 6.271957682524963 3.403017033357173
1495.8228291371074 746.6199962699441 6.287384427280909 3.419685233384371
1495.775859786845 746.615115365068 6.302915458278129 3.4363521334016696
1495.728598431453 746.6101916862171 6.318551011753918 3.453029033378698
1495.6810444029709 746.6052249325411 6.334291325572132 3.4696983334142715
1495.633197029237 746.6002148004626 6.350136639230234 3.4863771334057674
1495.5850556338837 746.5951609836587 6.366087193866265 3.5030473333317786
1495.5366195363342 746.5900631730431 6.382143232265729 3.519716133363545
1495.4878880517977 746.5849210567466 6.398304998868417 3.536389533430338
1495.4388604912656 746.5797343200993 6.414572739775143 3.553059733356349
1495.3895361615082 746.5745026456115 6.430946702754432 3.5697332334239036
1495.3399143650695 746.5692257129542 6.4474271372491305 3.5871953333262354
1495.2899944002638 746.5639031989407 6.464014294382969 3.60392413334921
1495.239775561172 746.5585347775063 6.480708426967063 3.6205992334289476
1495.1892571376372 746.5531201196894 6.4975097895063625 3.637269433354959
1495.1384384152605 746.5476588936117 6.514418638206051 3.653938833391294
1495.087318675397 746.5421507644579 6.531435230977901 3.6706142333569005
1495.0358971951525 746.5365953944562 6.548559827446587 3.687283033388667
1494.9841732473792 746.5309924428575 6.565792688955952 3.7039540333207697
1494.9321461006712 746.5253415659154 6.583134078575244 3.720621533342637
1494.8798150193609 746.5196424168654 6.600584261105314 3.73785843339283
1494.8271792635155 746.5138946459041 6.618143503084776 3.7545313333394006
1494.7742380889326 746.5080979001683 6.635812072796153 3.7711994333658367
1494.720990747136 746.5022518237139 6.653590240271974 3.788658033357933
1494.6674364853725 746.4963560574944 6.671478277300869 3.805333933327347
1494.6135745466072 746.4904102393397 6.689476457433622 3.8223298334050924
1494.5594041695203 746.484414003934 6.707585055989212 3.839005233370699
1494.504924588503 746.4783669827946 6.725804350060841 3.8556813333416358
1494.4501350336534 746.4722688042488 6.744134618521932 3.872356333420612
1494.395034730773 746.4661190934124 6.762576142032127 3.8890255333390087
1494.3396229013624 746.4599174721676 6.781129203043261 3.9056989334058017
1494.2838987626183 746.4536635591393 6.799794085805337 3.9223667334299535
1494.2278615274288 746.4473569696729 6.81857107637248 3.9390422333963215
1494.1715104043703 746.4409973158116 6.837460462608895 3.955710133421235
1494.1148445977037 746.4345842062726 6.856462534194814 3.9723857333883643
1494.0578633073699 746.4281172464238 6.875577582632443 3.9898056333186105
1494.000565728987 746.4215960382606 6.894805901251901 4.006472733337432
1493.9429510538464 746.4150201803818 6.914147785217173 4.023142133373767
1493.8850184689086 746.4083892679656 6.933603531532043 4.039812633418478
1493.8267671568003 746.4017028927454 6.9531734390460525 4.0564893333939835
1493.7681962958106 746.3949606429856 6.972857808460446 4.0731650333618745
1493.7093050598871 746.3881621034567 6.992656942334132 4.089835033402778
1493.6500926186322 746.3813068554108 7.012571145089648 4.106506433337927
1493.5905581373006 746.3743944765565 7.032600723019136 4.123177833389491
1493.5307007767944 746.3674245410336 7.052745984290322 4.139846033416688
1493.4705196936611 746.3603966193879 7.073007238952515 4.156518033356406
1493.4100140400885 746.3533102785451 7.093384798942613 4.173199833370745
1493.3491829639029 746.3461650817856 7.113878978091122 4.189958233386278
1493.2880256085646 746.3389605887179 7.134490092128191 4.206633733352646
1493.2265411131652 746.3316963552527 7.155218458689668 4.22331513336394
1493.1647286124241 746.3243719335763 7.176064397323162 4.239982433384284
1493.102587236685 746.3169868721241 7.1970282294941335 4.256657233345322
1493.040116111913 746.309540715553 7.218110278591997 4.273329733405262
1492.9773143596913 746.3020330047152 7.239310869936247 4.29000313335564
1492.914181097218 746.2944632766305 7.260630330782607 4.3067055334104225
1492.850715437303 746.2868310644584 7.282068990329192 4.323382733389735
1492.786916488365 746.2791358974706 7.303627179722707 4.340050833416171
1492.7227833544284 746.2713773010232 7.3253052320646574 4.356726533384062
1492.6583151351206 746.2635547965282 7.347103482417593 4.373393533402123
1492.5935109256682 746.2556679014249 7.3690222678113715 4.3900620334316045
1492.5283698168953 746.2477161291514 7.391061927249454 4.406735333381221
1492.46289089522 746.2396989891159 7.413222801715222 4.423406233428977
1492.3970732426515 746.2316159866672 7.435505234178332 4.440081533393823
1492.3309159367875 746.2234666230652 7.457909569601087 4.45675213332288
1492.2644180508119 746.2152503954518 7.48043615494485 4.473419733345509
1492.1975786534913 746.2069667968207 7.50308533917648 4.490095833316445
1492.1303968091734 746.1986153159872 7.5258574732748045 4.507052933331579
1492.0628715777837 746.1901954375583 7.548752910237121 4.523732133326121
1491.9950020148235 746.1817066419015 7.571772005085732 4.540407133405097
1491.9267871713673 746.1731484051148 7.59491511487452 4.557073833420873
1491.8582260940602 746.164520198995 7.618182598695547 4.573748633381911
1491.789317825116 746.1558214910063 7.641574817685696 4.590422633336857
1491.7200614023152 746.1470517442496 7.6650921350333485 4.607200333382934
1491.6504558590016 746.1382104174295 7.688734915985094 4.623868533410132
1491.5805002240818 746.1292969648235 7.712503527852483 4.640536233317107
1491.510193522022 746.120310836249 7.736398340018814 4.657208033371717
1491.4395347728466 746.1112514770306 7.760419723945961 4.673881933325902
1491.3685229921361 746.1021183279677 7.784568053181237 4.69063203339465
1491.2971571910252 746.0929108253014 7.808843703364306 4.707305133342743
1491.225436376201 746.083628400681 7.833247052234124 4.723983833333477
1491.1533595499016 746.0742704811306 7.85777847963593 4.740656333393417
1491.0809257099143 746.0648364890151 7.8824383675282785 4.757325433427468
1491.0081338495738 746.0553258420061 7.907227099990108 4.77407063334249
1490.9349829577616 746.0457379530479 7.932145063227863 4.790741433389485
1490.8614720189032 746.0360722303222 7.957192645582647 4.8076026333728805
1490.7876000129684 746.026328077214 7.982370237537433 4.824271933408454
1490.7133659154688 746.0165048922755 8.00767823172431 4.840940133319236
1490.6387686974574 746.0066020691918 8.033117022931778 4.857776233344339
1490.5638073255273 745.996618996744 8.058687008112091 4.874451633426361
1490.4884807618105 745.9865550587742 8.084388586388647 4.891127133392729
1490.4127879639775 745.9764096341487 8.110222159063415 4.907798333326355
1490.3367278852363 745.9661820967215 8.13618812962443 4.925571733387187
1490.2602994743318 745.9558718152974 8.162286903753316 4.942242533317767
1490.183501675545 745.9454781535956 8.188518889332876 4.958910233341157
1490.1063334286923 745.9350004702111 8.214884496454715 4.975625233375467
1490.0287936691261 745.9244381185782 8.241384137426925 4.992296933429316
1489.9508813277334 745.9137904469318 8.26801822678182 5.008971433388069
1489.872595330936 745.9030567982694 8.294787181283713 5.025645433343016
1489.7939346006906 745.8922365103125 8.321691419936759 5.042314733378589
1489.7148980544882 745.881328915468 8.348731363992838 5.058982333401218
1489.6354846053553 745.8703333407886 8.375907436959505 5.075650333426893
1489.555693161853 745.8592491079339 8.40322006460797 5.092326833400875
1489.4755226280781 745.8480755331303 8.430669674981166 5.109128933399916
1489.394971903663 745.8368119271312 8.45825669840184 5.12579863332212
1489.3140398837768 745.8254575951763 8.48598156748072 5.142475133412518
1489.2327254591253 745.8140118369516 8.51384471712473 5.15914403332863
1489.1510275159526 745.8024739465479 8.54184658454526 5.175820333417505
1489.0689449360416 745.7908432124199 8.5699876092665 5.192496933392249
1488.9864765967147 745.7791189173442 8.598268233133826 5.209166333428584
1488.903621370836 745.7673003383782 8.626688900322247 5.225836633355357
1488.8203781268112 745.755386746817 8.655250057344906 5.242511333432049
1488.7367457285902 745.7433774081516 8.683952153061654 5.25918773340527
1488.6527230356683 745.7312715820257 8.712795638687663 5.2759083333658054
1488.5683089030874 745.7190685221927 8.741780967802118 5.292578333406709
1488.4835021814386 745.7067674764725 8.770908596356966 5.309274333412759
1488.3983017168637 745.6943676867069 8.800178982685718 5.325952533399686
1488.3127063510576 745.6818683887165 8.829592587512328 5.3426284333691
1488.2267149212703 745.6692688122555 8.859149873960119 5.359303833334707
1488.1403262603092 745.6565681809674 8.888851307560785 5.3761051333276555
1488.0535391965418 745.6437657123396 8.918697356263452 5.392776633379981
1487.9663525538986 745.6308606176582 8.948688490443809 5.409444133401848
1487.8787651518755 745.617852101962 8.978825182913294 5.426110933418386
1487.7907758055376 745.6047393639963 9.009107908928355 5.442786333383992
1487.7023833255212 745.5915215961669 9.039537146199779 5.459460933343507
1487.613586518038 745.5781979844929 9.07011337490208 5.476576733402908
1487.5243841848783 745.5647677085598 9.10083707768296 5.493249133345671
1487.4347751234147 745.5512299414714 9.131708739672844 5.509918533382006
1487.3447581266057 745.5375838498031 9.162728848494469 5.526587033411488
1487.2543319830002 745.5238285935526 9.19389789427256 5.5432827334152535
1487.1634954767408 745.5099633260919 9.225216369643567 5.559954033349641
1487.0722473875692 745.4959871941182 9.256684769765474 5.576627533417195
1486.9805864908299 745.4818993376049 9.288303592327685 5.593300333363004
1486.8885115574749 745.4676988897515 9.32007333756097 5.609978233347647
1486.7960213540694 745.4533849769342 9.351994508247504 5.6266493333969265
1486.7031146427955 745.438956718655 9.384067609730963 5.643324633361772
1486.6097901814592 745.4244132274913 9.416293149926698 5.660043333424255
1486.5160467234941 745.4097536090446 9.448671639331991 5.6767204334028065
1486.4218830179682 745.3949769618893 9.481203591036381 5.693390733329579
1486.327297809589 745.3800823775205 9.513889520732068 5.710063633392565
1486.2322898387104 745.3650689403021 9.546729946724394 5.726740033365786
1486.136857841338 745.3499357274142 9.579725389942405 5.743410433409736
1486.0410005491362 745.3346818087997 9.612876373949488 5.76008913340047
1485.9447166894347 745.3193062471115 9.646183424954087 5.776921733398922
1485.848004985235 745.3038080976584 9.679647071820503 5.793590833316557
1485.7508641552183 745.2881864083508 9.713267846079773 5.810259733349085
1485.653292913752 745.2724402196468 9.747046281940637 5.82693193340674
1485.5552899708973 745.2565685644965 9.78098291630057 5.843608733383007
1485.4568540324178 745.2405704682874 9.815078288756917 5.860325833316892
1485.3579837997866 745.2244449487879 9.849332941618101 5.876997733372264
1485.2586779701946 745.208191016092 9.883747419914922 5.89366723340936
1485.1589352365595 745.191807672562 9.918322271411935 5.910338533343747
1485.0587542875342 745.1752939127724 9.953058046618915 5.927005433361046
1484.9581338075154 745.1586487234516 9.987955298802424 5.943679333431646
1484.8570724766532 745.1418710834249 10.023014583997439 5.960437033325434
1484.7555689708606 745.1249599635561 10.058236461019094 5.9771048333495855
1484.653621961823 745.1079143266887 10.093621491474499 5.9937771334080026
1484.5512301170081 745.0907331275874 10.129170239774652 6.010445333318785
1484.448392099676 745.0734153128781 10.164883273146444 6.02711543336045
1484.34510656889 745.0559598209883 10.20076116164475 6.044404833344743
1484.2413721795274 745.0383655820871 10.236804478164629 6.061075133387931
1484.13718758229 745.020631518024 10.273013798453595 6.077745433431119
1484.0325514237159 745.0027565422679 10.309389701124003 6.09649133333005
1483.9274623461906 744.984739559846 10.345932767665518 6.113163233385421
1483.8219189879596 744.9665794672813 10.382643582457689 6.129838133347221
1483.7159199831397 744.9482751525302 10.419522732782617 6.146506933378987
1483.6094639617318 744.9298254949197 10.456570808837721 6.163190933410078
1483.5025495496336 744.9112293650841 10.493788403748603 6.180480333394371
1483.3951753686529 744.8924856249013 10.531176113582017 6.197560733417049
1483.2873400365206 744.8735931274283 10.568734537358937 6.214238933403976
1483.1790421669043 744.8545507168368 10.606464277067726 6.230915033374913
1483.0702803694223 744.835357228348 10.644365937677412 6.247590733342804
1482.9610532496583 744.8160114881669 10.682440127151065 6.264267633319832
1482.8513594091755 744.7965123134161 10.72068745645928 6.280942333396524
1482.7411974455315 744.7768585120698 10.75910853959377 6.297614033333957
1482.6305659522939 744.7570488828864 10.797703993581063 6.314282033359632
1482.5194635190555 744.737082215341 10.836474438496305 6.3309531334089115
1482.4078887314508 744.7169572895581 10.875420497477178 6.347622733330354
1482.2958401711717 744.6966728762421 10.914542796737928 6.364390033413656
1482.1833164159839 744.6762277366096 10.9538419655835 6.381062033353373
1482.0703160397447 744.6556206223191 10.99331863642379 6.3977527333190665
1481.95683761242 744.634850275402 11.03297344478801 6.414421233348548
1481.8428797001015 744.6139154281914 11.072807029339163 6.431089933379553
1481.7284408650255 744.5928148032519 11.112820031888647 6.4477630333276466
1481.6135196655905 744.5715471133084 11.153013097410962 6.464436333393678
1481.498114656377 744.5501110611738 11.193386874058543 6.481111533357762
1481.382224388166 744.5285053396768 11.233942013176708 6.497779633384198
1481.265847407958 744.5067286315897 11.274679169318738 6.51444953342434
1481.148982258995 744.4847796095544 11.31559900026106 6.531121633364819
1481.0316274807783 744.4626569360088 11.356702167018572 6.547796733328141
1480.9137816090915 744.4403592631127 11.39798933386008 6.564463933347724
1480.7954431760204 744.4178852326729 11.439461168323867 6.5811380334198475
1480.6766107099745 744.3952334760678 11.481118341233385 6.597962733358145
1480.5572827357098 744.3724026141715 11.52296152671308 6.614631833392195
1480.437457774351 744.3493912572776 11.564991402204344 6.631299333414063
1480.317134343414 744.3261980050221 11.607208648481587 6.648529633414
1480.1963109568292 744.3028214463063 11.649613949668467 6.665207533398643
1480.0749861249658 744.2792601592187 11.692207993254227 6.6818784333299845
1479.9531583546554 744.2555127109562 11.734991470110183 6.6985529334051535
1479.8308261492175 744.2315776577456 11.777965074506337 6.715227833366953
1479.7079880084832 744.2074535447639 11.82112950412814 6.7319173333235085
1479.584642428822 744.1831389060583 11.864485460093379 6.748589733382687
1479.4607879031676 744.158632264465 11.908033646969221 6.765259533422068
1479.3364229210438 744.133932131529 11.951774772789385 6.782186633325182
1479.2115459685924 744.1090370074215 11.995709549071462 6.798860033391975
1479.0861555285999 744.0839453808582 12.039838690834383 6.815591233316809
1478.960250080526 744.0586557290161 12.084162916616028 6.832268033409491
1478.8338281005322 744.0331665174504 12.128682948490987 6.848939833347686
1478.70688806151 744.0074762000104 12.173399512088462 6.865615833317861
1478.5794284331114 743.9815832187551 12.218313336610333 6.882284333347343
1478.4514476817785 743.9554860038679 12.263425154849363 6.8989608333213255
1478.3229442707739 743.9291829735714 12.308735703207569 6.915635433397256
1478.193916660212 743.9026725340407 12.354245721714733 6.932302933419123
1478.0643633070906 743.8759530793168 12.399955954047089 6.948975333361886
1477.9342826653233 743.8490229912194 12.44586714754615 6.965649633319117
1477.8036731857721 743.8218806392587 12.49198005323771 6.982352833379991
1477.6725333162808 743.7945243805469 12.538295425850997 6.999023133423179
1477.5408615017088 743.7669525597094 12.584814023838003 7.015691633336246
1477.4086561839654 743.7391635087945 12.631536609392962 7.032359833363444
1477.2759158020453 743.7111555471836 12.678463948472004 7.049028333392926
1477.142638792064 743.6829269815001 12.725596810812986 7.065699933329597
1477.0088235872938 743.6544761055181 12.77293596995548 7.082369833369739
1476.8744686182015 743.62580120007 12.820482203260935 7.099038033396937
1476.7395723124846 743.5969005329538 12.868236291933028 7.1157076333183795
1476.604133095111 743.56777235884 12.91619902103817 7.132378033362329
1476.4681493883559 743.5384149191775 12.9643711795262 7.149044833378866
1476.331619611843 743.5088264420993 13.01275356025127 7.165719133336097
1476.1945421825833 743.4790051423271 13.061346959992886 7.182390633388422
1476.056915515016 743.4489492210755 13.110152179477156 7.1990672333631665
1475.9187380210506 743.4186568659558 13.159170023398213 7.215742333326489
1475.7800081101075 743.3881262508786 13.208401300439823 7.232522533391602
1475.640724189162 743.3573555359567 13.257846823297193 7.24919453333132
1475.5008846627873 743.3263428674064 13.30750740869896 7.3838266333332285
1475.3604879331983 743.2950863774487 13.35738387742938 7.4024926668498665
1475.2195324002969 743.2635841842095 13.407477054350702 7.419183866819367
1475.0780164617167 743.2318343916199 13.457787768425762 7.435860566794872
1474.9359385128705 743.1998350893149 13.508316852740753 7.452534166746773
1474.793296946996 743.1675843525319 13.559065144528208 7.469210966839455
1474.650090155204 743.1350802420088 13.610033485190186 7.4858856667997316
1474.5063165265276 743.1023208038813 13.66122272032167 7.502556366845965
1474.36197444797 743.069304069579 13.712633699734155 7.519232966820709
1474.2170623045556 743.0360280557213 13.764267277479474 7.535909566795453
1474.0715784793808 743.0024907640134 13.816124311873814 7.552579466835596
1473.9255213536649 742.9686901811398 13.868205665521957 7.569250666769221
1473.7788893068027 742.9346242786588 13.920512205341737 7.586805366794579
1473.6316807164183 742.9002910128955 13.97304480258872 7.60347726684995
1473.4838939584183 742.8656883248347 14.025804332881107 7.6201508668018505
1473.335527407047 742.8308141400121 14.078791676224846 7.636827766778879
1473.1865794349424 742.795666368406 14.132007717038997 7.653523366781883
1473.037048413192 742.7602429043279 14.18545334418131 7.670406366814859
1472.8869327113907 742.7245416263116 14.239129450974035 7.687079866765998
1472.7362306976995 742.6885603970032 14.293036935229976 7.703750366810709
1472.5849407389035 742.652297063049 14.347176699278773 7.7204180668341
1472.4330612004728 742.6157494549833 14.401549649993427 7.737091666786
1472.2805904466236 742.5789153871157 14.456156698817074 7.753766066743992
1472.1275268403795 742.541792657417 14.510998761789988 7.770442266832106
1471.9738687436347 742.5043790474053 14.566076759576854 7.787260366836563
1471.8196145172176 742.4666723220308 14.621391617494268 7.804557066760026
1471.6647625209553 742.4286702295598 14.676944265538513 7.821226166794077
1471.5093111137396 742.3903705014584 14.732735638413567 7.8378999667475
1471.353258653594 742.3517708522755 14.788766675559392 7.854567366768606
1471.1966034977402 742.3128689795245 14.845038321180471 7.871515666833147
1471.0393440026676 742.2736625635649 14.901551524274616 7.888184066745453
1470.881478524203 742.234149267483 14.958307238662035 7.904851266765036
1470.7230054175807 742.1943267369714 15.015306423014684 7.921526666847058
1470.5639230375148 742.1541926002091 15.072550040885872 7.938199866795912
1470.4042297382712 742.1137444677388 15.130039060740163 7.954871966736391
1470.2439238737422 742.0729799323457 15.187774455983547 7.971543366787955
1470.0830037975213 742.0318965689338 15.245757204993888 7.988219466758892
1469.9214678629783 741.9904919344025 15.303988291151668 8.004886666778475
1469.7593144233376 741.9487635675221 15.362468702871018 8.021557966829278
1469.5965418317555 741.9067089888083 15.421199433631031 8.038224966847338
1469.4331484414001 741.8643257003968 15.480181482007385 8.054908866761252
1469.2691326055315 741.821611185916 15.53941585170425 8.07158126682043
1469.1044926775833 741.77856291036 15.598903551586506 8.088256266782992
1468.9392270112455 741.7351783199603 15.658645595712263 8.104929166845977
1468.773333960549 741.6914548420564 15.718643003365688 8.121965366764925
1468.6068118799499 741.6473898849667 15.778896799090145 8.1386333667906
1468.4396591244165 741.602980837858 15.839408012721648 8.155300666810945
1468.271874049517 741.5582250706137 15.90017767942264 8.17197246674914
1468.1034550115078 741.5131199337025 15.961206839716082 8.188648266834207
1467.9344003674244 741.467662758045 16.022496539519874 8.205325066810474
1467.764708475172 741.4218508548809 16.084047830181614 8.221995766740292
1467.5943776936192 741.3756815156339 16.145861768513672 8.238669366808608
1467.423406382691 741.3291520117775 16.20793941682861 8.255343866767362
1467.2517929034645 741.2822595946985 16.270281842974942 8.27201206679456
1467.0795356182664 741.2350014955608 16.33289012037325 8.28868566674646
1466.9066328907695 741.1873749251678 16.395765328052622 8.3053581668064
1466.7330830860933 741.1393770738243 16.458908550687454 8.322030166746117
1466.5588845709044 741.0910051111978 16.522320878634623 8.338704166817479
1466.3840357135189 741.0422561861784 16.586003407970992 8.355383866815828
1466.2085348840053 740.9931274267386 16.649957240531297 8.372056266758591
1466.0323804542907 740.943615939792 16.7141834839464 8.388723666779697
1465.8555707982664 740.8937188110511 16.778683251681905 8.405395866837353
1465.6781042918965 740.8434331048846 16.843457663077157 8.42206446675118
1465.499979313327 740.7927558641737 16.90850784338462 8.43873966683168
1465.3211942429969 740.7416841101679 16.973834923809633 8.455408566747792
1465.1417474637508 740.6902148423392 17.039440041550566 8.472081966814585
1464.961637360953 740.6383450382369 17.105324339839353 8.488758366787806
1464.7808623226035 740.5860716533404 17.171488967982434 8.505427366821095
1464.5994207394542 740.5333916209114 17.237935081402103 8.522102166782133
1464.417311005129 740.480301851846 17.304663841678238 8.538778666756116
1464.2345315162436 740.4267992345252 17.371676416590464 8.555446366779506
1464.0510806725274 740.3728806346652 17.43897398016073 8.572120766737498
1463.866956876948 740.3185428951663 17.50655771269628 8.588794366805814
1463.6821585358364 740.2637828359617 17.574428800833093 8.605468166759238
1463.4966840590137 740.208597253865 17.6425884375797 8.622146366746165
1463.3105318599205 740.1529829224171 17.71103782236147 8.638815166777931
1463.1237003557478 740.0969365917322 17.779778161065323 8.656288366764784
1462.936187967569 740.040454988343 17.84881066608489 8.672959566814825
1462.7479931204737 739.9835348150453 17.91813655636611 8.689627866842784
1462.5591142437052 739.9261727507419 17.98775705745329 8.706294666742906
1462.3695497707965 739.8683654502848 18.057673401535613 8.723159066750668
1462.1792981397118 739.8101095443182 18.127886827494123 8.739830566802993
1461.9883577929868 739.7514016391186 18.19839858094917 8.756498366827145
1461.7967271778728 739.6922383164366 18.26920991430832 8.773171966779046
1461.604404746482 739.6326161333355 18.34032208681475 8.78984856675379
1461.4113889559353 739.5725316220311 18.41173636459614 8.806522366823629
1461.217678268511 739.5119812897289 18.483454020714024 8.823193566757254
1461.0232711517967 739.4509616184622 18.555476335213655 8.839861166779883
1460.8281660788423 739.3894690649282 18.62780459517437 8.856535666738637
1460.6323615283156 739.3275000603239 18.700440094760452 8.873211366822943
1460.4358559846603 739.2650510101809 18.773384135272504 8.889878766844049
1460.2386479382546 739.2021182941995 18.846638025199336 8.906553366803564
1460.040735885574 739.1386982660827 18.92020308027038 8.92322666675318
1459.842118329354 739.0747872533677 18.99408062350863 8.939897566800937
1459.6427937787576 739.0103815572587 19.068271985284113 8.956568766734563
1459.4427607495422 738.9454774524575 19.142778503367893 8.973240766790695
1459.2420177642314 738.8800711869934 19.217601522986627 8.98990876681637
1459.0405633522862 738.8141589820536 19.292742396877667 9.006584166781977
1458.8383960502817 738.7477370318112 19.36820248534472 9.023263166774996
1458.6355144020831 738.6808015032532 19.44398315631408 9.039935066830367
1458.431916959026 738.6133485360077 19.520085785391387 9.056608466780744
1458.2276022800986 738.5453742421706 19.596511755919025 9.073284766753204
1458.0225689321258 738.476874706131 19.673262459034035 9.089952066773549
1457.8168154899558 738.4078459843959 19.750339293726668 9.106625066837296
1457.6103405366507 738.3382841054147 19.82774366689949 9.123294566757977
1457.4031426636766 738.2681850694024 19.905476993427104 9.139968166826293
1457.1952204710992 738.1975448481625 19.98354069621648 9.156638266751543
1456.9865725677805 738.1263593849083 20.061936206267887 9.173308866797015
1456.7771975715775 738.0546245940847 20.14066496273645 9.189979166840203
1456.5670941095452 737.9823363611883 20.219728412994332 9.206648566760123
