1499.999763457169 746.999979589354 10.0 0.0761682998854667
1499.9990540398487 746.9999177490951 10.0 0.2811292333062738
1499.9978720550864 746.9998127416263 10.0 0.31644363328814507
1499.9962177974269 746.9996629035696 10.0 0.3331231332849711
1499.9940915494697 746.9994666426006 10.0 0.34979183319956064
1499.991493582402 746.999222434419 10.0 0.36646573315374553
1499.9884241565092 746.9989288198483 10.0 0.3831977332010865
1499.9848835216626 746.9985844020589 10.0 0.3998665332328528
1499.9808719177884 746.9981878439106 10.0 0.4165414331946522
1499.9763895753135 746.9977378654078 10.0 0.43321603327058256
1499.971436715596 746.9972332412635 10.0 0.4499407331459224
1499.9660135513336 746.996672798568 10.0 0.4666092332918197
1499.9601202869583 746.9960554145563 10.0 0.4832850331440568
1499.9537571190103 746.9953800144708 10.0 0.4999595331028104
1499.9469242364999 746.9946455695164 10.0 0.5171065332833678
1499.9396218212507 746.9938510949014 10.0 0.5337759330868721
1499.9318500482304 746.9929956479632 10.0 0.5504448332358152
1499.9236090858656 746.9920783263732 10.0 0.5671198330819607
1499.9148990963452 746.9910982664192 10.0 0.583798433188349
1499.905720235909 746.9900546413602 10.0 0.6004679331090301
1499.8960726551254 746.9889466598523 10.0 0.6171866331715137
1499.885956499156 746.9877735644412 10.0 0.6345247332938015
1499.87537190801 746.9865346301194 10.0 0.6511927330866456
1499.864319016787 746.9852291629448 10.0 0.6678643331397325
1499.8527979559099 746.9838564987184 10.0 0.6845406331121922
1499.8408088513472 746.9824160017184 10.0 0.701214233180508
1499.828351824827 746.9809070634885 10.0 0.7178811330813915
1499.8154269940405 746.9793291016775 10.0 0.7345485331024975
1499.802034472838 746.9776815589294 10.0 0.7512195331510156
1499.788174371415 746.9759639018192 10.0 0.7679385330993682
1499.7738467964925 746.9741756198364 10.0 0.7846085331402719
1499.7590518514878 746.9723162244095 10.0 0.8012764332816005
1499.7437896366785 746.9703852479744 10.0 0.8179462330881506
1499.72806024936 746.9683822430806 10.0 0.8346234331838787
1499.7118637839956 746.966306781537 10.0 0.8512961331289262
1499.6952003323606 746.9641584535935 10.0 0.8681222333107144
1499.6780699836804 746.9619368671578 10.0 0.8847952331416309
1499.660472824762 746.9596416470449 10.0 0.9015337331220508
1499.6424089401207 746.9572724342603 10.0 0.9182060332968831
1499.6238784121003 746.9548288853118 10.0 0.9348824331536889
1499.6048813209898 746.9523106715523 10.0 0.9515517333056778
1499.5854177451336 746.9497174785492 10.0 0.9682304332964122
1499.5654877610375 746.9470490054829 10.0 0.9849066331516951
1499.545091443471 746.9443049645679 10.0 1.0015813331119716
1499.5242288655634 746.9414850805018 10.0 1.018255933187902
1499.5029000988975 746.9385890899355 10.0 1.0349261332303286
1499.4811052135985 746.935616740967 10.0 1.0516781331971288
1499.4588442784195 746.9325677926571 10.0 1.0683539332821965
1499.4361173608224 746.9294420145646 10.0 1.085028933128342
1499.412924527057 746.926239186303 10.0 1.101720933103934
1499.3892658422349 746.9229590971144 10.0 1.1183990330900997
1499.3651413704015 746.919601545463 10.0 1.1350721332710236
1499.3405511746043 746.9161663386452 10.0 1.1517899332102388
1499.3154953169592 746.9126532924163 10.0 1.183567033149302
1499.2899738587118 746.9090622306337 10.0 1.2002923332620412
1499.2639868602992 746.9053929849148 10.0 1.2169693331234157
1499.2375343814062 746.9016453943098 10.0 1.2336392332799733
1499.2106164810211 746.8978193049882 10.0 1.250315833138302
1499.183233217488 746.8939145699392 10.0 1.266985233174637
1499.155384648557 746.8899310486842 10.0 1.2836595331318676
1499.1270708314335 746.885868607002 10.0 1.3004951332695782
1499.0982918228233 746.8817271166657 10.0 1.3176334332674742
1499.0690476789775 746.877506455191 10.0 1.3343112331349403
1499.0393384557347 746.8732065055946 10.0 1.3509840331971645
1499.0091642085608 746.8688271561635 10.0 1.3676510332152247
1498.9785249925892 746.8643683002344 10.0 1.3843266332987696
1498.9474208626564 746.8598298359816 10.0 1.401002033147961
1498.9158518733384 746.8552116662147 10.0 1.4176789331249893
1498.8838180789846 746.8505136981845 10.0 1.4343517331872135
1498.8513195337503 746.8457358433978 10.0 1.4510255332570523
1498.8183562916272 746.8408780174394 10.0 1.4676963333040476
1498.7849284064746 746.8359401398021 10.0 1.4843707331456244
1498.7510359320463 746.8309221337237 10.0 1.501046933233738
1498.7166789220191 746.8258239260313 10.0 1.5177217333111912
1498.681857430018 746.820645446992 10.0 1.5348875331692398
1498.6465715096422 746.8153866301702 10.0 1.5515587332192808
1498.610821214488 746.8100474122906 10.0 1.5684857331216335
1498.574606598172 746.8046277331074 10.0 1.5851585331838578
1498.5379277143536 746.7991275352788 10.0 1.6018354331608862
1498.500784616755 746.7935467642471 10.0 1.6185083331074566
1498.463177359182 746.7878853681243 10.0 1.6351758332457393
1498.4251059955427 746.7821432975812 10.0 1.6518432332668453
1498.386570579866 746.776320505743 10.0 1.6685127331875265
1498.3475711663189 746.7704169480882 10.0 1.6851810330990702
1498.3081078092239 746.7644325823518 10.0 1.701848633121699
1498.2681805630746 746.7583673684337 10.0 1.718518233159557
1498.2277894825513 746.7522212683095 10.0 1.735185133293271
1498.186934622535 746.7459942459466 10.0 1.7518579331226647
1498.1456160381229 746.7396862672224 10.0 1.768528533168137
1498.10383378464 746.7332972998473 10.0 1.7852038331329823
1498.0615879176537 746.7268273132905 10.0 1.8018773330841213
1498.0188784929846 746.7202762787084 10.0 1.8185566330794245
1497.9757055667199 746.713644168877 10.0 1.8355756332166493
1497.9320691952225 746.7069309581265 10.0 1.8529277332127094
1497.8879694351442 746.7001366222792 10.0 1.8695945332292467
1497.843406343434 746.6932611385894 10.0 1.8862622331362218
1497.798379977349 746.6863044856867 10.0 1.9029320331756026
1497.752890394463 746.679266643521 10.0 1.9196068332530558
1497.706937652677 746.6721475933101 10.0 1.936276033287868
1497.6605218102256 746.6649473174897 10.0 1.952947733225301
1497.6136429256871 746.6576657996652 10.0 1.9696201332844794
1497.5663010579904 746.650303024566 10.0 1.9863481333013624
1497.5184962664225 746.6428589780013 10.0 2.0030219331383705
1497.4702286106365 746.635333646818 10.0 2.0196929331868887
1497.421498150657 746.6277270188605 10.0 2.0363627332262695
1497.3723049468883 746.6200390829318 10.0 2.053029833128676
1497.3226490601191 746.6122698287572 10.0 2.0696974331513047
1497.2725305515296 746.604419246948 10.0 2.086368733085692
1497.2219494826963 746.5964873289684 10.0 2.1030422332696617
1497.1709059155985 746.5884740671024 10.0 2.1197170331142843
1497.1193999126226 746.5803794544237 10.0 2.136463233269751
1497.0674315365675 746.5722034847648 10.0 2.153135233093053
1497.015000850649 746.5639461526896 10.0 2.169810533290729
1496.9621079185042 746.5556074534655 10.0 2.1867294332478195
1496.908752804197 746.5471873830376 10.0 2.2034008332993835
1496.8549355722207 746.5386859380035 10.0 2.22015293315053
1496.8006562875028 746.5301031155897 10.0 2.2368656331673265
1496.7459150154082 746.5214389136285 10.0 2.254863533191383
1496.6907118217432 746.5126933305363 10.0 2.2715333332307637
1496.6350467727589 746.5038663652923 10.0 2.288201733259484
1496.5789199351539 746.4949580174188 10.0 2.3048773331101984
1496.5223313760782 746.4859682869615 10.0 2.32154683326371
1496.4652811631356 746.4768971744716 10.0 2.3382179331965744
1496.4077693643862 746.467744680988 10.0 2.3548932331614196
1496.34979604835 746.45851080802 10.0 2.3716066332999617
1496.2913612840086 746.4491955575319 10.0 2.388283833162859
1496.232465140808 746.4397989319269 10.0 2.404957233229652
1496.1731076886606 746.4303209340327 10.0 2.421629333170131
1496.1132889979478 746.420761567087 10.0 2.4382999332156032
1496.0530091395217 746.4111208347241 10.0 2.4552947331685573
1495.9922681847072 746.4013987409619 10.0 2.471962333191186
1495.931066205304 746.3915952901896 10.0 2.4886546332854778
1495.869403273588 746.3817104871553 10.0 2.505321733187884
1495.8072794623133 746.3717443369551 10.0 2.5219908331055194
1495.7446948447136 746.361696845022 10.0 2.538662933278829
1495.681649494504 746.3515680171154 10.0 2.555330833187327
1495.618143485882 746.341357859311 10.0 2.5720152331050485
1495.5541768935293 746.3310663779913 10.0 2.5886868331581354
1495.4897497926124 746.3206935798365 10.0 2.6053781332448125
1495.4248622587847 746.3102394718157 10.0 2.6220502331852913
1495.3595143681869 746.2997040611782 10.0 2.638746933080256
1495.2937061974485 746.2890873554458 10.0 2.655439933296293
1495.2274378236884 746.2783893624047 10.0 2.6721167331561446
1495.1607093245161 746.2676100900987 10.0 2.6887856333050877
1495.0935207780328 746.2567495468214 10.0 2.7063242332078516
1495.0258722628319 746.24580774111 10.0 2.722992833238095
1494.9577638579995 746.2347846817381 10.0 2.7396653331816196
1494.889195643116 746.2236803777106 10.0 2.7563398331403732
1494.820167698256 746.2124948382566 10.0 2.773361133178696
1494.7506801039892 746.2012280728243 10.0 2.7900300330948085
1494.6807329413814 746.1898800910753 10.0 2.80670263315551
1494.610326291994 746.1784509028797 10.0 2.823377933120355
1494.5394602378854 746.1669405183106 10.0 2.840051233302802
1494.4681348616111 746.1553489476398 10.0 2.8567182330880314
1494.3963502462248 746.1436762013328 10.0 2.8736534332856536
1494.3241064752772 746.1319222900446 10.0 2.8903294331394136
1494.2514036328182 746.1200872246154 10.0 2.907389333238825
1494.178241803396 746.1081710160665 10.0 2.9240582331549376
1494.104621072058 746.0961736755967 10.0 2.940731533104554
1494.0305415243506 746.084095214578 10.0 2.957404033280909
1493.9560032463196 746.071935644553 10.0 2.974076233105734
1493.8810063245107 746.0596949772306 10.0 2.9907483332790434
1493.8055508459693 746.047373224483 10.0 3.0074222332332283
1493.7296368982404 746.0349703983427 10.0 3.024121133144945
1493.6532645693699 746.0224865109996 10.0 3.0408359332941473
1493.576433947903 746.0099215747977 10.0 3.0575074332300574
1493.499145122886 745.9972756022328 10.0 3.074175633257255
1493.4213981838643 745.9845486059496 10.0 3.0908440332859755
1493.343193220885 745.9717405987393 10.0 3.10751343308948
1493.2645303244947 745.958851593537 10.0 3.124188433168456
1493.1854095857402 745.9458816034197 10.0 3.1408644332550466
1493.1058310961691 745.9328306416037 10.0 3.157531733158976
1493.025794947829 745.9196987214426 10.0 3.1742053332272917
1492.9453012332672 745.9064858564254 10.0 3.190882333088666
1492.8643500455319 745.8931920601744 10.0 3.207553633255884
1492.7829414781706 745.8798173464432 10.0 3.2242227331735194
1492.701075625231 745.8663617291153 10.0 3.2408962331246585
1492.6187525812602 745.8528252222019 10.0 3.2575838332995772
1492.5359724413054 745.8392078398405 10.0 3.2742515332065523
1492.4527353009125 745.8255095962932 10.0 3.2909230331424624
1492.369041256127 745.8117305059452 10.0 3.307595533085987
1492.2848904034936 745.7978705833035 10.0 3.3242672332562506
1492.2002828400553 745.7839298429952 10.0 3.3409344332758337
1492.115218663354 745.7699082997665 10.0 3.357609933242202
1492.02969797143 745.7558059684809 10.0 3.3742803332861513
1491.9437208628221 745.7416228641184 10.0 3.3914643332827836
1491.8572874365664 745.7273590017742 10.0 3.4081400332506746
1491.7703977921965 745.7130143966574 10.0 3.42480913316831
1491.683052029744 745.6985890640901 10.0 3.441484833136201
1491.5952502497373 745.6840830195063 10.0 3.4581631331238896
1491.5069925532014 745.6694962784505 10.0 3.474961033090949
1491.418279041658 745.6548288565776 10.0 3.491628133226186
1491.329109817125 745.6400807696511 10.0 3.5083003332838416
1491.2394849821162 745.6252520335426 10.0 3.5249722332227975
1491.1494046396406 745.6103426642306 10.0 3.5416440332774073
1491.0588688932028 745.5953526778004 10.0 3.558314833091572
1490.9678778468021 745.5802820904424 10.0 3.5749885332770646
1490.8764316049323 745.565130918452 10.0 3.5916665331460536
1490.7845302725816 745.5498991782285 10.0 3.608334833290428
1490.6921739552315 745.5345868862746 10.0 3.6250095332507044
1490.5993627588573 745.5191940591955 10.0 3.6416826331987977
1490.5060967899274 745.5037207136983 10.0 3.658353733131662
1490.4123761554024 745.4881668665915 10.0 3.675022633280605
1490.3182009627358 745.4725325347844 10.0 3.6917183331679553
1490.2235713198727 745.4568177352862 10.0 3.708396333269775
1490.1284873352497 745.4410224852058 10.0 3.7250665333122015
1490.0329491177943 745.4251468017511 10.0 3.741733633214608
1489.936956776925 745.4091907022283 10.0 3.758408433292061
1489.84051042255 745.3931542040418 10.0 3.7750895333010703
1489.7436101650683 745.3770373246932 10.0 3.7917664332780987
1489.6462561153674 745.3608400817814 10.0 3.808441933244467
1489.5484483848238 745.3445624930015 10.0 3.825115533079952
1489.450187085303 745.3282045761449 10.0 3.841790433274582
1489.3514723291585 745.3117663490987 10.0 3.8584632331039757
1489.252304229231 745.295247829845 10.0 3.8751305332407355
1489.1526828988488 745.278649036461 10.0 3.8918046331964433
1489.0526084518267 745.2619699871184 10.0 3.908472733106464
1488.9520810024658 745.2452107000828 10.0 3.925204233266413
1488.851100665553 745.2283711937135 10.0 3.9418753331992775
1488.7496675563607 745.2114514864636 10.0 3.9585469332523644
1488.647781790646 745.1944515968787 10.0 3.9752439332660288
1488.5454434846501 745.1773715435975 10.0 3.9919106331653893
1488.4426527550988 745.1602113453508 10.0 4.008582133101299
1488.3394097192006 745.1429710209618 10.0 4.0252493331208825
1488.2357144946473 745.1256505893452 10.0 4.041949233273044
1488.131567199613 745.1082500695076 10.0 4.058621833100915
1488.026967952754 745.0907694805463 10.0 4.075295133283362
1487.9219168732075 745.07320884165 10.0 4.091964333085343
1487.816414080592 745.0555681720978 10.0 4.108637733152136
1487.7104596950064 745.0378474912593 10.0 4.125353833194822
1487.6040538370296 745.0200468185943 10.0 4.142021833220497
1487.4971966277199 745.0021661736525 10.0 4.158692233264446
1487.3898881886141 744.9842055760732 10.0 4.175363233080134
1487.282128641728 744.9661650455854 10.0 4.192062333226204
1487.1739181095545 744.948044602007 10.0 4.208729233127087
1487.0652567150646 744.9298442652452 10.0 4.225396333262324
1486.9561445817055 744.9115640552956 10.0 4.2420983330812305
1486.8465818334012 744.8932039922428 10.0 4.2587717331480235
1486.736568594551 744.8747640962595 10.0 4.275440933182836
1486.6261049900297 744.8562443876066 10.0 4.292115833144635
1486.5151911451867 744.837644886633 10.0 4.308792133117095
1486.4038271858453 744.8189656137755 10.0 4.32546293316409
1486.2920132383026 744.8002065895583 10.0 4.342131933197379
1486.179749429329 744.7813678345931 10.0 4.358817733125761
1486.0670358861667 744.7624493695787 10.0 4.375515533145517
1485.9538727365302 744.7434512153011 10.0 4.39220583322458
1485.8402601086057 744.724373392633 10.0 4.409160433104262
1485.7261981310498 744.7052159225339 10.0 4.425831533269957
1485.6116869329896 744.6859788260498 10.0 4.442499033175409
1485.4967266440217 744.666662124313 10.0 4.459319233195856
1485.3813173942121 744.6472658385421 10.0 4.475987033220008
1485.2654593140953 744.6277899900417 10.0 4.4926637331955135
1485.1491525346735 744.6082346002022 10.0 4.509389233309776
1485.0323971874168 744.5885996904998 10.0 4.526056433096528
1484.915193404262 744.5688852824962 10.0 4.542733333306387
1484.797541317612 744.5490913978387 10.0 4.5627215332351625
1484.6794410603359 744.5292180582594 10.0 4.579422933282331
1484.5608927657674 744.5092652855761 10.0 4.596183733083308
1484.441896567705 744.4892331016913 10.0 4.615254133241251
1484.3224526004115 744.4691215285922 10.0 4.631936233257875
1484.2025609986124 744.4489305883508 10.0 4.648611433105543
1484.0822218974965 744.4286603031236 10.0 4.665287533309311
1483.9614354327146 744.4083106951517 10.0 4.682130433153361
1483.8402017403791 744.3878817867603 10.0 4.698802333092317
1483.718520957064 744.3673736003586 10.0 4.715500433230773
1483.5963932198028 744.3467861584401 10.0 4.73216723324731
1483.4738186660895 744.3261194835819 10.0 4.748834933154285
1483.3507974338772 744.305373598445 10.0 4.76565183326602
1483.2273296615774 744.284548525774 10.0 4.78233853308484
1483.10341548806 744.2636442883967 10.0 4.799024833133444
1482.9790550526518 744.2426609092245 10.0 4.815834433306009
1482.854248495137 744.2215984112519 10.0 4.832614133134484
1482.7289959557556 744.2004568175564 10.0 4.849289333214983
1482.6032975752037 744.1792361512987 10.0 4.865964233176783
1482.4771534946315 744.1579364357221 10.0 4.882847833214328
1482.3505638556444 744.1365576941528 10.0 4.89952293317765
1482.2235288003012 744.1150999499993 10.0 4.916193933226168
1482.0960484711138 744.0935632267527 10.0 4.932869633194059
1481.9681230110466 744.0719475479865 10.0 4.949541633250192
1481.839752563516 744.0502529373562 10.0 4.9663894332479686
1481.7109372723896 744.0284794185994 10.0 4.98320473311469
1481.5816772819858 744.006627015536 10.0 4.9998738332651556
1481.4519727370728 743.9846957520672 10.0 5.016548433108255
1481.3218237828683 743.9626856521763 10.0 5.03322713309899
1481.1912305650385 743.9405967399281 10.0 5.049938133219257
1481.0601932296981 743.9184290394687 10.0 5.066608733264729
1480.928711923409 743.8961825750258 10.0 5.083277633180842
1480.7967867931802 743.8738573709082 10.0 5.09994863322936
1480.6644179864663 743.8514534515058 10.0 5.116628533229232
1480.5316056511683 743.8289708412894 10.0 5.133297333260998
1480.3983499356316 743.8064095648109 10.0 5.149972733110189
1480.2646509886458 743.7837696467028 10.0 5.1692401331383735
1480.1305089594446 743.7610511116782 10.0 5.1859583330806345
1479.9959239977043 743.7382539845307 10.0 5.202635433292016
1479.8608962535436 743.7153782901345 10.0 5.219601633260027
1479.725425877523 743.6924240534437 10.0 5.236400133231655
1479.589513020644 743.6693912994929 10.0 5.253596733091399
1479.4531578343485 743.6462800533966 10.0 5.270265533123165
1479.3163604705178 743.6230903403492 10.0 5.286941733211279
1479.1791210814729 743.5998221856249 10.0 5.303618633188307
1479.0414398199725 743.5764756145777 10.0 5.320595433237031
1478.9033168392136 743.553050652641 10.0 5.337269833311439
1478.76475229283 743.5295473253276 10.0 5.353946533286944
1478.6257463348923 743.5059656582299 10.0 5.371326433261856
1478.4862991199063 743.4823056770193 10.0 5.388001733226702
1478.3464108028134 743.4585674074463 10.0 5.404674333287403
1478.2060815389889 743.4347508753403 10.0 5.421346133109182
1478.0653114842423 743.4108561066099 10.0 5.438015033258125
1477.9241007948162 743.3868831272421 10.0 5.454955433262512
1477.7824496273854 743.3628319633025 10.0 5.47189523326233
1477.6403581390564 743.3387026409354 10.0 5.488570633111522
1477.4978264873669 743.3144951863633 10.0 5.505237433128059
1477.354854830285 743.2902096258871 10.0 5.521904833149165
1477.2114433262084 743.2658459858858 10.0 5.5385747333057225
1477.067592133964 743.2414042928165 10.0 5.555242833215743
1476.9233014128067 743.216884573214 10.0 5.571981433080509
1476.7785713224196 743.1922868536909 10.0 5.588779533281922
1476.6334020229124 743.1676111609378 10.0 5.605454033240676
1476.487793674821 743.1428575217225 10.0 5.622122933156788
1476.3417464391073 743.1180259628903 10.0 5.638791233301163
1476.1952604771577 743.093116511364 10.0 5.65546223311685
1476.0483359507832 743.0681291941434 10.0 5.672130833147094
1475.9009730222183 743.0430640383053 10.0 5.688801733311266
