1499.9998808064922 747.0 5.000017416492178 0.08690360002219677
1499.9995232526094 747.0 5.000070853406336 0.30177713348530233
1499.998927370365 747.0 5.000162045356794 0.35852103342767805
1499.9980931889274 747.0 5.00029266673647 0.3753965334035456
1499.9970207345814 747.0 5.000464333848413 0.3920726334908977
1499.9957100306901 747.0 5.000678606963538 0.4087479334557429
1499.9941610976591 747.0 5.000936992307117 0.42542293341830373
1499.9923739529017 747.0 5.00124094397649 0.44209343346301466
1499.990348610805 747.0 5.001591865792386 0.4588654334656894
1499.988085082698 747.0 5.001991113086146 0.4755409334320575
1499.9855833768192 747.0 5.002439994425084 0.4922160333953798
1499.9828434982871 747.0 5.0029397732781105 0.508891933481209
1499.979865449071 747.0 5.003491669623701 0.5255597335053608
1499.976649227962 747.0 5.004096861502204 0.5422390335006639
1499.9731948305468 747.0 5.004756486514415 0.5589061334030703
1499.9695022491808 747.0 5.005471643268274 0.5755769334500656
1499.9655714729622 747.0 5.006243392775494 0.5922665334073827
1499.9614024877085 747.0 5.007072759799845 0.6089406334795058
1499.956995275932 747.0 5.007960734158769 0.6256105334032327
1499.9523498168176 747.0 5.008908271979946 0.6422846334753558
1499.9474660861995 747.0 5.00991629691437 0.6589522334979847
1499.942344056541 747.0 5.010985701307437 0.67562133341562
1499.9369836969138 747.0 5.012117347329504 0.6924345334991813
1499.9313849729767 747.0 5.01331206806732 0.7093167334096506
1499.925547846958 747.0 5.014570668577683 0.7260181334568188
1499.9194722776351 747.0 5.0158939269046305 0.742688933503814
1499.9131582203186 747.0 5.017282595061433 0.7593741334276274
1499.9066056268327 747.0 5.018737399978593 0.7760439334670082
1499.8998144454995 747.0 5.020259044419048 0.7927135335048661
1499.8927846211225 747.0 5.021848207861695 0.8097064334433526
1499.8855160949706 747.0 5.023505547354341 0.8263767334865406
1499.878008804763 747.0 5.025231698337135 0.8430434335023165
1499.8702626846543 747.0 5.0270272754375105 0.8597119334153831
1499.86227766522 747.0 5.028892873237614 0.8763810334494337
1499.8540536734426 747.0 5.030829067015177 0.8930516334949061
1499.8455906326988 747.0 5.032836413458758 0.9097276334650815
1499.8368884627453 747.0 5.034915451358224 0.92641213349998
1499.827947079707 747.0 5.03706670227135 0.9430819334229454
1499.8187663960648 747.0 5.0392906711673415 0.959758433396928
1499.8093463206433 747.0 5.041587847048103 0.9764294334454462
1499.7996867585994 747.0 5.043958703547996 0.9931011334992945
1499.789787611411 747.0 5.046403699512856 1.009774933452718
1499.779648776866 747.0 5.04892327955897 1.026456633466296
1499.7692701490525 747.0 5.05151787461271 1.0432150334818289
1499.7586516183478 747.0 5.054187902431502 1.059891233453527
1499.7477930714085 747.0 5.056933768106769 1.0765624335035682
1499.736694391161 747.0 5.05975586454947 1.093229633406736
1499.7253554567924 747.0 5.0626545729588415 1.1098992334445938
1499.71377614374 747.0 5.065630263274922 1.1274491334334016
1499.7019563236843 747.0 5.068683294615425 1.1441342334728688
1499.6898958645384 747.0 5.07181401569749 1.1608103334438056
1499.6775946304408 747.0 5.075022765244849 1.1774832335067913
1499.665052481747 747.0 5.07830987238091 1.1941565334564075
1499.6522692750202 747.0 5.081675657008232 1.2108233334729448
1499.6392448630256 747.0 5.0851204301748885 1.2274951334111392
1499.6259790947204 747.0 5.08864449442814 1.2441666334634647
1499.6124718152478 747.0 5.0922481441558896 1.2609496334334835
1499.5987228659292 747.0 5.095931665916319 1.2776246333960444
1499.5847320842568 747.0 5.099695338756122 1.2943083334248513
1499.5704993038867 747.0 5.10353943451774 1.3109828335000202
1499.5560243546324 747.0 5.1074642181359575 1.327816333505325
1499.5413070624577 747.0 5.111469947924259 1.3444864334305748
1499.5263472494696 747.0 5.115556875851261 1.361158333485946
1499.5111447339125 747.0 5.1197252478076045 1.3778254335047677
1499.4956993301619 747.0 5.123975303863607 1.3944929334102198
1499.4800108487175 747.0 5.128307278518006 1.411165933473967
1499.4640790961973 747.0 5.132721400938108 1.4278384334174916
1499.4479038753323 747.0 5.137217895191626 1.4445161334006116
1499.4314849849588 747.0 5.141796980470511 1.4613414334598929
1499.4148222200142 747.0 5.146458871307036 1.4780082334764302
1499.3979153715306 747.0 5.151203777782418 1.494682333432138
1499.380764226629 747.0 5.156031905728224 1.5231983334524557
1499.3633685685136 747.0 5.160943456920817 1.5401431334903464
1499.3457281764665 747.0 5.1659386292690845 1.5568115334026515
1499.327842825842 747.0 5.171017616995671 1.5740484334528446
1499.3097122880613 747.0 5.176180610811959 1.590718133491464
1499.291336330607 747.0 5.181427798086991 1.607387633412145
1499.2727147170178 747.0 5.1867593630105695 1.6241170334396884
1499.2538472068836 747.0 5.192175486750708 1.6407912333961576
1499.2347335558395 747.0 5.197676347605652 1.657462033443153
1499.2153735155612 747.0 5.203262121150647 1.6741382334148511
1499.1957668337595 747.0 5.208932980379636 1.690810033469461
1499.1759132541758 747.0 5.214689095842061 1.707482433412224
1499.1558125165764 747.0 5.22053063577495 1.724158033495769
1499.1354643567474 747.0 5.226457766230432 1.7408293334301561
1499.1148685064904 747.0 5.232470651198856 1.7581812334246933
1499.0940246936168 747.0 5.23856945272766 1.7748559335013852
1499.072932641943 747.0 5.244754331036136 1.7915326334768906
1499.0515920712853 747.0 5.251025444626233 1.8082096334546804
1499.0300026974555 747.0 5.257382950389542 1.8248824334004894
1499.0081642322555 747.0 5.263827003710582 1.8415572334779426
1498.9860763834722 747.0 5.27035775856653 1.858233033446595
1498.963738854873 747.0 5.27697536762351 1.8754989334847778
1498.9411513462012 747.0 5.283679982329554 1.8921737334458157
1498.9183135531698 747.0 5.290471753004373 1.9088441334897652
1498.895225167458 747.0 5.297350828926017 1.9257907334249467
1498.8718858767056 747.0 5.30431735841456 1.9424596334574744
1498.8482953645082 747.0 5.3113714889128945 1.959133033407852
1498.824453310412 747.0 5.318513367064744 1.975805333466269
1498.8003593899095 747.0 5.32574313878999 1.9924745335010812
1498.7760132744343 747.0 5.333060949357402 2.009145533433184
1498.7514146313556 747.0 5.3404669434548655 2.0258134334580973
1498.726563123974 747.0 5.34796126525719 2.042483433499001
1498.7014584115168 747.0 5.355544058491587 2.059150933404453
1498.6761001491313 747.0 5.363215466500888 2.075826133484952
1498.6504879878821 747.0 5.370975632304597 2.092578733456321
1498.6246215747444 747.0 5.3788246986578345 2.1093260335037485
1498.5985005525997 747.0 5.3867628081082595 2.126075833453797
1498.5721245602303 747.0 5.394790103051033 2.1427485333988443
1498.5454932323148 747.0 5.402906725781895 2.159421633463353
1498.5186061994227 747.0 5.411112818548414 2.176091733505018
1498.491463088009 747.0 5.419408523599479 2.192762133432552
1498.4640635204094 747.0 5.427793983233092 2.209434333490208
1498.436407114835 747.0 5.436269339842516 2.2261079334421083
1498.4084934853674 747.0 5.444834735960847 2.2433493334101513
1498.3803222419529 747.0 5.453490314304049 2.260025133495219
1498.3518929903976 747.0 5.4622362178125154 2.2766925333999097
1498.3232053323618 747.0 5.47107258969121 2.2933648334583268
1498.2942588653552 747.0 5.479999573448425 2.310037733404897
1498.2650531827314 747.0 5.489017312933216 2.326712433481589
1498.2355878736817 747.0 5.498125952371552 2.343386333435774
1498.2058625232307 747.0 5.507325636401231 2.360058633494191
1498.1758767122305 747.0 5.516616510105596 2.3767347334651276
1498.145630017355 747.0 5.5259987190461 2.3934039334999397
1498.1151220110944 747.0 5.535472409293761 2.4100795334670693
1498.08435226175 747.0 5.54503772745953 2.4267485335003585
1498.053320333428 747.0 5.5546948207236335 2.4434374334523454
1498.0220257860344 747.0 5.5644438368639095 2.460108733503148
1497.990468175269 747.0 5.57428492428317 2.476786633487791
1497.9586470526194 747.0 5.584218232035637 2.493453833507374
1497.926561965356 747.0 5.594243909852473 2.510128633468412
1497.8942124565258 747.0 5.60436210816644 2.527106733410619
1497.8615980649458 747.0 5.61457297813572 2.5437824334949255
1497.8287183251985 747.0 5.624876671666917 2.5604554334422573
1497.7955727676247 747.0 5.635273341437286 2.5771251334808767
1497.7621609183184 747.0 5.645763140916195 2.5937976334244013
1497.7284822991203 747.0 5.656346224385858 2.610468333470635
1497.6945364276116 747.0 5.667022746961371 2.6271436334354803
1497.6603228171086 747.0 5.67779286461005 2.643819533404894
1497.6258409766558 747.0 5.688656734170128 2.660505633451976
1497.5910904110196 747.0 5.699614513368802 2.6775407334789634
1497.5560706206827 747.0 5.710666360839676 2.6942090335069224
1497.5207811018374 747.0 5.721812436139609 2.71088313346263
1497.4852213463794 747.0 5.733052899764985 2.7275560334092006
1497.449390841901 747.0 5.744387913167438 2.7442292334744707
1497.4132890716853 747.0 5.75581763876904 2.76089823350776
1497.3769155146988 747.0 5.767342239976968 2.7775758334901184
1497.340269645586 747.0 5.778961881197683 2.7942475334275514
1497.303350934662 747.0 5.7906767278506175 2.810917733469978
1497.2661588479057 747.0 5.802486946381406 2.8276861334452406
1497.228692846954 747.0 5.814392704274662 2.84438763349317
1497.1909523890938 747.0 5.826394170066324 2.861099233501591
1497.1529369272566 747.0 5.838491513355577 2.8777710334397852
1497.1146459100107 747.0 5.850684904816376 2.8945514335064217
1497.0760787815545 747.0 5.862974516208576 2.9112195334164426
1497.0372349817094 747.0 5.87536052038868 2.927932233433239
1496.9981139459132 747.0 5.887843091320228 2.944602933479473
1496.958715105213 747.0 5.900422404083827 2.961272433400154
1496.9190378862577 747.0 5.9130986348868415 2.9779434334486723
1496.8790817112908 747.0 5.925871961072759 2.9946185334119946
1496.838845998144 747.0 5.93874256113023 3.011293333489448
1496.7983301602292 747.0 5.951710614701802 3.0279681334504858
1496.757533606531 747.0 5.964776302592358 3.044639333500527
1496.7164557416006 747.0 5.977939806777263 3.0613080334151164
1496.6750959655465 747.0 5.991201310410234 3.077980233472772
1496.6334536740283 747.0 6.00456099783094 3.09465573343914
1496.5915282582491 747.0 6.018019054572345 3.1113322334131226
1496.5493191049477 747.0 6.031575667367789 3.12800733349286
1496.5068255963909 747.0 6.045231024157838 3.1446766334120184
1496.4640471103655 747.0 6.058985314096889 3.1614084334578365
1496.4209830201712 747.0 6.072838727559549 3.1780839334242046
1496.3776326946124 747.0 6.086791456146793 3.194768433459103
1496.3339954979908 747.0 6.100843692691912 3.211443433421664
1496.2900707900967 747.0 6.114995631266245 3.2281118334503844
1496.2458579262016 747.0 6.129247467184719 3.2447871334152296
1496.2013562570498 747.0 6.14359939701119 3.2614582334645092
1496.156565128851 747.0 6.158051618563601 3.2781297334004194
1496.1114838832718 747.0 6.172604330918948 3.2947985334321856
1496.066111857427 747.0 6.187257734418081 3.311475233407691
1496.0204483838718 747.0 6.202012030670327 3.3281511334935203
1495.9744927905942 747.0 6.216867422557946 3.344818333396688
1495.9282444010053 747.0 6.231824114240431 3.3615006334148347
1495.8817025339315 747.0 6.24688231115865 3.378176133497618
1495.8348665036067 747.0 6.2620422200388335 3.3948474334320053
1495.7877356196625 747.0 6.277304048896419 3.411520533496514
1495.7403091871206 747.0 6.292668007039753 3.4281934334430844
1495.6925865063838 747.0 6.308134305073648 3.444866833393462
1495.6445668732274 747.0 6.323703154902818 3.4615385334473103
1495.5962495787903 747.0 6.339374769735168 3.4782133334083483
1495.5476339095662 747.0 6.355149364084968 3.494885833468288
1495.4987191473951 747.0 6.3710271537758985 3.51155433349777
1495.4495045694541 747.0 6.387008355943976 3.5282230334123597
1495.3999894482483 747.0 6.403093189040365 3.544896533479914
1495.350173051602 747.0 6.419281872834071 3.561569333425723
1495.3000546426495 747.0 6.435574628414528 3.578239433467388
1495.249633479826 747.0 6.451971678194076 3.5949069334892556
1495.1989088168582 747.0 6.468473245910332 3.611587133491412
1495.1478799027557 747.0 6.48507955662846 3.6282601334387437
1495.0965459818008 747.0 6.501790836743344 3.6449351334013045
1495.0449062935397 747.0 6.518607313981658 3.6616020334186032
1494.992960072773 747.0 6.5355292174038455 3.6782694334397092
1494.940706549546 747.0 6.552556777406003 3.6949418334988877
1494.888144949139 747.0 6.569690225721675 3.711615633452311
1494.8352744920583 747.0 6.586929795423558 3.728284333483316
1494.7820943940262 747.0 6.604275720925121 3.7449588334420696
1494.7286038659713 747.0 6.621728237982137 3.7616323333932087
1494.6748021140188 747.0 6.639287583694136 3.778306033462286
1494.6206883394805 747.0 6.656953996505771 3.7949749334948137
1494.5662617388448 747.0 6.674727716208109 3.8116488334489986
1494.5115215037672 747.0 6.692608983939839 3.8283214333932847
1494.45646682106 747.0 6.710598042188409 3.8449912334326655
1494.4010968726825 747.0 6.728695134791084 3.861666833399795
1494.3454108357303 747.0 6.746900506935925 3.8783397334627807
1494.2894078824254 747.0 6.765214405162706 3.895011733402498
1494.2330871801066 747.0 6.783637077363748 3.9120219334727153
1494.1764478912185 747.0 6.8021687727846905 3.928688833490014
1494.1194891733007 747.0 6.8208097420251885 3.9453590334160253
1494.0622101789788 747.0 6.839560237039542 3.9620342334965244
1494.0046100559528 747.0 6.85842051113726 3.978702733409591
1493.9466879469867 747.0 6.877390818983553 3.995406133471988
1493.8884429898985 747.0 6.896471416599763 4.012074833502993
1493.829874317549 747.0 6.915662561363726 4.028743633418344
1493.770981057831 747.0 6.934964512010075 4.045416433480568
1493.7117623336596 747.0 6.954377528630468 4.062092933454551
1493.65221726296 747.0 6.973901872673766 4.079169833450578
1493.5923449586571 747.0 6.9935378069461365 4.095839633489959
1493.5321445286652 747.0 7.013285595611104 4.112527233432047
1493.4716150758761 747.0 7.033145504189533 4.129200833500363
1493.410755698149 747.0 7.053117799559548 4.146146233426407
1493.3495654882981 747.0 7.073202749956399 4.163074633455835
1493.288043534083 747.0 7.093400624972263 4.179750033421442
1493.2261889181962 747.0 7.11371169555598 4.19641893345397
1493.1640007182523 747.0 7.1341362340127406 4.213088233489543
1493.101478006777 747.0 7.1546745140037 4.229760033427738
1493.0386198511947 747.0 7.175326810545543 4.246433533495292
1492.9754253138185 747.0 7.196093400009982 4.263101833406836
1492.9118934518376 747.0 7.2169745601232025 4.279778533498757
1492.848023317306 747.0 7.237970569965243 4.29650693340227
1492.7838139571304 747.0 7.259081709969316 4.313174333423376
1492.7192644130598 747.0 7.280308261921076 4.329850633395836
1492.6543737216728 747.0 7.3016505089578185 4.346523933461867
1492.5891409143655 747.0 7.3231087355676285 4.3631992334267125
1492.5235650173408 747.0 7.344683227588463 4.3798695334699005
1492.4576450515954 747.0 7.366374272207176 4.52056603343226
1492.391380032908 747.0 7.3881821579584885 4.539510466856882
1492.3247689718278 747.0 7.410107174723887 4.556186766829342
1492.257810873662 747.0 7.432149613730472 4.572855266858824
1492.190504738464 747.0 7.454309767549744 4.589528566924855
1492.12284956102 747.0 7.476587930096327 4.606201166869141
1492.0548443308392 747.0 7.49898439662663 4.622868166887201
1491.9864880321384 747.0 7.521499463737451 4.640524566872045
1491.917779643832 747.0 7.544133429364512 4.657198266824707
1491.8487181395187 747.0 7.566886592780947 4.673870566883124
1491.7793024874686 747.0 7.589759254595708 4.690552266896702
1491.7095316506113 747.0 7.612751716751924 4.707237566821277
1491.6394045865231 747.0 7.635864282525187 4.723941766889766
1491.5689202474143 747.0 7.6590972565217825 4.740617966861464
1491.4980775801162 747.0 7.682450944676848 4.757286266889423
1491.4268755260687 747.0 7.705925654252472 4.773961366852745
1491.3553130213074 747.0 7.729521693835726 4.790630166884512
1491.2833889964504 747.0 7.753239373336629 4.80730156681966
1491.2111023766856 747.0 7.777079003986052 4.823974466882646
1491.138452081758 747.0 7.801040898333547 4.840643866918981
1491.0654370259556 747.0 7.825125370245115 4.857320266892202
1490.9920561180973 747.0 7.849332734900906 4.873995866859332
1490.9183082615193 747.0 7.873663308792841 4.890664066886529
1490.844192354062 747.0 7.898117409722179 4.907334166811779
1490.769707288056 747.0 7.922695356797003 4.924002366838977
1490.69485195031 747.0 7.947397470429638 4.940675166901201
1490.6196252220964 747.0 7.972224072334 4.957345166825689
1490.544025979138 747.0 7.9971754855228685 4.974014866864309
1490.4680530915948 747.0 8.02225203430509 4.990685066906735
1490.3917054240499 747.0 8.047454044282704 5.007738166837953
1490.3149818354964 747.0 8.072781842347997 5.024415066814981
1490.2378811793233 747.0 8.098235756680479 5.041082866839133
1490.1604023033017 747.0 8.123816116743786 5.057754666893743
1490.0825440495714 747.0 8.149523253282503 5.074424666818231
1490.0043052546266 747.0 8.17535749831891 5.091100966907106
1489.9256847493023 747.0 8.201319185149647 5.107768866815604
1489.8466813587597 747.0 8.227408648342301 5.124444266897626
1489.767293902473 747.0 8.253626223731919 5.141112866811454
1489.6875211942147 747.0 8.279972248417419 5.157786566880532
1489.6073620420416 747.0 8.306447060757943 5.1752716668415815
1489.5268152482809 747.0 8.333051000369107 5.191941766883247
1489.445879609515 747.0 8.359784408119175 5.2086102669127285
1489.3645539165684 747.0 8.38664762612515 5.225280066835694
1489.2828369544923 747.0 8.413640997748768 5.241950966883451
1489.2007275025505 747.0 8.440764867592414 5.258625566842966
1489.1182243342053 747.0 8.468019581494941 5.275350266834721
1489.0353262171022 747.0 8.495405486527408 5.29203756689094
1488.9520319130563 747.0 8.522922930988715 5.308712766855024
1488.868340178036 747.0 8.550572264401156 5.325382666895166
1488.7842497621505 747.0 8.578353837505873 5.342055566841736
1488.6997594096326 747.0 8.606268002258219 5.358730666921474
1488.6148678588258 747.0 8.634315111823017 5.375407066894695
1488.5295738421685 747.0 8.662495520569735 5.392074566916563
1488.443876086179 747.0 8.690809584067548 5.408741866820492
1488.3577733114412 747.0 8.719257659080315 5.425411666859873
1488.2712642325885 747.0 8.74784010356144 5.442078766878694
1488.1843475582896 747.0 8.776557276648644 5.458753166836686
1488.0970219912329 747.0 8.805409538658626 5.475426566903479
1488.0092862281113 747.0 8.834397251081622 5.492099266848527
1487.9211389596067 747.0 8.863520776575857 5.508770966902375
1487.8325788703753 747.0 8.892780478961889 5.525442966842093
1487.743604639032 747.0 8.922176723216845 5.542110366863199
1487.654214938134 747.0 8.95170987546855 5.558779366896488
1487.5644084341668 747.0 8.981380302989535 5.57545376685448
1487.4741837875279 747.0 9.011188374190942 5.592121566878632
1487.3835396525108 747.0 9.04113445861631 5.608798166853376
1487.2924746772899 747.0 9.071218926935247 5.625468766898848
1487.200987503905 747.0 9.101442150936977 5.642141966847703
1487.109076768245 747.0 9.131804503523783 5.65881426690612
1487.0167411000316 747.0 9.162306358704312 5.675485566840507
1486.9239791228051 747.0 9.192948091586771 5.6921541668707505
1486.8307894539068 747.0 9.223730078371997 5.708826166926883
1486.7371707044638 747.0 9.254652696346392 5.725499766878784
1486.6431214793727 747.0 9.285716323874748 5.7421870668185875
1486.5486403772838 747.0 9.31692134039293 5.758856766857207
1486.4537259905849 747.0 9.348268126400432 5.775529566919431
1486.3583769053846 747.0 9.379757063452805 5.792197166825645
1486.2625917014966 747.0 9.41138853415395 5.808864066842943
1486.1663689524232 747.0 9.443162922148275 5.825540266814642
1486.069707225339 747.0 9.475080612112713 5.842215366894379
1485.9726050810743 747.0 9.507141989748607 5.85888306691777
1485.875061074099 747.0 9.539347441773453 5.875551666831598
1485.7770737525057 747.0 9.571697355912494 5.892224066890776
1485.6786416579935 747.0 9.60419212089018 5.908895966829732
1485.5797633258508 747.0 9.63683212642148 5.925567866885103
1485.4804372849396 747.0 9.669617763203036 5.942244866862893
1485.380662057678 747.0 9.702549422904184 5.959595166845247
1485.280436160023 747.0 9.735627498157813 5.9762657668907195
1485.1797581014555 747.0 9.768852382551074 5.992938166833483
1485.0786263849611 747.0 9.802224470615933 6.009611366898753
1484.977039507015 747.0 9.835744157819564 6.026284866849892
1484.8749959575641 747.0 9.86941184055459 6.043196066864766
1484.7724942200105 747.0 9.903227916129161 6.059868266922422
1484.6695327711936 747.0 9.93719278275686 6.077718566870317
1484.5661100813743 747.0 9.971306839546454 6.094386866898276
1484.4622246142162 747.0 10.005570486491475 6.111056866822764
1484.3578748267698 747.0 10.03998412445963 6.127741666859947
1484.2530591694544 747.0 10.074548155182045 6.144416766823269
1484.1477760860414 747.0 10.109262981242322 6.161090166890062
1484.042024013636 747.0 10.144129006065436 6.177765866857953
1483.9358013826607 747.0 10.179146633906447 6.19443536689505
1483.8291066168376 747.0 10.21431626983903 6.211106066824868
1483.7219381331706 747.0 10.249638319743823 6.227780366898514
1483.6142943419281 747.0 10.285113190296602 6.2444536668481305
1483.5061736466253 747.0 10.320741288956246 6.261121266870759
1483.397574444006 747.0 10.356523023952533 6.278996666893363
1483.2884951240267 747.0 10.39245880427374 6.295664866920561
1483.1789340698363 747.0 10.428549039654039 6.312337266863324
1483.0688896577603 747.0 10.464794140560711 6.32900536688976
1482.9583602572823 747.0 10.501194518181151 6.345673266914673
1482.8473442310258 747.0 10.537750584409677 6.362379666883498
1482.7358399347365 747.0 10.574462751834131 6.3790499669266865
1482.6238457172647 747.0 10.611331433722281 6.395719266845845
1482.5113599205465 747.0 10.648357044008007 6.412387266871519
1482.3983808795867 747.0 10.68553999727728 6.429059966816567
1482.2849069224399 747.0 10.722880708753923 6.4457321668742225
1482.1709363701923 747.0 10.760379594285165 6.462402766919695
1482.0564675369442 747.0 10.798037070326965 6.48050526692532
1481.9414987297914 747.0 10.835853553929118 6.497178566874936
1481.8260282488066 747.0 10.873829462720142 6.513849666924216
1481.7100543870215 747.0 10.911965214891932 6.530524066882208
1481.5935754304082 747.0 10.950261229184186 6.547197266831063
1481.476589657861 747.0 10.988717924868599 6.563867466873489
1481.3590953411776 747.0 11.027335721732822 6.580569466925226
1481.241090745041 747.0 11.06611504006418 6.597245966899209
1481.1225741270005 747.0 11.105056300633152 6.613922266871668
1481.0035437374538 747.0 11.144159924676607 6.630594766815193
1480.8839978196277 747.0 11.183426333880798 6.647270366898738
1480.7639346095596 747.0 11.222855950364085 6.663941166829318
1480.643352336079 747.0 11.26244919665944 6.680612666881643
1480.522249220789 747.0 11.302206495696666 6.697281866916455
1480.4006234780468 747.0 11.34212827078437 6.7139551668660715
1480.2784733149454 747.0 11.382214945591675 6.7306320668431
1480.1557969312946 747.0 11.422466944129669 6.7473011668771505
1480.0325925196023 747.0 11.462884690732569 6.763976566842757
1479.9088582650552 747.0 11.50346861003864 6.780644866870716
1479.7845923455 747.0 11.54421912697082 6.797321666846983
1479.6597929314248 747.0 11.585136666717077 6.814410366816446
1479.5344581859395 747.0 11.626221654710475 6.831077466835268
1479.4085862647569 747.0 11.667474516608973 6.847752666915767
1479.2821753161736 747.0 11.708895678274917 6.864425266860053
1479.155223481051 747.0 11.750485565754254 6.881099266814999
1479.0277288927962 747.0 11.792244605255448 6.897774166893214
1478.8996896773422 747.0 11.834173223128097 6.914443266927265
1478.7711039531293 747.0 11.876271845841254 6.931110066827387
1478.6419698310858 747.0 11.918540899961434 6.947786766919307
1478.5122854146082 747.0 11.960980812130321 6.9644631668925285
1478.3820487995422 747.0 12.003592009042162 6.981139366864227
1478.2512580741634 747.0 12.046374917420842 6.997810766915791
1478.1199113191578 747.0 12.089329963996642 7.0144859668798745
1477.9880066076025 747.0 12.132457575482677 7.031159566831775
1477.8555420049458 747.0 12.175758178551002 7.04782756685745
1477.7225155689882 747.0 12.219232199808394 7.064501166925766
1477.5889253498628 747.0 12.262880065771798 7.081169566838071
1477.4547693900156 747.0 12.306702202843429 7.097840866888873
1477.3200457241862 747.0 12.350699037285544 7.114513866836205
1477.1847523793879 747.0 12.394870995194859 7.13118876691442
1477.048887374888 747.0 12.43921850247662 7.1478610668564215
1476.9124487221886 747.0 12.483741984818325 7.164537166827358
1476.775434425007 747.0 12.528441867663076 7.181211466901004
1476.6378424792551 747.0 12.573318576182588 7.1978867668658495
1476.499670873021 747.0 12.618372535249815 7.2145581669174135
1476.3609175865479 747.0 12.663604169411215 7.231229166849516
1476.2215805922156 747.0 12.709013902858644 7.2479862668551505
1476.0816578545198 747.0 12.754602159400863 7.26523086684756
1475.9411473300527 747.0 12.800369362434669 7.281904266914353
1475.8000469674832 747.0 12.84631593491564 7.298574266838841
1475.6583547075372 747.0 12.892442299328486 7.315248466911726
1475.516068482977 747.0 12.938748877657009 7.331922666868195
1475.3731862185828 747.0 12.985236091353652 7.348937966860831
1475.229705831131 747.0 13.031904361308666 7.3656048668781295
1475.085625229376 747.0 13.07875410781884 7.382529166876338
1474.9409423140298 747.0 13.125785750555846 7.399203266832046
1474.795654977741 747.0 13.172999708534144 7.4158740668790415
1474.6497611050763 747.0 13.220396400078481 7.432550366851501
1474.5032585724998 747.0 13.267976242790951 7.4492252668133005
1474.3561452483534 747.0 13.315739653517626 7.465909066842869
1474.2084189928362 747.0 13.363687048314764 7.482584766927175
1474.0600776579854 747.0 13.411818842414553 7.499252166831866
1473.9111190876556 747.0 13.460135450190428 7.5159232668811455
1473.761541117499 747.0 13.50863728512193 7.532599366852082
1473.6113415749455 747.0 13.557324759759105 7.549630466848612
1473.4605182791827 747.0 13.606198285686453 7.566320366924629
1473.3090690411357 747.0 13.655258273486401 7.582997066900134
1473.1569916634471 747.0 13.70450513270231 7.599671566858888
1473.004283940457 747.0 13.753939271801007 7.6163485668366775
1472.8509436581835 747.0 13.803561098134834 7.633022466907278
1472.6969685943018 747.0 13.853371017903209 7.649698666878976
1472.5423565181245 747.0 13.903369436113705 7.666370366816409
1472.387105190582 747.0 13.95355675654262 7.683041766867973
1472.2312123642016 747.0 14.00393338169505 7.699715066817589
1472.0746757830887 747.0 14.054499712764464 7.716388066881336
1471.9174931829054 747.0 14.105256149591746 7.733057566918433
1471.7596622908518 747.0 14.156203090623737 7.749834366841242
1471.6011808256449 747.0 14.207340932871253 7.766502766869962
1471.442046497499 747.0 14.258670071866552 7.783178566838615
1471.2822570081062 747.0 14.3101909016203 7.799847766873427
1471.121810050616 747.0 14.361903814577971 7.816521666827612
1470.9607033096152 747.0 14.413809201575704 7.833190566860139
1470.7989344611078 747.0 14.465907451795621 7.849858566885814
1470.636501172496 747.0 14.518198952720578 7.866532266838476
1470.4734011025594 747.0 14.570684090088351 7.883207466918975
1470.309631901435 747.0 14.623363247845262 7.899875566828996
1470.1451912105986 747.0 14.676236808099217 7.916545066866092
1469.9800766628427 747.0 14.729305151072177 7.933212866890244
1469.8142858822591 747.0 14.78256865505203 7.949886566842906
1469.6478164842174 747.0 14.836027696343875 7.9665625668130815
1469.4806660753459 747.0 14.88968264922071 7.983238666900434
1469.3128322535117 747.0 14.94353388587351 7.999907066812739
1469.1443126078009 747.0 14.997581776360695 8.016583466902375
1468.9751047184989 747.0 15.051826688556979 8.033250966924243
1468.8052061570706 747.0 15.106268988101595 8.049925166880712
1468.6346144861413 747.0 15.160909038345897 8.066595666925423
1468.4633272594763 747.0 15.21574720030031 8.083263666834682
1468.2913420219618 747.0 15.270783832580653 8.099931666860357
1468.1186563095855 747.0 15.326019291353804 8.116607966832817
1467.9452676494163 747.0 15.381453930282706 8.133275566855446
1467.7711735595858 747.0 15.43708810047072 8.150057266815566
1467.5963715492683 747.0 15.492922150405303 8.1667279668618
1467.4208591186616 747.0 15.548956425901004 8.18340496683959
1467.2446337589674 747.0 15.605191270041791 8.200071866856888
1467.0676929523727 747.0 15.661627023122678 8.216739166877232
1466.8900341720296 747.0 15.718264022590661 8.233409766922705
1466.7116548820368 747.0 15.775102602984948 8.251261566882022
1466.53255253742 747.0 15.83214309587648 8.267931666923687
1466.3527245841137 747.0 15.88938582980674 8.28460676688701
1466.1721684589409 747.0 15.94683113022583 8.301279166829772
1465.990881589595 747.0 16.004479319429823 8.317951666889712
1465.8088613946206 747.0 16.062330716497375 8.33475146687124
1465.6261052833952 747.0 16.120385637225596 8.351434966898523
1465.4426106561093 747.0 16.178644394065163 8.368110966868699
1465.2583749037487 747.0 16.237107296054678 8.384782466921024
1465.0733954080754 747.0 16.295774648754257 8.401483866851777
1464.8876695416093 747.0 16.354646754178358 8.418559666839428
1464.7011946676091 747.0 16.413723910727796 8.435229966882616
1464.5139681400549 747.0 16.473006413121013 8.451902666827664
1464.3259873036288 747.0 16.53249455232452 8.468575266888365
1464.1372494936975 747.0 16.592188615482545 8.485250666853972
1463.9477520362932 747.0 16.65208888584588 8.501922866911627
1463.7574922480967 747.0 16.712195642699896 8.519059066893533
1463.5664674364184 747.0 16.772509161291744 8.535726766916923
1463.3746748991807 747.0 16.833029712756712 8.552400966873392
1463.1821119249005 747.0 16.893757564043753 8.569071566918865
1462.988775792671 747.0 16.954692977840157 8.585747466888279
1462.7946637721445 747.0 17.015836212495376 8.602414366905577
1462.5997731235143 747.0 17.07718752194397 8.61908746685367
1462.404101097498 747.0 17.138747155627698 8.635762766818516
1462.2076449353196 747.0 17.20051535841672 8.652656866819598
1462.010401868693 747.0 17.262492370529916 8.669327266863547
1461.812369119804 747.0 17.324678427454312 8.685994066880085
1461.6135439012942 747.0 17.387073759863604 8.70266206690576
1461.4139234162435 747.0 17.44967859353576 8.71933496685233
1461.2135048581538 747.0 17.51249314926973 8.736012566834688
1461.012285410932 747.0 17.575517642801195 8.75268036685884
1460.8102622488743 747.0 17.638752284717416 8.769347766879946
1460.607432536649 747.0 17.702197280371117 8.78602366684936
1460.4037934292805 747.0 17.765852829793435 8.802695766906254
1460.199342072134 747.0 17.829719127605898 8.819366066833027
1459.9940756008982 747.0 17.89379636293145 8.836037866887636
1459.787991141571 747.0 17.958084719304495 8.852706166915596
1459.5810858104426 747.0 18.022584374579953 8.869378066854551
1459.373356714081 747.0 18.08729550084135 8.88605226681102
1459.164800949316 747.0 18.152218264307876 8.902720866841264
1458.9554156032248 747.0 18.21735282524047 8.919402966857888
1458.745197753116 747.0 18.282699337846875 8.936076066922396
1458.5341444665155 747.0 18.348257950185662 8.953063166816719
1458.322252801152 747.0 18.41402880406925 8.969736366881989
1458.1095198049418 747.0 18.48001203496586 8.986411066842265
1457.895942515975 747.0 18.54620777190045 9.003080066875555
1457.6815179625016 747.0 18.612616137354564 9.0197553668404
1457.466243162917 747.0 18.679237247165158 9.03642516687978
1457.2501151257484 747.0 18.74607121042232 9.053100166842341
1457.0331308496418 747.0 18.81311812936593 9.069774266914465
1456.8152873233482 747.0 18.88037809928124 9.086443966836669
1456.5965815257102 747.0 18.94785120839335 9.103114166879095
1456.37701042565 747.0 19.01553753776056 9.119784166919999
1456.1565709821557 747.0 19.083437161166675 9.136457966873422
1455.9352601442695 747.0 19.15155014501212 9.153129866812378
1455.7130748510751 747.0 19.219876548203985 9.169799366849475
1455.490012031686 747.0 19.288416422044893 9.18646736687515
1455.2660686052334 747.0 19.357169810120773 9.203137066913769
1455.0412414808545 747.0 19.42613674818744 9.219813066883944
1454.8155275576817 747.0 19.495317264056045 9.236482966924086
1454.5889237248311 747.0 19.56471137747736 9.253149766824208
1454.3614268613924 747.0 19.634319100024875 9.269818566855974
1454.133033836417 747.0 19.704140434976733 9.286488266894594
1453.9037415089094 747.0 19.774175377196467 9.303159166825935
1453.6735467278158 747.0 19.84442391301255 9.31982646684628
1453.4424463320152 747.0 19.91488602009675 9.336501366924495
1453.2104371503094 747.0 19.985561667341244 9.353176266886294
1452.9775160014146 747.0 20.056450814734568 9.369848066824488
1452.7436796939517 747.0 20.1275534132363 9.386524966917932
1452.5089250264382 747.0 20.198869404650523 9.403197766863741
1452.2732487872802 747.0 20.27039872149808 9.419872766826302
1452.0366477547636 747.0 20.342141286887536 9.436546666896902
1451.7991186970476 747.0 20.414097014384936 9.453236166853458
1451.5606583721562 747.0 20.48626580788228 9.469906366895884
1451.3212635279724 747.0 20.558647561464735 9.486573866917752
1451.0809309022309 747.0 20.631242159276596 9.503250366891734
1450.8396572225117 747.0 20.704049475385947 9.519926866865717
1450.5974392062349 747.0 20.777069373648057 9.536594166886061
1450.3542735606545 747.0 20.850301707567482 9.553262066910975
1450.1101569828534 747.0 20.923746320158873 9.569936166866682
1449.8650861597387 747.0 20.997403043806486 9.586605266900733
1449.6190577680372 747.0 21.071271700122377 9.603273266926408
1449.3720684742914 747.0 21.145352099803315 9.61994496686384
1449.1241149348555 747.0 21.219644042486337 9.636619566823356
1448.8751937958928 747.0 21.294147316603027 9.653287066845223
1448.6253016933724 747.0 21.36886169923243 9.669958266895264
1448.374435253067 747.0 21.44378695595266 9.686629366828129
1448.122591090551 747.0 21.51892284069118 9.703312366851605
1447.8697658111985 747.0 21.59426909557371 9.719983866903931
1447.6159560101828 747.0 21.669825450771835 9.736658466863446
1447.3611582724757 747.0 21.74559162434922 9.753333966829814
1447.1053691728468 747.0 21.821567322106528 9.77001276682131
1446.8485852758645 747.0 21.897752237424935 9.786686366889626
1446.5908031358963 747.0 21.974146051108328 9.803356266813353
1446.3320192971103 747.0 22.050748431224115 9.82002996688243
1446.0722302934769 747.0 22.12755903294269 9.836705666850321
1445.8114326487712 747.0 22.204577498375524 9.853379766922444
1445.5496228765758 747.0 22.281803456411918 9.87004896684084
1445.286797480284 747.0 22.35923652255434 9.886723366915248
1445.0229529531036 747.0 22.43687629875244 9.903400066890754
1444.7580857780624 747.0 22.514722373235667 9.920076566864736
1444.4921924280113 747.0 22.592774320344525 9.936743666883558
1444.2252693656312 747.0 22.671031700360462 9.953415766824037
1443.9573130434392 747.0 22.749494059334396 9.9700884668855
1443.6883199037945 747.0 22.828160928913842 9.986757466918789
1443.418286378907 747.0 22.907031826168705 10.003433066885918
1443.1472088908433 747.0 22.986106253415674 10.020106566837057
1442.8750838515377 747.0 23.065383698041277 10.036786366836168
1442.6019076627997 747.0 23.14486363232356 10.053456766880117
1442.3276767163243 747.0 23.22454551325239 10.070131466840394
1442.0523873937027 747.0 23.30442878234843 10.08680306689348
1441.7760360664338 747.0 23.384512865480726 10.103472766815685
1441.4986190959355 747.0 23.46479717268297 10.12014836689923
1441.2201328335575 747.0 23.5452810979684 10.13681716681458
1440.940573620595 747.0 23.62596401914335 10.15348406683188
1440.6599377883022 747.0 23.70684529761949 10.170154066872783
1440.3782216579073 747.0 23.78792427822471 10.186829666839913
1440.0954215406284 747.0 23.86920028901269 10.20349716686178
1439.811533737689 747.0 23.950672641071137 10.220166766899638
1439.5265545403356 747.0 24.032340628328747 10.236836466821842
1439.2404802298558 747.0 24.11420352736082 10.25350396684371
1438.9533070775967 747.0 24.196260597193625 10.270172066870145
1438.6650313449838 747.0 24.278511079107435 10.286840666900389
1438.3756492835425 747.0 24.36095419643833 10.303507966920733
1438.0851571349185 747.0 24.443589154378706 10.320175166823901
1437.7935511309 747.0 24.526415139776567 10.336845866870135
1437.5008274934407 747.0 24.60943132093353 10.353925866889767
1437.206982434684 747.0 24.692636847401648 10.370724366861396
1436.912012156987 747.0 24.77603084977898 10.387392466887832
1436.6159128529466 747.0 24.859612439503998 10.404062566813082
1436.3186807054265 747.0 24.943380708648792 10.420738566899672
1436.020311887584 747.0 25.027334729711104 10.437411566847004
1435.7208025628995 747.0 25.11147355540521 10.454081566887908
1435.4201488852052 747.0 25.195796218451687 10.470757066854276
1435.118346998716 747.0 25.280301731366034 10.487424866878428
1434.8153930380618 747.0 25.364989086246226 10.504807166871615
1434.5112831283186 747.0 25.449857254559173 10.521475266898051
1434.2060133850443 747.0 25.534905186926128 10.538145866827108
1433.899579914312 747.0 25.62013181290707 10.554818866890855
1433.5919788127462 747.0 25.705536040784057 10.57149066682905
1433.2832061675606 747.0 25.79111675734363 10.588158766855486
1432.9732580565953 747.0 25.87687282765821 10.604829366900958
1432.6621305483573 747.0 25.962803094866594 10.621522666886449
1432.34981970206 747.0 26.048906379953525 10.638197066844441
1432.0363215676657 747.0 26.135181481528395 10.654871266917326
1431.7216321859285 747.0 26.221627175603093 10.67154786689207
1431.405747588438 747.0 26.308242215369024 10.688217166811228
1431.088663797666 747.0 26.39502533097335 10.704886166844517
1430.7703768270117 747.0 26.48197522929448 10.722106566885486
1430.4508826808512 747.0 26.56909059371682 10.73877836682368
1430.1301773545867 747.0 26.656370083904847 10.755459566833451
1429.8082568346965 747.0 26.74381233557655 10.772132366895676
1429.4851170987884 747.0 26.831415960276225 10.788802466820925
1429.1607541156523 747.0 26.919179545146722 10.805477666901425
1428.8351638453157 747.0 27.00710165270115 10.822263266891241
1428.5083422391003 747.0 27.09518082059409 10.838935966836289
1428.18028523968 747.0 27.18341556139238 10.855838566902094
1427.8509887811397 747.0 27.271804362345453 10.872514966875315
1427.5204487890371 747.0 27.360345685155362 10.889190066838637
1427.1886611804646 747.0 27.449037965746477 10.905866666813381
1426.855621864114 747.0 27.53787961403492 10.922535966848955
1426.521326740342 747.0 27.6268690136978 10.9393843668513
1426.185771701237 747.0 27.716004521942267 10.95605136686936
1425.8489526306892 747.0 27.805284469274497 10.972719966899604
1425.51086540446 747.0 27.894707159268602 10.989387966925278
1425.1715058902555 747.0 27.98427086833555 11.006664166925475
1424.8308699478 747.0 28.073973845492162 11.023351366864517
1424.4889534289123 747.0 28.16381431213024 11.040025266818702
1424.1457521775826 747.0 28.253790461785858 11.056700766901486
1423.8012620300528 747.0 28.343900459908944 11.073372066835873
1423.4554788148978 747.0 28.434142443633142 11.090050066821277
1423.1083983531082 747.0 28.52451452154609 11.10672346688807
1422.7600164581759 747.0 28.615014773460143 11.123422166914679
1422.410328936181 747.0 28.705641250183607 11.140096366871148
1422.0593315858812 747.0 28.796391973292614 11.15677006682381
1421.7070201988017 747.0 28.88726493490362 11.173514866852202
1421.3533905593301 747.0 28.978258097446687 11.190188566921279
1420.99843844481 747.0 29.069369393439597 11.206861666869372
1420.6421596256391 747.0 29.160596725262856 11.223927766899578
1420.2845498653683 747.0 29.251937964935703 11.240596466814168
1419.9256049208027 747.0 29.343390953893213 11.257267266861163
1419.5653205421065 747.0 29.43495350276454 11.273943866835907
1419.2036924729082 747.0 29.52662339115243 11.29061316687148
1418.8407164504088 747.0 29.618398367414088 11.30729146685917
1418.4763882054922 747.0 29.71027614844346 11.323966966825537
1418.110703462839 747.0 29.802254419455082 11.34064306691289
1417.7436579410403 747.0 29.89433083376954 11.357310966821387
1417.3752473527163 747.0 29.986503012600675 11.37399016681593
1417.0054674046364 747.0 30.07876854484462 11.390660466859117
1416.6343137978408 747.0 30.171124986870783 11.40732836688403
1416.2617822277664 747.0 30.263569862314867 11.424006466870196
1415.887868384374 747.0 30.35610066187406 11.440680466825143
1415.512567952279 747.0 30.448714843104487 11.457354566897266
1415.135876610883 747.0 30.54140983022105 11.474021366913803
1414.7577900345107 747.0 30.63418301389975 11.490694466861896
1414.3783038925465 747.0 30.727031751082663 11.507362266886048
1413.9974138495766 747.0 30.819953364785608 11.524038866860792
1413.6151155655323 747.0 30.912945143908715 11.540706466883421
1413.231404695836 747.0 31.006004343049963 11.557378666824661
1412.8462768915513 747.0 31.09912818232185 11.574054666911252
1412.459727799534 747.0 31.192313847171278 11.590729866875336
1412.0717530625886 747.0 31.28555848820287 11.607397266896442
1411.6823483196254 747.0 31.378859221005754 11.62406486691907
1411.291509205822 747.0 31.47221312598403 11.640738166868687
1410.8992313527872 747.0 31.565617248191028 11.65741266682744
1410.5055103887287 747.0 31.6590685971675 11.67408026685007
1410.110341938623 747.0 31.75256414678391 11.690755766816437
1409.713721624389 747.0 31.846100835086933 11.707430366892368
1409.3156450650656 747.0 31.93967556415036 11.724100166815333
1408.9161078769903 747.0 32.03328519993053 11.740770866861567
1408.5151056739835 747.0 32.126926572126465 11.757446266827174
1408.1126340675348 747.0 32.22059647404483 11.774121766909957
1407.7086886669936 747.0 32.31429166246995 11.790788966813125
1407.3032650797616 747.0 32.40800885753893 11.807465366902761
1406.8963589114908 747.0 32.501744742622215 11.82413816684857
1406.4879657662834 747.0 32.59549596420955 11.840811166912317
1406.0780812468959 747.0 32.68925913180169 11.857488666893914
1405.6667009549465 747.0 32.78303081780796 11.874164766864851
1405.2538204911268 747.0 32.876807557449794 11.890840166830458
1404.8394354554168 747.0 32.97058584867051 11.907523666857742
1404.4235414473033 747.0 33.064362152051466 11.924305466818623
1404.0061340660018 747.0 33.158132890734784 11.94097286683973
1403.5872089106842 747.0 33.251894450352815 11.95811146683991
1403.1667615807078 747.0 33.34564317896453 11.974778766860254
1402.7447876758495 747.0 33.43937538699907 11.991452366812155
1402.321282796544 747.0 33.53308734720657 12.008124066866003
1401.896242544126 747.0 33.626775294616515 12.024793766904622
