1499.999763457169 746.999979589354 10.0 0.07870110007934272
1499.9990540398487 746.9999177490951 10.0 0.2869370332919061
1499.9978720550864 746.9998127416263 10.0 0.3193066332023591
1499.9962177974269 746.9996629035696 10.0 0.33597943326458335
1499.9940915494697 746.9994666426006 10.0 0.3526516333222389
1499.991493582402 746.999222434419 10.0 0.36931833322159946
1499.9884241565092 746.9989288198483 10.0 0.38599383318796754
1499.9848835216626 746.9985844020589 10.0 0.4027737332507968
1499.9808719177884 746.9981878439106 10.0 0.41944853332825005
1499.9763895753135 746.9977378654078 10.0 0.43612243328243494
1499.971436715596 746.9972332412635 10.0 0.4532015332952142
1499.9660135513336 746.996672798568 10.0 0.4698702332098037
1499.9601202869583 746.9960554145563 10.0 0.4865443331655115
1499.9537571190103 746.9953800144708 10.0 0.5032266331836581
1499.9469242364999 746.9946455695164 10.0 0.5199627333786339
1499.9396218212507 746.9938510949014 10.0 0.5376090332865715
1499.9318500482304 746.9929956479632 10.0 0.5543407332152128
1499.9236090858656 746.9920783263732 10.0 0.571007733233273
1499.9148990963452 746.9910982664192 10.0 0.5876830331981182
1499.905720235909 746.9900546413602 10.0 0.6043612333014607
1499.8960726551254 746.9889466598523 10.0 0.621032033348456
1499.885956499156 746.9877735644412 10.0 0.6377029332797974
1499.87537190801 746.9865346301194 10.0 0.6543773333542049
1499.864319016787 746.9852291629448 10.0 0.6710537332110107
1499.8527979559099 746.9838564987184 10.0 0.6877266333904117
1499.8408088513472 746.9824160017184 10.0 0.7044010332319885
1499.828351824827 746.9809070634885 10.0 0.7210709333885461
1499.8154269940405 746.9793291016775 10.0 0.7377387331798673
1499.802034472838 746.9776815589294 10.0 0.7544086333364248
1499.788174371415 746.9759639018192 10.0 0.7710770333651453
1499.7738467964925 746.9741756198364 10.0 0.7877495333086699
1499.7590518514878 746.9723162244095 10.0 0.8044459333177656
1499.7437896366785 746.9703852479744 10.0 0.8214470332022756
1499.72806024936 746.9683822430806 10.0 0.8381222332827747
1499.7118637839956 746.966306781537 10.0 0.8550525333266705
1499.6952003323606 746.9641584535935 10.0 0.8720773332752287
1499.6780699836804 746.9619368671578 10.0 0.8887526332400739
1499.660472824762 746.9596416470449 10.0 0.9054549331776798
1499.6424089401207 746.9572724342603 10.0 0.9221291332505643
1499.6238784121003 746.9548288853118 10.0 0.9391751333605498
1499.6048813209898 746.9523106715523 10.0 0.9558452332857996
1499.5854177451336 746.9497174785492 10.0 0.9725120333023369
1499.5654877610375 746.9470490054829 10.0 0.9894259332213551
1499.545091443471 746.9443049645679 10.0 1.0060929332394153
1499.5242288655634 746.9414850805018 10.0 1.0227654331829399
1499.5029000988975 746.9385890899355 10.0 1.0394379333592951
1499.4811052135985 746.935616740967 10.0 1.0561085331719369
1499.4588442784195 746.9325677926571 10.0 1.0728313333820552
1499.4361173608224 746.9294420145646 10.0 1.0897949333302677
1499.412924527057 746.926239186303 10.0 1.1069139332976192
1499.3892658422349 746.9229590971144 10.0 1.1235891333781183
1499.3651413704015 746.919601545463 10.0 1.140272033168003
1499.3405511746043 746.9161663386452 10.0 1.1569398331921548
1499.3154953169592 746.9126532924163 10.0 1.1878051331732422
1499.2899738587118 746.9090622306337 10.0 1.204476633341983
1499.2639868602992 746.9053929849148 10.0 1.221332433167845
1499.2375343814062 746.9016453943098 10.0 1.237999833188951
1499.2106164810211 746.8978193049882 10.0 1.2546777331735939
1499.183233217488 746.8939145699392 10.0 1.271350933238864
1499.155384648557 746.8899310486842 10.0 1.2880239333026111
1499.1270708314335 746.885868607002 10.0 1.3046912332065403
1499.0982918228233 746.8817271166657 10.0 1.321367733180523
1499.0690476789775 746.877506455191 10.0 1.3380433332640678
1499.0393384557347 746.8732065055946 10.0 1.3547147333156317
1499.0091642085608 746.8688271561635 10.0 1.3713916332926601
1498.9785249925892 746.8643683002344 10.0 1.3880608333274722
1498.9474208626564 746.8598298359816 10.0 1.404736733296886
1498.9158518733384 746.8552116662147 10.0 1.4214037333149463
1498.8838180789846 746.8505136981845 10.0 1.4380751333665103
1498.8513195337503 746.8457358433978 10.0 1.4547483331989497
1498.8183562916272 746.8408780174394 10.0 1.4714421331882477
1498.7849284064746 746.8359401398021 10.0 1.4881099332123995
1498.7510359320463 746.8309221337237 10.0 1.5047776333522052
1498.7166789220191 746.8258239260313 10.0 1.5214469332713634
1498.681857430018 746.820645446992 10.0 1.5381204332225025
1498.6465715096422 746.8153866301702 10.0 1.5547940332908183
1498.610821214488 746.8100474122906 10.0 1.5714666333515197
1498.574606598172 746.8046277331074 10.0 1.5881387332919985
1498.5379277143536 746.7991275352788 10.0 1.6048065333161503
1498.500784616755 746.7935467642471 10.0 1.6214756332337856
1498.463177359182 746.7878853681243 10.0 1.6381504333112389
1498.4251059955427 746.7821432975812 10.0 1.654819733230397
1498.386570579866 746.776320505743 10.0 1.6714889332652092
1498.3475711663189 746.7704169480882 10.0 1.6881620332133025
1498.3081078092239 746.7644325823518 10.0 1.7049103332683444
1498.2681805630746 746.7583673684337 10.0 1.7215811333153397
1498.2277894825513 746.7522212683095 10.0 1.7382491333410144
1498.186934622535 746.7459942459466 10.0 1.755151933291927
1498.1456160381229 746.7396862672224 10.0 1.7718235333450139
1498.10383378464 746.7332972998473 10.0 1.7884952332824469
1498.0615879176537 746.7268273132905 10.0 1.8051718333736062
1498.0188784929846 746.7202762787084 10.0 1.821847933344543
1497.9757055667199 746.713644168877 10.0 1.8385204332880676
1497.9320691952225 746.7069309581265 10.0 1.8551916333381087
1497.8879694351442 746.7001366222792 10.0 1.8718590333592147
1497.843406343434 746.6932611385894 10.0 1.8885274333879352
1497.798379977349 746.6863044856867 10.0 1.9052046332508326
1497.752890394463 746.679266643521 10.0 1.9218740332871675
1497.706937652677 746.6721475933101 10.0 1.9385443332139403
1497.6605218102256 746.6649473174897 10.0 1.955246033379808
1497.6136429256871 746.6576657996652 10.0 1.9719195333309472
1497.5663010579904 746.650303024566 10.0 1.9885870332363993
1497.5184962664225 746.6428589780013 10.0 2.0052556332666427
1497.4702286106365 746.635333646818 10.0 2.0219232332892716
1497.421498150657 746.6277270188605 10.0 2.0385908333119005
1497.3723049468883 746.6200390829318 10.0 2.0552609332371503
1497.3226490601191 746.6122698287572 10.0 2.071934933308512
1497.2725305515296 746.604419246948 10.0 2.0886100332718343
1497.2219494826963 746.5964873289684 10.0 2.1052804333157837
1497.1709059155985 746.5884740671024 10.0 2.1219491332303733
1497.1193999126226 746.5803794544237 10.0 2.1386159332469106
1497.0674315365675 746.5722034847648 10.0 2.1552830333821476
1497.015000850649 746.5639461526896 10.0 2.17195783322677
1496.9621079185042 746.5556074534655 10.0 2.1886344333179295
1496.908752804197 746.5471873830376 10.0 2.2053059332538396
1496.8549355722207 746.5386859380035 10.0 2.2219759332947433
1496.8006562875028 746.5301031155897 10.0 2.238648633239791
1496.7459150154082 746.5214389136285 10.0 2.255320333177224
1496.6907118217432 746.5126933305363 10.0 2.27198913320899
1496.6350467727589 746.5038663652923 10.0 2.2886632333975285
1496.5789199351539 746.4949580174188 10.0 2.3053815332241356
1496.5223313760782 746.4859682869615 10.0 2.322056433185935
1496.4652811631356 746.4768971744716 10.0 2.3388079332653433
1496.4077693643862 746.467744680988 10.0 2.3554770331829786
1496.34979604835 746.45851080802 10.0 2.3721583331935108
1496.2913612840086 746.4491955575319 10.0 2.3889387333765626
1496.232465140808 746.4397989319269 10.0 2.4056149332318455
1496.1731076886606 746.4303209340327 10.0 2.422285333275795
1496.1132889979478 746.420761567087 10.0 2.4389553333166987
1496.0530091395217 746.4111208347241 10.0 2.4556312332861125
1495.9922681847072 746.4013987409619 10.0 2.47230563336052
1495.931066205304 746.3915952901896 10.0 2.48897263337858
1495.869403273588 746.3817104871553 10.0 2.505644733319059
1495.8072794623133 746.3717443369551 10.0 2.522317733382806
1495.7446948447136 746.361696845022 10.0 2.538999233394861
1495.681649494504 746.3515680171154 10.0 2.555667633190751
1495.618143485882 746.341357859311 10.0 2.5723383333534002
1495.5541768935293 746.3310663779913 10.0 2.5890074332710356
1495.4897497926124 746.3206935798365 10.0 2.6062269331887364
1495.4248622587847 746.3102394718157 10.0 2.622941633220762
1495.3595143681869 746.2997040611782 10.0 2.6399559332057834
1495.2937061974485 746.2890873554458 10.0 2.6566227332223207
1495.2274378236884 746.2783893624047 10.0 2.6732967332936823
1495.1607093245161 746.2676100900987 10.0 2.689965233206749
1495.0935207780328 746.2567495468214 10.0 2.7066340332385153
1495.0258722628319 746.24580774111 10.0 2.7233051331713796
1494.9577638579995 746.2347846817381 10.0 2.739981533261016
1494.889195643116 746.2236803777106 10.0 2.756649633171037
1494.820167698256 746.2124948382566 10.0 2.7739331333432347
1494.7506801039892 746.2012280728243 10.0 2.790608033305034
1494.6807329413814 746.1898800910753 10.0 2.807408533291891
1494.610326291994 746.1784509028797 10.0 2.8240800332278013
1494.5394602378854 746.1669405183106 10.0 2.8407572333235294
1494.4681348616111 746.1553489476398 10.0 2.8574326331727207
1494.3963502462248 746.1436762013328 10.0 2.8741035333368927
1494.3241064752772 746.1319222900446 10.0 2.890774433268234
1494.2514036328182 746.1200872246154 10.0 2.9074493332300335
1494.178241803396 746.1081710160665 10.0 2.924509733216837
1494.104621072058 746.0961736755967 10.0 2.9411801332607865
1494.0305415243506 746.084095214578 10.0 2.9578473332803696
1493.9560032463196 746.071935644553 10.0 2.9745207333471626
1493.8810063245107 746.0596949772306 10.0 2.9911902332678437
1493.8055508459693 746.047373224483 10.0 3.0078883331734687
1493.7296368982404 746.0349703983427 10.0 3.0245638333726674
1493.6532645693699 746.0224865109996 10.0 3.0412349333055317
1493.576433947903 746.0099215747977 10.0 3.0581497333478183
1493.499145122886 745.9972756022328 10.0 3.0748226332943887
1493.4213981838643 745.9845486059496 10.0 3.091493333224207
1493.343193220885 745.9717405987393 10.0 3.108166733291
1493.2645303244947 745.958851593537 10.0 3.124840133357793
1493.1854095857402 745.9458816034197 10.0 3.1415090332739055
1493.1058310961691 745.9328306416037 10.0 3.1581764332950115
1493.025794947829 745.9196987214426 10.0 3.174847333226353
1492.9453012332672 745.9064858564254 10.0 3.1919759332668036
1492.8643500455319 745.8931920601744 10.0 3.209268833277747
1492.7829414781706 745.8798173464432 10.0 3.2259375331923366
1492.701075625231 745.8663617291153 10.0 3.242621933342889
1492.6187525812602 745.8528252222019 10.0 3.25929143326357
1492.5359724413054 745.8392078398405 10.0 3.275985133368522
1492.4527353009125 745.8255095962932 10.0 3.2926598333287984
1492.369041256127 745.8117305059452 10.0 3.3093291332479566
1492.2848904034936 745.7978705833035 10.0 3.325999333290383
1492.2002828400553 745.7839298429952 10.0 3.3426700332202017
1492.115218663354 745.7699082997665 10.0 3.3593761331867427
1492.02969797143 745.7558059684809 10.0 3.3760454333387315
1491.9437208628221 745.7416228641184 10.0 3.3927130333613604
1491.8572874365664 745.7273590017742 10.0 3.4093861333094537
1491.7703977921965 745.7130143966574 10.0 3.426052933325991
1491.683052029744 745.6985890640901 10.0 3.442724133376032
1491.5952502497373 745.6840830195063 10.0 3.459396033314988
1491.5069925532014 745.6694962784505 10.0 3.476070133270696
1491.418279041658 745.6548288565776 10.0 3.49280823324807
1491.329109817125 745.6400807696511 10.0 3.50947973318398
1491.2394849821162 745.6252520335426 10.0 3.526150833349675
1491.1494046396406 745.6103426642306 10.0 3.5428839332889766
1491.0588688932028 745.5953526778004 10.0 3.559554633218795
1490.9678778468021 745.5802820904424 10.0 3.576419733231887
1490.8764316049323 745.565130918452 10.0 3.5935226331930608
1490.7845302725816 745.5498991782285 10.0 3.6101981333922595
1490.6921739552315 745.5345868862746 10.0 3.6274644332006574
1490.5993627588573 745.5191940591955 10.0 3.6441374332644045
1490.5060967899274 745.5037207136983 10.0 3.660809433320537
1490.4123761554024 745.4881668665915 10.0 3.677486233180389
1490.3182009627358 745.4725325347844 10.0 3.6941598332487047
1490.2235713198727 745.4568177352862 10.0 3.710829333169386
1490.1284873352497 745.4410224852058 10.0 3.727502333233133
1490.0329491177943 745.4251468017511 10.0 3.744171733269468
1489.936956776925 745.4091907022283 10.0 3.760867133270949
1489.84051042255 745.3931542040418 10.0 3.7775341332890093
1489.7436101650683 745.3770373246932 10.0 3.794205733342096
1489.6462561153674 745.3608400817814 10.0 3.810875833267346
1489.5484483848238 745.3445624930015 10.0 3.8275462333112955
1489.450187085303 745.3282045761449 10.0 3.8442852331791073
1489.3514723291585 745.3117663490987 10.0 3.8609662333037704
1489.252304229231 745.295247829845 10.0 3.8776419332716614
1489.1526828988488 745.278649036461 10.0 3.894310633186251
1489.0526084518267 745.2619699871184 10.0 3.9109865333884954
1488.9520810024658 745.2452107000828 10.0 3.9276581332087517
1488.851100665553 745.2283711937135 10.0 3.944324933225289
1488.7496675563607 745.2114514864636 10.0 3.9609975332859904
1488.647781790646 745.1944515968787 10.0 3.9776726332493126
1488.5454434846501 745.1773715435975 10.0 3.9943478333298117
1488.4426527550988 745.1602113453508 10.0 4.011022433172911
1488.3394097192006 745.1429710209618 10.0 4.027698433259502
1488.2357144946473 745.1256505893452 10.0 4.044413233175874
1488.131567199613 745.1082500695076 10.0 4.06108233332634
1488.026967952754 745.0907694805463 10.0 4.0777541333809495
1487.9219168732075 745.07320884165 10.0 4.094529533293098
1487.816414080592 745.0555681720978 10.0 4.111200033221394
1487.7104596950064 745.0378474912593 10.0 4.1280754331965
1487.6040538370296 745.0200468185943 10.0 4.145157033344731
1487.4971966277199 745.0021661736525 10.0 4.161828533280641
1487.3898881886141 744.9842055760732 10.0 4.17850343324244
1487.282128641728 744.9661650455854 10.0 4.19601823319681
1487.1739181095545 744.948044602007 10.0 4.21269173338078
1487.0652567150646 744.9298442652452 10.0 4.229361933190376
1486.9561445817055 744.9115640552956 10.0 4.2460373332723975
1486.8465818334012 744.8932039922428 10.0 4.262708133319393
1486.736568594551 744.8747640962595 10.0 4.279386033304036
1486.6261049900297 744.8562443876066 10.0 4.2960538333281875
1486.5151911451867 744.837644886633 10.0 4.312726133270189
1486.4038271858453 744.8189656137755 10.0 4.329395733308047
1486.2920132383026 744.8002065895583 10.0 4.346070733387023
1486.179749429329 744.7813678345931 10.0 4.362746333237737
1486.0670358861667 744.7624493695787 10.0 4.379418833181262
1485.9538727365302 744.7434512153011 10.0 4.396090233232826
1485.8402601086057 744.724373392633 10.0 4.412761433282867
1485.7261981310498 744.7052159225339 10.0 4.429437333252281
1485.6116869329896 744.6859788260498 10.0 4.446312433341518
1485.4967266440217 744.666662124313 10.0 4.463214833289385
1485.3813173942121 744.6472658385421 10.0 4.47988253319636
1485.2654593140953 744.6277899900417 10.0 4.49659063317813
1485.1491525346735 744.6082346002022 10.0 4.513266533380374
1485.0323971874168 744.5885996904998 10.0 4.52994323335588
1484.915193404262 744.5688852824962 10.0 4.546618933323771
1484.797541317612 744.5490913978387 10.0 4.563293433282524
1484.6794410603359 744.5292180582594 10.0 4.580044833244756
1484.5608927657674 744.5092652855761 10.0 4.5967173331882805
1484.441896567705 744.4892331016913 10.0 4.613389833364636
1484.3224526004115 744.4691215285922 10.0 4.6300639333203435
1484.2025609986124 744.4489305883508 10.0 4.646736233262345
1484.0822218974965 744.4286603031236 10.0 4.66340563329868
1483.9614354327146 744.4083106951517 10.0 4.680078333243728
1483.8402017403791 744.3878817867603 10.0 4.696747933281586
1483.718520957064 744.3673736003586 10.0 4.713588333223015
1483.5963932198028 744.3467861584401 10.0 4.730257533257827
1483.4738186660895 744.3261194835819 10.0 4.7469424332957715
1483.3507974338772 744.305373598445 10.0 4.763612833339721
1483.2273296615774 744.284548525774 10.0 4.780286733293906
1483.10341548806 744.2636442883967 10.0 4.796989333350211
1482.9790550526518 744.2426609092245 10.0 4.813664033310488
1482.854248495137 744.2215984112519 10.0 4.830336433369666
1482.7289959557556 744.2004568175564 10.0 4.847012133337557
1482.6032975752037 744.1792361512987 10.0 4.8636995332781225
1482.4771534946315 744.1579364357221 10.0 4.880375633249059
1482.3505638556444 744.1365576941528 10.0 4.897048033308238
1482.2235288003012 744.1150999499993 10.0 4.913719633361325
1482.0960484711138 744.0935632267527 10.0 4.930386433377862
1481.9681230110466 744.0719475479865 10.0 4.947164733195677
1481.839752563516 744.0502529373562 10.0 4.96392483334057
1481.7109372723896 744.0284794185994 10.0 4.98108723317273
1481.5816772819858 744.006627015536 10.0 4.997756333323196
1481.4519727370728 743.9846957520672 10.0 5.014432633295655
1481.3218237828683 743.9626856521763 10.0 5.031121233245358
1481.1912305650385 743.9405967399281 10.0 5.047798233339563
1481.0601932296981 743.9184290394687 10.0 5.064472333295271
1480.928711923409 743.8961825750258 10.0 5.0811446332372725
1480.7967867931802 743.8738573709082 10.0 5.097831233171746
1480.6644179864663 743.8514534515058 10.0 5.114528133301064
1480.5316056511683 743.8289708412894 10.0 5.13142013316974
1480.3983499356316 743.8064095648109 10.0 5.148098933277652
1480.2646509886458 743.7837696467028 10.0 5.164766133297235
1480.1305089594446 743.7610511116782 10.0 5.182006933260709
1479.9959239977043 743.7382539845307 10.0 5.198677633190528
1479.8608962535436 743.7153782901345 10.0 5.215377033222467
1479.725425877523 743.6924240534437 10.0 5.232052033301443
1479.589513020644 743.6693912994929 10.0 5.248720133211464
1479.4531578343485 743.6462800533966 10.0 5.265425633173436
1479.3163604705178 743.6230903403492 10.0 5.282093633199111
1479.1791210814729 743.5998221856249 10.0 5.298764533363283
1479.0414398199725 743.5764756145777 10.0 5.315471533220261
1478.9033168392136 743.553050652641 10.0 5.332361633190885
1478.76475229283 743.5295473253276 10.0 5.349030833225697
1478.6257463348923 743.5059656582299 10.0 5.365704033290967
1478.4862991199063 743.4823056770193 10.0 5.382375233341008
1478.3464108028134 743.4585674074463 10.0 5.399049833184108
1478.2060815389889 743.4347508753403 10.0 5.415723733371124
1478.0653114842423 743.4108561066099 10.0 5.432411133311689
1477.9241007948162 743.3868831272421 10.0 5.449083033250645
1477.7824496273854 743.3628319633025 10.0 5.4657552333083
1477.6403581390564 743.3387026409354 10.0 5.48242843337357
1477.4978264873669 743.3144951863633 10.0 5.49911063327454
1477.354854830285 743.2902096258871 10.0 5.515836433274671
1477.2114433262084 743.2658459858858 10.0 5.532511533237994
1477.067592133964 743.2414042928165 10.0 5.549180833389983
1476.9233014128067 743.216884573214 10.0 5.565907733282074
1476.7785713224196 743.1922868536909 10.0 5.582574433181435
1476.6334020229124 743.1676111609378 10.0 5.599249233258888
1476.487793674821 743.1428575217225 10.0 5.615953933214769
1476.3417464391073 743.1180259628903 10.0 5.632628133287653
1476.1952604771577 743.093116511364 10.0 5.649296833202243
1476.0483359507832 743.0681291941434 10.0 5.665969433262944
1475.9009730222183 743.0430640383053 10.0 5.682643333217129
1475.75317185412 743.0179210710036 10.0 5.699311133241281
1475.6049326095676 742.992700319469 10.0 5.715985133312643
1475.4562554520621 742.967401811009 10.0 5.732662433292717
1475.3071405455248 742.9420255730076 10.0 5.749335233354941
1475.1575880542975 742.9165716329252 10.0 5.766012533335015
1475.0075981431412 742.8910400182986 10.0 5.783057033317164
1474.8571709772352 742.8654307567408 10.0 5.799727833364159
1474.7063067221775 742.839743875941 10.0 5.816399333300069
1474.5550055439826 742.8139794036645 10.0 5.833071333356202
1474.403267609082 742.7881373677519 10.0 5.849739933386445
1474.2510930843227 742.7622177961202 10.0 5.866408133180812
1474.0984821369673 742.7362207167619 10.0 5.883186433231458
1473.9454349346925 742.7101461577446 10.0 5.899921133182943
1473.7919516455884 742.6839941472116 10.0 5.916597933275625
1473.6380324381587 742.6577647133814 10.0 5.933266333304346
1473.4836774813189 742.6314578845478 10.0 5.949940833263099
1473.3288869443963 742.6050736890793 10.0 5.9666099331807345
1473.1736609971292 742.5786121554194 10.0 5.9832971333526075
1473.0179998096655 742.5520733120863 10.0 6.000047233188525
1472.861903552563 742.5254571876733 10.0 6.016714833211154
1472.705372396788 742.4987638108474 10.0 6.033389033284038
1472.5484065137148 742.4719932103508 10.0 6.0503874332644045
1472.3910060751248 742.4451454149994 10.0 6.067062633344904
1472.2331712532061 742.4182204536836 10.0 6.083736633183435
1472.0749022205525 742.3912183553676 10.0 6.100411433260888
1471.916199150163 742.3641391490896 10.0 6.117094633169472
1471.7570622154408 742.3369828639616 10.0 6.133766133338213
1471.5974915901925 742.3097495291692 10.0 6.150436633266509
1471.437487448628 742.2824391739714 10.0 6.167103833286092
1471.277049965359 742.255051827701 10.0 6.18377313320525
1471.116179315399 742.2275875197636 10.0 6.200447033392265
1470.9548756741617 742.2000462796382 10.0 6.217262833379209
1470.7931392174612 742.1724281368768 10.0 6.233930533286184
1470.6309701215105 742.1447331211043 10.0 6.250637433258817
1470.468368562921 742.1169612620183 10.0 6.267309433314949
1470.305334718702 742.0891125893892 10.0 6.283976233331487
1470.14186876626 742.0611871330597 10.0 6.3006441332399845
1469.9779708833973 742.0331849229449 10.0 6.317311133258045
1469.813641248312 742.0051059890325 10.0 6.334642033325508
1469.6488800395969 741.9769503613819 10.0 6.351309233345091
1469.4836874362386 741.9487180701249 10.0 6.367982433177531
1469.3180636176173 741.9204091454648 10.0 6.3846542332321405
1469.1520087635056 741.8920236176768 10.0 6.401322733378038
1468.985523054068 741.863561517108 10.0 6.417997433338314
1468.8186066698595 741.8350228741766 10.0 6.434667133260518
1468.6512597918259 741.8064077193725 10.0 6.451336033176631
1468.4834826013023 741.7777160832565 10.0 6.468003733316436
1468.3152752800127 741.7489479964607 10.0 6.484680433291942
1468.146638010069 741.7201034896883 10.0 6.50135593325831
1467.9775709739704 741.6911825937132 10.0 6.518107733223587
1467.8080743546025 741.6621853393799 10.0 6.534779133275151
1467.6381483352368 741.6331117576037 10.0 6.551449533319101
1467.46779309953 741.6039618793704 10.0 6.5681193333584815
1467.2970088315221 741.574735735736 10.0 6.584787533385679
1467.1257957156377 741.5454333578267 10.0 6.601458133198321
1466.9541539366835 741.5160547768388 10.0 6.618127533234656
1466.7820836798483 741.4866000240387 10.0 6.634829833172262
1466.6095851307018 741.4570691307623 10.0 6.651517333230004
1466.4366584751945 741.4274621284154 10.0 6.6681911332998425
1466.2633038996562 741.3977790484734 10.0 6.684860633220524
1466.0895215907958 741.3680199224809 10.0 6.701543833361939
1465.9153117357005 741.338184782052 10.0 6.718220833223313
1465.7406745218343 741.3082736588699 10.0 6.734893133398145
1465.5656101370382 741.2782865846867 10.0 6.751869133207947
1465.3901187695287 741.2482235913235 10.0 6.768545333296061
1465.2142006078977 741.2180847106702 10.0 6.785213033203036
1465.037855841111 741.1878699746851 10.0 6.80188863328658
1464.861084658508 741.1575794153954 10.0 6.818838733248413
1464.6838872498008 741.1272130648963 10.0 6.835512933321297
1464.5062638050738 741.0967709553513 10.0 6.852303433232009
1464.3282145147818 741.0662531189921 10.0 6.868973633274436
1464.1497395697506 741.0356595881183 10.0 6.885646833339706
1463.9708391611753 741.0049903950973 10.0 6.9023502331692725
1463.7915134806196 740.9742455723641 10.0 6.919024833245203
1463.6117627200158 740.9434251524216 10.0 6.935695933178067
1463.431587071663 740.9125291678398 10.0 6.952371833380312
1463.250986728227 740.8815576512561 10.0 6.96907153329812
1463.0699618827393 740.850510635375 10.0 6.985740733332932
1462.8885127285962 740.8193881529681 10.0 7.002419133204967
1462.706639459558 740.7881902368739 10.0 7.019089333247393
1462.5243422697483 740.7569169199976 10.0 7.035761033184826
1462.3416213536536 740.7255682353109 10.0 7.052591833285987
1462.158476906122 740.6941442158522 10.0 7.069265633355826
1461.9749091223623 740.6626448947262 10.0 7.085933033376932
1461.7909181979437 740.6310703051037 10.0 7.102600733283907
1461.606504328795 740.5994204802215 10.0 7.119272633222863
1461.4216677112029 740.5676954533826 10.0 7.135944433277473
1461.2364085418126 740.5358952579556 10.0 7.152624333277345
1461.050727017626 740.5040199273749 10.0 7.169292333303019
1460.8646233360012 740.4720694951402 10.0 7.18595903320238
1460.6780976946518 740.4400439948168 10.0 7.202630733372644
1460.491150291646 740.4079434600353 10.0 7.21930403332226
1460.3037813254055 740.3757679244911 10.0 7.23648583330214
1460.1159909947057 740.343517421945 10.0 7.25315903336741
1459.9277794986738 740.3111919862222 10.0 7.270180933177471
1459.7391470367882 740.2787916512129 10.0 7.287209333386272
1459.5500938088783 740.2463164508719 10.0 7.303893233183771
1459.3606200151232 740.213766419218 10.0 7.320560933323577
1459.1707258560511 740.181141590335 10.0 7.3372298332396895
1458.9804115325383 740.1484419983701 10.0 7.353902133181691
1458.7896772458084 740.1156676775352 10.0 7.37057733326219
1458.5985231974319 740.0828186621054 10.0 7.387350133387372
1458.406949589325 740.0498949864201 10.0 7.404023733222857
1458.2149566237488 740.0168966848819 10.0 7.420697833178565
1458.0225445033086 739.9838237919571 10.0 7.437368233222514
1457.8297134309532 739.9506763421753 10.0 7.454300133278593
1457.636463609974 739.917454370129 10.0 7.471521033206955
1457.4427952440042 739.8841579104741 10.0 7.4881923333741724
1457.2487085370176 739.8507869979292 10.0 7.50507443328388
1457.0542036933286 739.8173416672756 10.0 7.522877433337271
1456.8592809175907 739.7838219533576 10.0 7.539554233197123
1456.6639404147961 739.7502278910814 10.0 7.556221733335406
1456.4681823902745 739.716559515416 10.0 7.5731707331724465
1456.2720070496923 739.6828168613923 10.0 7.589842533227056
1456.0754145990527 739.6489999641035 10.0 7.6065153332892805
1455.8784052446936 739.6151088587045 10.0 7.623190133366734
1455.6809791932874 739.5811435804121 10.0 7.639857633272186
1455.4831366518404 739.5471041645047 10.0 7.656526533188298
1455.2848778276914 739.5129906463222 10.0 7.673202533274889
1455.0862029285115 739.4788030612659 10.0 7.689874833216891
1454.887112162303 739.4445414447982 10.0 7.706545333378017
1454.6876057373986 739.4102058324427 10.0 7.7232344332151115
1454.48768386246 739.3757962597837 10.0 7.739906233269721
1454.2873467464783 739.3413127624665 10.0 7.756575933191925
1454.086594598772 739.3067553761969 10.0 7.773286533309147
1453.8854276289874 739.2721241367414 10.0 7.789955433225259
1453.6838460470963 739.2374190799266 10.0 7.806624633260071
1453.4818500633965 739.2026402416394 10.0 7.823303833371028
1453.27943988851 739.167787657827 10.0 7.839979833224788
1453.076615733383 739.1328613644963 10.0 7.856715233298019
1452.8733778092844 739.0978613977139 10.0 7.873390233376995
1452.6697263278054 739.0627877936063 10.0 7.890064033214003
1452.4656615008585 739.0276405883593 10.0 7.906735133379698
1452.2611835406765 738.9924198182182 10.0 7.923498233314604
1452.0562926598122 738.9571255194874 10.0 7.940166933229193
1451.8509890711373 738.9217577285303 10.0 7.956836833385751
1451.645272987841 738.8863164817695 10.0 7.97351313335821
1451.4391446234304 738.8508018156862 10.0 7.990183533169329
1451.2326041917283 738.8152137668202 10.0 8.006856033345684
1451.0256519068737 738.7795523717699 10.0 8.02353583322838
1450.8182879833196 738.743817667192 10.0 8.040202633244917
1450.6105126358334 738.7080096898015 10.0 8.056875133188441
1450.4023260794954 738.6721284763713 10.0 8.07359483325854
1450.193728529698 738.6361740637323 10.0 8.090262433281168
1449.9847202021454 738.6001464887731 10.0 8.106930033303797
1449.7753013128518 738.5640457884402 10.0 8.123605533270165
1449.5654720781413 738.5278719997373 10.0 8.140281733358279
1449.3552327146472 738.4916251597255 10.0 8.15695263328962
1449.1445834393105 738.4553053055231 10.0 8.173624933231622
1448.9335244693798 738.4189124743057 10.0 8.19029593328014
1448.7220560224096 738.3824467033054 10.0 8.20696913334541
1448.51017831626 738.3459080298113 10.0 8.223644733196124
1448.2978915690962 738.309296491169 10.0 8.240312533220276
1448.0851959993872 738.2726121247807 10.0 8.256984633393586
1447.8720918259048 738.2358549681048 10.0 8.273651333292946
1447.6585792677233 738.199025058656 10.0 8.290440833196044
1447.444658544218 738.162122434005 10.0 8.307115133386105
1447.230329875065 738.1251471317784 10.0 8.323782033286989
1447.01559348024 738.0880991896584 10.0 8.340458833379671
1446.8004495800178 738.0509786453828 10.0 8.357130333315581
1446.5848983949709 738.0137855367451 10.0 8.373803433263674
1446.3689401459692 737.976519901594 10.0 8.390474933199584
1446.1525750541787 737.9391817778331 10.0 8.407148333266377
1445.935803341061 737.9017712034214 10.0 8.423816333292052
1445.7186252283727 737.8642882163725 10.0 8.440483333310112
1445.5010409381637 737.8267328547548 10.0 8.457154533360153
1445.2830506927771 737.7891051566913 10.0 8.47382643329911
1445.064654714848 737.7514051603594 10.0 8.490556333214045
1444.8458532273032 737.7136329039907 10.0 8.507294033188373
1444.6266464533596 737.6757884258711 10.0 8.52396703325212
1444.4070346165238 737.6378717643404 10.0 8.540643533226103
1444.1870179405912 737.5998829577921 10.0 8.557317733298987
1443.966596649645 737.5618220446737 10.0 8.573989533353597
1443.7457709680557 737.5236890634859 10.0 8.590656233252957
1443.5245411204799 737.485484052783 10.0 8.607343633193523
1443.3029073318594 737.4472070511725 10.0 8.624010833213106
1443.080869827421 737.408858097315 10.0 8.640682933386415
1442.8584288326751 737.370437229924 10.0 8.657355833332986
1442.6355845734145 737.331944487766 10.0 8.674029633169994
1442.4123372757144 737.29337990966 10.0 8.69091913336888
1442.1886871659312 737.2547435344774 10.0 8.707738833269104
1441.9646344707014 737.2160354011422 10.0 8.724413633346558
1441.7401794169411 737.1772555486306 10.0 8.74108423339203
1441.5153222318452 737.1384040159705 10.0 8.757753933314234
1441.290063142886 737.0994808422423 10.0 8.774433033308014
1441.0644023778134 737.0604860665777 10.0 8.791099733207375
1440.8383401646524 737.0214197281601 10.0 8.80777333327569
1440.6118767317041 736.9822818662246 10.0 8.824444633210078
1440.3850123075435 736.9430725200575 10.0 8.841113933362067
1440.1577471210196 736.9037917289962 10.0 8.857790533220395
1439.9300814012536 736.8644395324293 10.0 8.87445853324607
1439.7020153776389 736.8250159697961 10.0 8.891134733334184
1439.4735492798397 736.7855210805868 10.0 8.907806133385748
1439.2446833377905 736.7459549043419 10.0 8.924793533282354
1439.015417781695 736.7063174806527 10.0 8.941464233212173
1438.7857528420254 736.6666088491606 10.0 8.958134633256122
1438.5556887495216 736.6268290495572 10.0 8.97480453317985
1438.3252257351899 736.5869781215838 10.0 8.991473133210093
1438.094364030303 736.5470561050321 10.0 9.008149833185598
1437.8631038663984 736.507063039743 10.0 9.024817033205181
1437.6314454752778 736.4669989656072 10.0 9.04148463322781
1437.3993890890063 736.4268639225647 10.0 9.05818203324452
1437.1669349399115 736.3866579506048 10.0 9.074880933389068
1436.9340832605826 736.3463810897657 10.0 9.09165653330274
1436.7008342838697 736.3060333801349 10.0 9.108325533336028
1436.467188242883 736.2656148618483 10.0 9.125068533234298
1436.2331453709912 736.2251255750909 10.0 9.141757033299655
1435.9987059018222 736.184565560096 10.0 9.158427633345127
1435.7638700692603 736.1439348571449 10.0 9.175104533322155
1435.528638107447 736.1032335065676 10.0 9.191777933388948
1435.2930102507796 736.0624615487418 10.0 9.20845053321682
1435.0569867339098 736.0216190240934 10.0 9.225118833361194
1434.8205677917433 735.980705973096 10.0 9.241786433383822
1434.5837536594393 735.9397224362705 10.0 9.258453433169052
1434.346544572409 735.8986684541856 10.0 9.275267233373597
1434.108940766315 735.8575440674571 10.0 9.291941833216697
1433.8709424770711 735.8163493167481 10.0 9.308616833295673
1433.6325499408404 735.7750842427686 10.0 9.325285733211786
1433.3937633940345 735.7337488862755 10.0 9.342033533379436
1433.1545830733137 735.6923432880725 10.0 9.358705133199692
1432.915009215585 735.6508674890096 10.0 9.375373433344066
1432.6750420580022 735.6093215299834 10.0 9.392201933311298
1432.434681837964 735.5677054519367 10.0 9.408875133376569
1432.193928793114 735.5260192958585 10.0 9.425545833306387
1431.95278316134 735.4842631027836 10.0 9.442212633322924
1431.711245180772 735.4424369137928 10.0 9.458920233184472
1431.4693150897826 735.4005407700124 10.0 9.475813233293593
1431.2269931269855 735.3585747126142 10.0 9.492481333203614
1430.9842795312343 735.3165387828154 10.0 9.509521933272481
1430.741174541623 735.2744330218785 10.0 9.52622163319029
1430.4976783974835 735.232257471111 10.0 9.542901033302769
1430.2537913383858 735.1900121718652 10.0 9.559939233353361
1430.0095136041368 735.1476971655383 10.0 9.576614833204076
1429.7648454347795 735.105312493572 10.0 9.593287733383477
1429.5197870705924 735.0628581974527 10.0 9.609961333218962
1429.2743387520882 735.0203343187108 10.0 9.626674633240327
1429.028500720013 734.9777408989208 10.0 9.643493233248591
1428.7822732153456 734.9350779797018 10.0 9.660164333181456
1428.5356564792971 734.892345602716 10.0 9.676842533284798
1428.2886507533092 734.8495438096697 10.0 9.693511133315042
1428.0412562790539 734.8066726423128 10.0 9.710186433279887
1427.7934732984322 734.7637321424386 10.0 9.7268623332493
1427.545302053574 734.7207223518834 10.0 9.743537333328277
1427.2967427868364 734.6776433125269 10.0 9.760236533358693
1427.0477957408034 734.6344950662917 10.0 9.77690533339046
1426.7984611582851 734.5912776551431 10.0 9.793577833333984
1426.548739282316 734.5479911210891 10.0 9.81025313329883
1426.2986303561556 734.5046355061803 10.0 9.82692123320885
1426.0481346232862 734.4612108525096 10.0 9.843726133229211
1425.7972523274125 734.4177172022119 10.0 9.860392933245748
1425.5459837124613 734.3741545974644 10.0 9.877072033239529
1425.2943290225799 734.3305230804864 10.0 9.89404043322429
1425.0422885021353 734.2868226935385 10.0 9.910709633259103
1424.789862395714 734.2430534789232 10.0 9.927402933361009
1424.5370509481204 734.1992154789843 10.0 9.944076833315194
1424.2838544043766 734.1553087361071 10.0 9.960759033216164
1424.030273009721 734.111333292718 10.0 9.977430533384904
1423.7763070096078 734.0672891912841 10.0 9.994098433293402
1423.521956649706 734.0231764743138 10.0 10.010813733329996
1423.2672221758985 733.978995184356 10.0 10.027487633284181
1423.0121038342813 733.9347453640002 10.0 10.044160233344883
1422.7566018711627 733.8904270558761 10.0 10.060827533248812
1422.5007165330626 733.846040302654 10.0 10.07750133331865
1422.2444480667114 733.8015851470443 10.0 10.094170233234763
1421.9877967190491 733.757061631797 10.0 10.110845933202654
1421.7307627372247 733.7124697997021 10.0 10.127529433229938
1421.4733463685955 733.6678096935894 10.0 10.144196333363652
1421.2155478607253 733.623081356328 10.0 10.16086453339085
1420.957367461385 733.5782848308265 10.0 10.177581733325496
1420.6988054185506 733.5334201600326 10.0 10.194292633328587
1420.4398619804026 733.4884873869331 10.0 10.211046133190393
1420.1805373953257 733.4434865545538 10.0 10.227716133231297
1419.9208319119075 733.3984177059591 10.0 10.244391633197665
1419.6607457789373 733.3532808842522 10.0 10.261066233273596
1419.4002792454062 733.3080761325745 10.0 10.27774153323844
1419.1394325605052 733.2628034941058 10.0 10.294408233370632
1418.8782059736252 733.2174630120643 10.0 10.31107613327913
1418.6165997343558 733.172054729706 10.0 10.3277493333444
1418.3546140924843 733.1265786903248 10.0 10.344418533379212
1418.0922492979955 733.0810349372522 10.0 10.361093833344057
1417.8295056010697 733.0354235138574 10.0 10.377762333257124
1417.5663832520831 732.9897444635469 10.0 10.394599833292887
1417.302882501606 732.9439978297647 10.0 10.41132333339192
1417.0390036004028 732.8981836559916 10.0 10.427998033352196
1416.7747467994304 732.8523019857456 10.0 10.444678933359683
1416.5101123498378 732.8063528625814 10.0 10.461351533187553
1416.2451005029648 732.7603363300905 10.0 10.478333133272827
1415.9797115103418 732.7142524319006 10.0 10.495003833202645
1415.7139456236887 732.6681012116761 10.0 10.511678833281621
1415.447803094914 732.6218827131174 10.0 10.528354233363643
1415.1812841761136 732.5755969799612 10.0 10.545023333281279
1414.9143891195708 732.5292440559799 10.0 10.561698033241555
1414.6471181777547 732.4828239849817 10.0 10.578393233241513
1414.3794716033196 732.4363368108105 10.0 10.595144233200699
1414.1114496491045 732.3897825773457 10.0 10.611840633209795
1413.8430525681315 732.343161328502 10.0 10.62851143325679
1413.5742806136057 732.2964731082291 10.0 10.645182533189654
1413.305134038914 732.2497179605119 10.0 10.6620990333613
1413.0356130976245 732.2028959293702 10.0 10.67877223319374
1412.7657180434853 732.1560070588584 10.0 10.695446333382279
1412.4954491304238 732.1090513930657 10.0 10.71212483337149
1412.2248066125462 732.0620289761152 10.0 10.72879833332263
1411.9537907441363 732.0149398521651 10.0 10.745465433225036
1411.6824017796546 731.9677840654069 10.0 10.762142533203587
1411.4106399737377 731.9205616600668 10.0 10.778996233362705
1411.1385055811975 731.8732726804043 10.0 10.795688733225688
1410.8659988570198 731.8259171707128 10.0 10.8128094333224
1410.5931200563646 731.7784951753193 10.0 10.829482733272016
1410.319869434564 731.7310067385841 10.0 10.846158133354038
1410.0462472471222 731.6834519049008 10.0 10.862827733391896
1409.7722537497143 731.6358307186961 10.0 10.87950163334608
1409.4978891981857 731.5881432244294 10.0 10.896174433175474
1409.223153848551 731.5403894665932 10.0 10.917302233166993
1408.9480479569932 731.4925694897127 10.0 10.933974733343348
1408.6725717798631 731.4446833383452 10.0 10.950647233286873
1408.3967255736786 731.3967310570807 10.0 10.967314933193848
1408.1205095951234 731.3487126905414 10.0 10.984027533326298
1407.843924101046 731.3006282833815 10.0 11.000696333358064
1407.56696934846 731.2524778802868 10.0 11.017371233319864
1407.2896455945418 731.2042615259754 10.0 11.034045133274049
1407.0119530966308 731.1559792651966 10.0 11.050724133383483
1406.7338921122284 731.1076311427314 10.0 11.067436633165926
1406.4554628989968 731.059217203392 10.0 11.084117733174935
1406.1766657147584 731.0107374920219 10.0 11.100794133264571
1405.8975008174953 730.9621920534954 10.0 11.11746763321571
1405.6179684653475 730.913580932718 10.0 11.134134433232248
1405.3380689166136 730.8649041746256 10.0 11.15080363326706
1405.0578024297483 730.8161618241849 10.0 11.167471833294258
1404.7771692633628 730.7673539263928 10.0 11.184138833312318
1404.4961696762232 730.718480526277 10.0 11.20098253339529
1404.2148039272504 730.6695416688946 10.0 11.217660133261234
1403.9330722755187 730.6205373993333 10.0 11.234369933372363
1403.6509749802553 730.5714677627105 10.0 11.251168433343992
1403.3685123008393 730.5223328041732 10.0 11.267886333167553
1403.0856844968007 730.4731325688979 10.0 11.284563133260235
1402.8024918278202 730.4238671020906 10.0 11.30123563320376
1402.5189345537274 730.3745364489868 10.0 11.317912033293396
1402.2350129345011 730.3251406548507 10.0 11.334585233358666
1401.9507272302678 730.2756797649757 10.0 11.351267433259636
1401.666077701301 730.226153824684 10.0 11.368247133214027
1401.3810646080203 730.1765628793265 10.0 11.384919533273205
1401.095688210991 730.1269069742825 10.0 11.401592233218253
1400.8099487709226 730.0771861549599 10.0 11.418416733387858
1400.5238465486682 730.0274004667946 10.0 11.435214433353394
1400.2373818052245 729.9775499552508 10.0 11.451892733341083
1399.9505548017296 729.9276346658205 10.0 11.468974233372137
1399.6633657994635 729.8776546440237 10.0 11.485649633221328
1399.3758150598462 729.8276099354077 10.0 11.502317633247003
1399.0879028444378 729.7775005855477 10.0 11.518991833319888
1398.7996294149368 729.727326640046 10.0 11.535668433178216
1398.51099503318 729.6770881445324 10.0 11.552341133356094
1398.2219999611416 729.6267851446634 10.0 11.56901443330571
1397.932644460932 729.5764176861227 10.0 11.58568593324162
1397.6429287947967 729.5259858146208 10.0 11.602398633258417
1397.352853225117 729.4754895758947 10.0 11.619066533166915
1397.0624180144077 729.424929015708 10.0 11.635738333221525
1396.7716234253169 729.3743041798506 10.0 11.6524837333709
1396.4804697206246 729.3236151141385 10.0 11.669152333168313
1396.1889571632428 729.272861864414 10.0 11.686597733292729
1395.8970860162142 729.2220444765453 10.0 11.703278133179992
1395.6048565427113 729.1711629964261 10.0 11.719948933226988
1395.3122690060359 729.120217469976 10.0 11.736620533280075
1395.019323669618 729.0692079431399 10.0 11.753352933330461
1394.726020797015 729.0181344618882 10.0 11.770030433312058
1394.4323606519117 728.9669970722164 10.0 11.786709633190185
1394.1383434981178 728.9157958201451 10.0 11.803384733386338
1393.843969599569 728.8645307517199 10.0 11.82006123336032
1393.5492392203246 728.813201913011 10.0 11.836736633209512
1393.254152624568 728.7618093501131 10.0 11.853729533264413
1392.958710076605 728.7103531091459 10.0 11.870397433172911
1392.6629118408634 728.6588332362529 10.0 11.887070233235136
1392.366758181892 728.6072497776021 10.0 11.903741733171046
1392.0702493643598 728.5556027793854 10.0 11.92044013319537
1391.7733856530558 728.5038922878186 10.0 11.93711053323932
1391.4761673128874 728.4521183491414 10.0 11.953908233204857
1391.1785946088796 728.4002810096171 10.0 11.970596933271736
1390.880667806175 728.3483803155323 10.0 11.98730043321848
1390.5823871700325 728.2964163131971 10.0 12.003977033309639
1390.2837529658261 728.244389048945 10.0 12.02064933325164
1389.984765459045 728.192298569132 10.0 12.0373256332241
1389.6854249152923 728.1401449201376 10.0 12.053992333356291
1389.3857316002839 728.0879281483635 10.0 12.070660333381966
1389.0856857798483 728.0356483002346 10.0 12.087334633339196
1388.7852877199255 727.9833054221978 10.0 12.104002433363348
1388.4845376865665 727.9308995607227 10.0 12.120678633218631
1388.183435945932 727.8784307623008 10.0 12.137687433278188
1387.8819827642917 727.825899073446 10.0 12.154365333262831
1387.5801784080245 727.7733045406937 10.0 12.171298233326524
1387.278023143616 727.7206472106016 10.0 12.187973133288324
1386.9755172376595 727.6679271297485 10.0 12.204650133382529
1386.6726609568534 727.6151443447351 10.0 12.221326833358034
1386.369454568002 727.5622989021832 10.0 12.237996333278716
1386.0658983380142 727.509390848736 10.0 12.254665533313528
1385.7619925339022 727.4564202310576 10.0 12.27133333333768
1385.4577374227813 727.4033870958331 10.0 12.288003833265975
1385.1531332718687 727.3502914897684 10.0 12.304670633282512
1384.848180348483 727.2971334595902 10.0 12.321344433352351
1384.542878920044 727.2439130520455 10.0 12.338017033180222
1384.2372292540704 727.1906303139018 10.0 12.354833433171734
1383.9312316181804 727.1372852919467 10.0 12.371528033167124
1383.6248862800903 727.083878032988 10.0 12.388203133363277
1383.3181935076138 727.0304085838534 10.0 12.40487483330071
1383.0111535686615 726.9768769913904 10.0 12.421546133235097
