1499.999763457169 746.999979589354 10.0 0.0743308998644352
1499.9990540398487 746.9999177490951 10.0 0.2802793332375586
1499.9978720550864 746.9998127416263 10.0 0.3147305331658572
1499.9962177974269 746.9996629035696 10.0 0.33140143333002925
1499.9940915494697 746.9994666426006 10.0 0.3482698332518339
1499.991493582402 746.999222434419 10.0 0.3651801331434399
1499.9884241565092 746.9989288198483 10.0 0.38185063330456614
1499.9848835216626 746.9985844020589 10.0 0.3985177332069725
1499.9808719177884 746.9981878439106 10.0 0.4153120331466198
1499.9763895753135 746.9977378654078 10.0 0.4319794331677258
1499.971436715596 746.9972332412635 10.0 0.4487675332929939
1499.9660135513336 746.996672798568 10.0 0.465434733312577
1499.9601202869583 746.9960554145563 10.0 0.48210643325001
1499.9537571190103 746.9953800144708 10.0 0.49878263333812356
1499.9469242364999 746.9946455695164 10.0 0.5159138331655413
1499.9396218212507 746.9938510949014 10.0 0.5325844332110137
1499.9318500482304 746.9929956479632 10.0 0.5492589331697673
1499.9236090858656 746.9920783263732 10.0 0.5659305332228541
1499.9148990963452 746.9910982664192 10.0 0.5825997332576662
1499.905720235909 746.9900546413602 10.0 0.5992771333549172
1499.8960726551254 746.9889466598523 10.0 0.6159591332543641
1499.885956499156 746.9877735644412 10.0 0.6326353333424777
1499.87537190801 746.9865346301194 10.0 0.6493035331368446
1499.864319016787 746.9852291629448 10.0 0.6659708332736045
1499.8527979559099 746.9838564987184 10.0 0.6826401331927627
1499.8408088513472 746.9824160017184 10.0 0.6993127332534641
1499.828351824827 746.9809070634885 10.0 0.7159858332015574
1499.8154269940405 746.9793291016775 10.0 0.7327934333588928
1499.802034472838 746.9776815589294 10.0 0.7494636331684887
1499.788174371415 746.9759639018192 10.0 0.766459733247757
1499.7738467964925 746.9741756198364 10.0 0.7831360332202166
1499.7590518514878 746.9723162244095 10.0 0.8002324332483113
1499.7437896366785 746.9703852479744 10.0 0.8169000332709402
1499.72806024936 746.9683822430806 10.0 0.8335715332068503
1499.7118637839956 746.966306781537 10.0 0.8502480331808329
1499.6952003323606 746.9641584535935 10.0 0.8669584332965314
1499.6780699836804 746.9619368671578 10.0 0.8836340331472456
1499.660472824762 746.9596416470449 10.0 0.9005325331818312
1499.6424089401207 746.9572724342603 10.0 0.9172061332501471
1499.6238784121003 746.9548288853118 10.0 0.9343651332892478
1499.6048813209898 746.9523106715523 10.0 0.9510380332358181
1499.5854177451336 746.9497174785492 10.0 0.9677294332068413
1499.5654877610375 746.9470490054829 10.0 0.9844021331518888
1499.545091443471 746.9443049645679 10.0 1.0010712333023548
1499.5242288655634 746.9414850805018 10.0 1.0177434333600104
1499.5029000988975 746.9385890899355 10.0 1.0345621332526207
1499.4811052135985 746.935616740967 10.0 1.051231233170256
1499.4588442784195 746.9325677926571 10.0 1.067924833158031
1499.4361173608224 746.9294420145646 10.0 1.0845973333343863
1499.412924527057 746.926239186303 10.0 1.1012726332992315
1499.3892658422349 746.9229590971144 10.0 1.1179411332122982
1499.3651413704015 746.919601545463 10.0 1.1347322333604097
1499.3405511746043 746.9161663386452 10.0 1.151454033330083
1499.3154953169592 746.9126532924163 10.0 1.182993033202365
1499.2899738587118 746.9090622306337 10.0 1.199716733302921
1499.2639868602992 746.9053929849148 10.0 1.2163854332175106
1499.2375343814062 746.9016453943098 10.0 1.2330549331381917
1499.2106164810211 746.8978193049882 10.0 1.2497367332689464
1499.183233217488 746.8939145699392 10.0 1.2668996332213283
1499.155384648557 746.8899310486842 10.0 1.2835710332728922
1499.1270708314335 746.885868607002 10.0 1.3002406333107501
1499.0982918228233 746.8817271166657 10.0 1.3169132331386209
1499.0690476789775 746.877506455191 10.0 1.3338959333486855
1499.0393384557347 746.8732065055946 10.0 1.350570433307439
1499.0091642085608 746.8688271561635 10.0 1.367357233306393
1498.9785249925892 746.8643683002344 10.0 1.3840300331357867
1498.9474208626564 746.8598298359816 10.0 1.400712733156979
1498.9158518733384 746.8552116662147 10.0 1.4174009333364666
1498.8838180789846 746.8505136981845 10.0 1.434382933191955
1498.8513195337503 746.8457358433978 10.0 1.4511751332320273
1498.8183562916272 746.8408780174394 10.0 1.4680140332784504
1498.7849284064746 746.8359401398021 10.0 1.4846817331854254
1498.7510359320463 746.8309221337237 10.0 1.5043613333255053
1498.7166789220191 746.8258239260313 10.0 1.5210382333025336
1498.681857430018 746.820645446992 10.0 1.537705033319071
1498.6465715096422 746.8153866301702 10.0 1.5551580332685262
1498.610821214488 746.8100474122906 10.0 1.571846433216706
1498.574606598172 746.8046277331074 10.0 1.5885474332608283
1498.5379277143536 746.7991275352788 10.0 1.6052198333200067
1498.500784616755 746.7935467642471 10.0 1.621899033198133
1498.463177359182 746.7878853681243 10.0 1.6386819332838058
1498.4251059955427 746.7821432975812 10.0 1.6553535333368927
1498.386570579866 746.776320505743 10.0 1.6720283331815153
1498.3475711663189 746.7704169480882 10.0 1.6886957332026213
1498.3081078092239 746.7644325823518 10.0 1.7053628333378583
1498.2681805630746 746.7583673684337 10.0 1.7220297332387418
1498.2277894825513 746.7522212683095 10.0 1.738704533316195
1498.186934622535 746.7459942459466 10.0 1.7553752332460135
1498.1456160381229 746.7396862672224 10.0 1.772047433303669
1498.10383378464 746.7332972998473 10.0 1.7887221332639456
1498.0615879176537 746.7268273132905 10.0 1.805389233166352
1498.0188784929846 746.7202762787084 10.0 1.8225566332694143
1497.9757055667199 746.713644168877 10.0 1.839908033143729
1497.9320691952225 746.7069309581265 10.0 1.856582933338359
1497.8879694351442 746.7001366222792 10.0 1.8732962333597243
1497.843406343434 746.6932611385894 10.0 1.8899654331617057
1497.798379977349 746.6863044856867 10.0 1.9066446332726628
1497.752890394463 746.679266643521 10.0 1.9233115331735462
1497.706937652677 746.6721475933101 10.0 1.9399884331505746
1497.6605218102256 746.6649473174897 10.0 1.9566551332827657
1497.6136429256871 746.6576657996652 10.0 1.9740156333427876
1497.5663010579904 746.650303024566 10.0 1.9907538332045078
1497.5184962664225 746.6428589780013 10.0 2.0074216332286596
1497.4702286106365 746.635333646818 10.0 2.024096733191982
1497.421498150657 746.6277270188605 10.0 2.040773533284664
1497.3723049468883 746.6200390829318 10.0 2.0574523331597447
1497.3226490601191 746.6122698287572 10.0 2.0741284331306815
1497.2725305515296 746.604419246948 10.0 2.090946033131331
1497.2219494826963 746.5964873289684 10.0 2.1085499331820756
1497.1709059155985 746.5884740671024 10.0 2.12521823332645
1497.1193999126226 746.5803794544237 10.0 2.1421637332532555
1497.0674315365675 746.5722034847648 10.0 2.1594032333232462
1497.015000850649 746.5639461526896 10.0 2.1760702333413064
1496.9621079185042 746.5556074534655 10.0 2.192745133303106
1496.908752804197 746.5471873830376 10.0 2.209412133321166
1496.8549355722207 746.5386859380035 10.0 2.2260875331703573
1496.8006562875028 746.5301031155897 10.0 2.2427621332462877
1496.7459150154082 746.5214389136285 10.0 2.259438533335924
1496.6907118217432 746.5126933305363 10.0 2.2761090332642198
1496.6350467727589 746.5038663652923 10.0 2.292790533276275
1496.5789199351539 746.4949580174188 10.0 2.309463633224368
1496.5223313760782 746.4859682869615 10.0 2.3263078331947327
1496.4652811631356 746.4768971744716 10.0 2.343318333150819
1496.4077693643862 746.467744680988 10.0 2.359992833342403
1496.34979604835 746.45851080802 10.0 2.3766678331885487
1496.2913612840086 746.4491955575319 10.0 2.3936488332692534
1496.232465140808 746.4397989319269 10.0 2.4103174332994968
1496.1731076886606 746.4303209340327 10.0 2.426991233136505
1496.1132889979478 746.420761567087 10.0 2.4438747332897037
1496.0530091395217 746.4111208347241 10.0 2.4605483333580196
1495.9922681847072 746.4013987409619 10.0 2.477215333143249
1495.931066205304 746.3915952901896 10.0 2.494070233311504
1495.869403273588 746.3817104871553 10.0 2.510792633285746
1495.8072794623133 746.3717443369551 10.0 2.5275645332876593
1495.7446948447136 746.361696845022 10.0 2.5442333333194256
1495.681649494504 746.3515680171154 10.0 2.56090583326295
1495.618143485882 746.341357859311 10.0 2.5775793332140893
1495.5541768935293 746.3310663779913 10.0 2.59425363317132
1495.4897497926124 746.3206935798365 10.0 2.610927033238113
1495.4248622587847 746.3102394718157 10.0 2.6275997331831604
1495.3595143681869 746.2997040611782 10.0 2.6442771332804114
1495.2937061974485 746.2890873554458 10.0 2.660953233251348
1495.2274378236884 746.2783893624047 10.0 2.677622633287683
1495.1607093245161 746.2676100900987 10.0 2.6955701331607997
1495.0935207780328 746.2567495468214 10.0 2.7122902332339436
1495.0258722628319 746.24580774111 10.0 2.7290119333192706
1494.9577638579995 746.2347846817381 10.0 2.7459184331819415
1494.889195643116 746.2236803777106 10.0 2.7625954332761467
1494.820167698256 746.2124948382566 10.0 2.779263833304867
1494.7506801039892 746.2012280728243 10.0 2.7959392331540585
1494.6807329413814 746.1898800910753 10.0 2.8126261332072318
1494.610326291994 746.1784509028797 10.0 2.8293672332074493
1494.5394602378854 746.1669405183106 10.0 2.846039133146405
1494.4681348616111 746.1553489476398 10.0 2.862807033350691
1494.3963502462248 746.1436762013328 10.0 2.879475233145058
1494.3241064752772 746.1319222900446 10.0 2.8961438331753016
1494.2514036328182 746.1200872246154 10.0 2.9128131333272904
1494.178241803396 746.1081710160665 10.0 2.9294805333483964
1494.104621072058 746.0961736755967 10.0 2.946149333147332
1494.0305415243506 746.084095214578 10.0 2.962820433313027
1493.9560032463196 746.071935644553 10.0 2.9794909332413226
1493.8810063245107 746.0596949772306 10.0 2.996165733318776
1493.8055508459693 746.047373224483 10.0 3.012833633227274
1493.7296368982404 746.0349703983427 10.0 3.0295040332712233
1493.6532645693699 746.0224865109996 10.0 3.0461755332071334
1493.576433947903 746.0099215747977 10.0 3.063379033235833
1493.499145122886 745.9972756022328 10.0 3.086653133155778
1493.4213981838643 745.9845486059496 10.0 3.1034885332919657
1493.343193220885 745.9717405987393 10.0 3.120157833211124
1493.2645303244947 745.958851593537 10.0 3.1368286332581192
1493.1854095857402 745.9458816034197 10.0 3.153498033294454
1493.1058310961691 745.9328306416037 10.0 3.1701731332577765
1493.025794947829 745.9196987214426 10.0 3.1868461333215237
1492.9453012332672 745.9064858564254 10.0 3.2035178332589567
1492.8643500455319 745.8931920601744 10.0 3.220186533173546
1492.7829414781706 745.8798173464432 10.0 3.236861933255568
1492.701075625231 745.8663617291153 10.0 3.2540960332844406
1492.6187525812602 745.8528252222019 10.0 3.270786833250895
1492.5359724413054 745.8392078398405 10.0 3.2876980332657695
1492.4527353009125 745.8255095962932 10.0 3.304823233280331
1492.369041256127 745.8117305059452 10.0 3.321989733260125
1492.2848904034936 745.7978705833035 10.0 3.3387062333058566
1492.2002828400553 745.7839298429952 10.0 3.3554059332236648
1492.115218663354 745.7699082997665 10.0 3.3720763332676142
1492.02969797143 745.7558059684809 10.0 3.3887514332309365
1491.9437208628221 745.7416228641184 10.0 3.405419633258134
1491.8572874365664 745.7273590017742 10.0 3.422095933230594
1491.7703977921965 745.7130143966574 10.0 3.438806733349338
1491.683052029744 745.6985890640901 10.0 3.4554801331833005
1491.5952502497373 745.6840830195063 10.0 3.4721490333322436
1491.5069925532014 745.6694962784505 10.0 3.4891827332321554
1491.418279041658 745.6548288565776 10.0 3.505853433161974
1491.329109817125 745.6400807696511 10.0 3.5225212331861258
1491.2394849821162 745.6252520335426 10.0 3.5391959331464022
1491.1494046396406 745.6103426642306 10.0 3.5558707332238555
1491.0588688932028 745.5953526778004 10.0 3.5725480332039297
1490.9678778468021 745.5802820904424 10.0 3.589216333348304
1490.8764316049323 745.565130918452 10.0 3.605886733159423
1490.7845302725816 745.5498991782285 10.0 3.6225583332125098
1490.6921739552315 745.5345868862746 10.0 3.6392299332655966
1490.5993627588573 745.5191940591955 10.0 3.6559040332213044
1490.5060967899274 745.5037207136983 10.0 3.6725796333048493
1490.4123761554024 745.4881668665915 10.0 3.6892505332361907
1490.3182009627358 745.4725325347844 10.0 3.7060281331650913
1490.2235713198727 745.4568177352862 10.0 3.722701633349061
1490.1284873352497 745.4410224852058 10.0 3.7393748331815004
1490.0329491177943 745.4251468017511 10.0 3.756043133325875
1489.936956776925 745.4091907022283 10.0 3.772712733130902
1489.84051042255 745.3931542040418 10.0 3.789383933180943
1489.7436101650683 745.3770373246932 10.0 3.8060540333390236
1489.6462561153674 745.3608400817814 10.0 3.8227246331516653
1489.5484483848238 745.3445624930015 10.0 3.8393938331864774
1489.450187085303 745.3282045761449 10.0 3.8560677331406623
1489.3514723291585 745.3117663490987 10.0 3.872741933213547
1489.252304229231 745.295247829845 10.0 3.889411833137274
1489.1526828988488 745.278649036461 10.0 3.9063886331859976
1489.0526084518267 745.2619699871184 10.0 3.92328723333776
1488.9520810024658 745.2452107000828 10.0 3.939957233145833
1488.851100665553 745.2283711937135 10.0 3.9566277333069593
1488.7496675563607 745.2114514864636 10.0 3.973304333165288
1488.647781790646 745.1944515968787 10.0 3.98998593329452
1488.5454434846501 745.1773715435975 10.0 4.006654533324763
1488.4426527550988 745.1602113453508 10.0 4.023472033208236
1488.3394097192006 745.1429710209618 10.0 4.040385633241385
1488.2357144946473 745.1256505893452 10.0 4.05724363331683
1488.131567199613 745.1082500695076 10.0 4.073915733257309
1488.026967952754 745.0907694805463 10.0 4.091142333345488
1487.9219168732075 745.07320884165 10.0 4.107810633257031
1487.816414080592 745.0555681720978 10.0 4.124518133234233
1487.7104596950064 745.0378474912593 10.0 4.141193333314732
1487.6040538370296 745.0200468185943 10.0 4.157867033267394
1487.4971966277199 745.0021661736525 10.0 4.174534733174369
1487.3898881886141 744.9842055760732 10.0 4.191202933201566
1487.282128641728 744.9661650455854 10.0 4.2078701332211494
1487.1739181095545 744.948044602007 10.0 4.224544233176857
1487.0652567150646 744.9298442652452 10.0 4.24121653335169
1486.9561445817055 744.9115640552956 10.0 4.257886533159763
1486.8465818334012 744.8932039922428 10.0 4.274578733136877
1486.736568594551 744.8747640962595 10.0 4.291246533161029
1486.6261049900297 744.8562443876066 10.0 4.307917433325201
1486.5151911451867 744.837644886633 10.0 4.324602033244446
1486.4038271858453 744.8189656137755 10.0 4.34127483330667
1486.2920132383026 744.8002065895583 10.0 4.357943333219737
1486.179749429329 744.7813678345931 10.0 4.374631933169439
1486.0670358861667 744.7624493695787 10.0 4.391439533326775
1485.9538727365302 744.7434512153011 10.0 4.4085465332027525
1485.8402601086057 744.724373392633 10.0 4.425221933284774
1485.7261981310498 744.7052159225339 10.0 4.442142633255571
1485.6116869329896 744.6859788260498 10.0 4.4590903331991285
1485.4967266440217 744.666662124313 10.0 4.475766233168542
1485.3813173942121 744.6472658385421 10.0 4.492463133297861
1485.2654593140953 744.6277899900417 10.0 4.509134533349425
1485.1491525346735 744.6082346002022 10.0 4.525811033323407
1485.0323971874168 744.5885996904998 10.0 4.542736033210531
1484.915193404262 744.5688852824962 10.0 4.559406833257526
1484.797541317612 744.5490913978387 10.0 4.576081933220848
1484.6794410603359 744.5292180582594 10.0 4.593227433273569
1484.5608927657674 744.5092652855761 10.0 4.609902033349499
1484.441896567705 744.4892331016913 10.0 4.626573133282363
1484.3224526004115 744.4691215285922 10.0 4.643242833204567
1484.2025609986124 744.4489305883508 10.0 4.659916633274406
1484.0822218974965 744.4286603031236 10.0 4.676593033131212
1483.9614354327146 744.4083106951517 10.0 4.693268233211711
1483.8402017403791 744.3878817867603 10.0 4.709939033258706
1483.718520957064 744.3673736003586 10.0 4.726622733287513
1483.5963932198028 744.3467861584401 10.0 4.7433724333532155
1483.4738186660895 744.3261194835819 10.0 4.7600463333074
1483.3507974338772 744.305373598445 10.0 4.7767178332433105
1483.2273296615774 744.284548525774 10.0 4.793387433281168
1483.10341548806 744.2636442883967 10.0 4.810057133203372
1482.9790550526518 744.2426609092245 10.0 4.826726433355361
1482.854248495137 744.2215984112519 10.0 4.843419733224437
1482.7289959557556 744.2004568175564 10.0 4.860118933254853
1482.6032975752037 744.1792361512987 10.0 4.876791833201423
1482.4771534946315 744.1579364357221 10.0 4.8934648332651705
1482.3505638556444 744.1365576941528 10.0 4.910137233324349
1482.2235288003012 744.1150999499993 10.0 4.926806533243507
1482.0960484711138 744.0935632267527 10.0 4.943603333318606
1481.9681230110466 744.0719475479865 10.0 4.9602800332941115
1481.839752563516 744.0502529373562 10.0 4.976952933240682
1481.7109372723896 744.0284794185994 10.0 4.993628233205527
1481.5816772819858 744.006627015536 10.0 5.010300933150575
1481.4519727370728 743.9846957520672 10.0 5.0274047332350165
1481.3218237828683 743.9626856521763 10.0 5.044076033169404
1481.1912305650385 743.9405967399281 10.0 5.060749533353373
1481.0601932296981 743.9184290394687 10.0 5.077424733201042
1480.928711923409 743.8961825750258 10.0 5.094485033303499
1480.7967867931802 743.8738573709082 10.0 5.111182633321732
1480.6644179864663 743.8514534515058 10.0 5.1286200331524014
1480.5316056511683 743.8289708412894 10.0 5.145320733310655
1480.3983499356316 743.8064095648109 10.0 5.161997133167461
1480.2646509886458 743.7837696467028 10.0 5.178670833352953
1480.1305089594446 743.7610511116782 10.0 5.195572433294728
1479.9959239977043 743.7382539845307 10.0 5.212248533265665
1479.8608962535436 743.7153782901345 10.0 5.228921733330935
1479.725425877523 743.6924240534437 10.0 5.245589933358133
1479.589513020644 743.6693912994929 10.0 5.262263833312318
1479.4531578343485 743.6462800533966 10.0 5.278932033339515
1479.3163604705178 743.6230903403492 10.0 5.295604633167386
1479.1791210814729 743.5998221856249 10.0 5.312271733302623
1479.0414398199725 743.5764756145777 10.0 5.328945533139631
1478.9033168392136 743.553050652641 10.0 5.345618033315986
1478.76475229283 743.5295473253276 10.0 5.36257963324897
1478.6257463348923 743.5059656582299 10.0 5.379254633327946
1478.4862991199063 743.4823056770193 10.0 5.395927933277562
1478.3464108028134 743.4585674074463 10.0 5.412724533351138
1478.2060815389889 743.4347508753403 10.0 5.551655733259395
