1499.999763457169 746.999979589354 10.0 0.08896459988318384
1499.9990540398487 746.9999177490951 10.0 0.30565073317848146
1499.9978720550864 746.9998127416263 10.0 0.3381791333667934
1499.9962177974269 746.9996629035696 10.0 0.3548547332175076
1499.9940915494697 746.9994666426006 10.0 0.3715260331518948
1499.991493582402 746.999222434419 10.0 0.388195033185184
1499.9884241565092 746.9989288198483 10.0 0.40486453333869576
1499.9848835216626 746.9985844020589 10.0 0.4215672332793474
1499.9808719177884 746.9981878439106 10.0 0.4382393332198262
1499.9763895753135 746.9977378654078 10.0 0.4549137332942337
1499.971436715596 746.9972332412635 10.0 0.4715903331525624
1499.9660135513336 746.996672798568 10.0 0.4882742331828922
1499.9601202869583 746.9960554145563 10.0 0.5049873332027346
1499.9537571190103 746.9953800144708 10.0 0.5216587332542986
1499.9469242364999 746.9946455695164 10.0 0.5383286331780255
1499.9396218212507 746.9938510949014 10.0 0.5550222331658006
1499.9318500482304 746.9929956479632 10.0 0.571698933141306
1499.9236090858656 746.9920783263732 10.0 0.5883704333100468
1499.9148990963452 746.9910982664192 10.0 0.6050430333707482
1499.905720235909 746.9900546413602 10.0 0.6217443333007395
1499.8960726551254 746.9889466598523 10.0 0.6384131333325058
1499.885956499156 746.9877735644412 10.0 0.6559071333613247
1499.87537190801 746.9865346301194 10.0 0.6725741331465542
1499.864319016787 746.9852291629448 10.0 0.6892486333381385
1499.8527979559099 746.9838564987184 10.0 0.7060320333112031
1499.8408088513472 746.9824160017184 10.0 0.7227021332364529
1499.828351824827 746.9809070634885 10.0 0.7393786332104355
1499.8154269940405 746.9793291016775 10.0 0.7560499331448227
1499.802034472838 746.9776815589294 10.0 0.7727216333150864
1499.788174371415 746.9759639018192 10.0 0.789390133228153
1499.7738467964925 746.9741756198364 10.0 0.8061431332025677
1499.7590518514878 746.9723162244095 10.0 0.8228158331476152
1499.7437896366785 746.9703852479744 10.0 0.8394866331946105
1499.72806024936 746.9683822430806 10.0 0.8561601331457496
1499.7118637839956 746.966306781537 10.0 0.8728283331729472
1499.6952003323606 746.9641584535935 10.0 0.889742233324796
1499.6780699836804 746.9619368671578 10.0 0.9064111332409084
1499.660472824762 746.9596416470449 10.0 0.9230862332042307
1499.6424089401207 746.9572724342603 10.0 0.9397586332634091
1499.6238784121003 746.9548288853118 10.0 0.9564332333393395
1499.6048813209898 746.9523106715523 10.0 0.9731248333118856
1499.5854177451336 746.9497174785492 10.0 0.9903746333438903
1499.5654877610375 746.9470490054829 10.0 1.007047233171761
1499.545091443471 746.9443049645679 10.0 1.0237260332796723
1499.5242288655634 746.9414850805018 10.0 1.0404022333677858
1499.5029000988975 746.9385890899355 10.0 1.0570789333432913
1499.4811052135985 746.935616740967 10.0 1.0737522332929075
1499.4588442784195 746.9325677926571 10.0 1.0904214333277196
1499.4361173608224 746.9294420145646 10.0 1.107096433173865
1499.412924527057 746.926239186303 10.0 1.1237712332513183
1499.3892658422349 746.9229590971144 10.0 1.1405237333383411
1499.3651413704015 746.919601545463 10.0 1.1572199333459139
1499.3405511746043 746.9161663386452 10.0 1.1738926332909614
1499.3154953169592 746.9126532924163 10.0 1.2058983333408833
1499.2899738587118 746.9090622306337 10.0 1.2225736333057284
1499.2639868602992 746.9053929849148 10.0 1.2392476331442595
1499.2375343814062 746.9016453943098 10.0 1.255915833171457
1499.2106164810211 746.8978193049882 10.0 1.2726152332033962
1499.183233217488 746.8939145699392 10.0 1.2892862332519144
1499.155384648557 746.8899310486842 10.0 1.3059557331725955
1499.1270708314335 746.885868607002 10.0 1.3226949332747608
1499.0982918228233 746.8817271166657 10.0 1.3393654332030565
1499.0690476789775 746.877506455191 10.0 1.356336533324793
1499.0393384557347 746.8732065055946 10.0 1.3730117331724614
1499.0091642085608 746.8688271561635 10.0 1.3898804332129657
1498.9785249925892 746.8643683002344 10.0 1.406547133345157
1498.9474208626564 746.8598298359816 10.0 1.4232154332567006
1498.9158518733384 746.8552116662147 10.0 1.4398830332793295
1498.8838180789846 746.8505136981845 10.0 1.4565521331969649
1498.8513195337503 746.8457358433978 10.0 1.473223333247006
1498.8183562916272 746.8408780174394 10.0 1.4898958331905305
1498.7849284064746 746.8359401398021 10.0 1.50657073315233
1498.7510359320463 746.8309221337237 10.0 1.5232398333027959
1498.7166789220191 746.8258239260313 10.0 1.539913633139804
1498.681857430018 746.820645446992 10.0 1.5565892332233489
1498.6465715096422 746.8153866301702 10.0 1.5733278333209455
1498.610821214488 746.8100474122906 10.0 1.5900055333040655
1498.574606598172 746.8046277331074 10.0 1.6066732332110405
1498.5379277143536 746.7991275352788 10.0 1.6233465331606567
1498.500784616755 746.7935467642471 10.0 1.640030933311209
1498.463177359182 746.7878853681243 10.0 1.6567070332821459
1498.4251059955427 746.7821432975812 10.0 1.673374533187598
1498.386570579866 746.776320505743 10.0 1.690049733268097
1498.3475711663189 746.7704169480882 10.0 1.70672143320553
1498.3081078092239 746.7644325823518 10.0 1.7244273333344609
1498.2681805630746 746.7583673684337 10.0 1.741094833239913
1498.2277894825513 746.7522212683095 10.0 1.75777853326872
1498.186934622535 746.7459942459466 10.0 1.7744452331680804
1498.1456160381229 746.7396862672224 10.0 1.7911199333611876
1498.10383378464 746.7332972998473 10.0 1.807796933222562
1498.0615879176537 746.7268273132905 10.0 1.8244701332878321
1498.0188784929846 746.7202762787084 10.0 1.8411499331705272
1497.9757055667199 746.713644168877 10.0 1.8578196333255619
1497.9320691952225 746.7069309581265 10.0 1.8747059332672507
1497.8879694351442 746.7001366222792 10.0 1.8913738331757486
1497.843406343434 746.6932611385894 10.0 1.9080468332394958
1497.798379977349 746.6863044856867 10.0 1.9247459331527352
1497.752890394463 746.679266643521 10.0 1.9414149331860244
1497.706937652677 746.6721475933101 10.0 1.9580879332497716
1497.6605218102256 746.6649473174897 10.0 1.974759033182636
1497.6136429256871 746.6576657996652 10.0 1.9915605331771076
1497.5663010579904 746.650303024566 10.0 2.00850923336111
1497.5184962664225 746.6428589780013 10.0 2.025185833219439
1497.4702286106365 746.635333646818 10.0 2.0418562332633883
1497.421498150657 746.6277270188605 10.0 2.0585231331642717
1497.3723049468883 746.6200390829318 10.0 2.0751950333360583
1497.3226490601191 746.6122698287572 10.0 2.0918685332871974
1497.2725305515296 746.604419246948 10.0 2.108540633227676
1497.2219494826963 746.5964873289684 10.0 2.1252121331635863
1497.1709059155985 746.5884740671024 10.0 2.1418844333384186
1497.1193999126226 746.5803794544237 10.0 2.1585568331647664
1497.0674315365675 746.5722034847648 10.0 2.1752320332452655
1497.015000850649 746.5639461526896 10.0 2.1919048333074898
1496.9621079185042 746.5556074534655 10.0 2.208574033342302
1496.908752804197 746.5471873830376 10.0 2.22524953330867
1496.8549355722207 746.5386859380035 10.0 2.242179633351043
1496.8006562875028 746.5301031155897 10.0 2.258968133246526
1496.7459150154082 746.5214389136285 10.0 2.275735033210367
1496.6907118217432 746.5126933305363 10.0 2.2924333333503455
1496.6350467727589 746.5038663652923 10.0 2.3091097332071513
1496.5789199351539 746.4949580174188 10.0 2.3257783332373947
1496.5223313760782 746.4859682869615 10.0 2.3424508331809193
1496.4652811631356 746.4768971744716 10.0 2.359124133363366
1496.4077693643862 746.467744680988 10.0 2.3758031332399696
1496.34979604835 746.45851080802 10.0 2.392479333328083
1496.2913612840086 746.4491955575319 10.0 2.4096499332226813
1496.232465140808 746.4397989319269 10.0 2.426324133295566
1496.1731076886606 746.4303209340327 10.0 2.4429985333699733
1496.1132889979478 746.420761567087 10.0 2.4596738333348185
1496.0530091395217 746.4111208347241 10.0 2.476346333278343
1495.9922681847072 746.4013987409619 10.0 2.4930203333497047
1495.931066205304 746.3915952901896 10.0 2.509687433252111
1495.869403273588 746.3817104871553 10.0 2.5263578332960606
1495.8072794623133 746.3717443369551 10.0 2.543030533241108
1495.7446948447136 746.361696845022 10.0 2.5597065333276987
1495.681649494504 746.3515680171154 10.0 2.5763809331692755
1495.618143485882 746.341357859311 10.0 2.5930536333471537
1495.5541768935293 746.3310663779913 10.0 2.609728833194822
1495.4897497926124 746.3206935798365 10.0 2.626396233215928
1495.4248622587847 746.3102394718157 10.0 2.6430691331624985
1495.3595143681869 746.2997040611782 10.0 2.6597383331973106
1495.2937061974485 746.2890873554458 10.0 2.6764120331499726
1495.2274378236884 746.2783893624047 10.0 2.6936242333613336
1495.1607093245161 746.2676100900987 10.0 2.7106474332977086
1495.0935207780328 746.2567495468214 10.0 2.7273156333249062
1495.0258722628319 746.24580774111 10.0 2.74398563336581
1494.9577638579995 746.2347846817381 10.0 2.760653633158654
1494.889195643116 746.2236803777106 10.0 2.777320533292368
1494.820167698256 746.2124948382566 10.0 2.793995533371344
1494.7506801039892 746.2012280728243 10.0 2.8106633331626654
1494.6807329413814 746.1898800910753 10.0 2.8273306332994252
1494.610326291994 746.1784509028797 10.0 2.8440866332966834
1494.5394602378854 746.1669405183106 10.0 2.8607578333467245
1494.4681348616111 746.1553489476398 10.0 2.877432933310047
1494.3963502462248 746.1436762013328 10.0 2.894104433245957
1494.3241064752772 746.1319222900446 10.0 2.910772133152932
1494.2514036328182 746.1200872246154 10.0 2.9274626332335174
1494.178241803396 746.1081710160665 10.0 2.9441479332745075
1494.104621072058 746.0961736755967 10.0 2.960818633204326
1494.0305415243506 746.084095214578 10.0 2.9774929331615567
1493.9560032463196 746.071935644553 10.0 2.994167633354664
1493.8810063245107 746.0596949772306 10.0 3.010835833149031
1493.8055508459693 746.047373224483 10.0 3.0275054331868887
1493.7296368982404 746.0349703983427 10.0 3.044202333316207
1493.6532645693699 746.0224865109996 10.0 3.0608766332734376
1493.576433947903 746.0099215747977 10.0 3.078059333143756
1493.499145122886 745.9972756022328 10.0 3.094734233338386
1493.4213981838643 745.9845486059496 10.0 3.111405633157119
1493.343193220885 745.9717405987393 10.0 3.1280780332162976
1493.2645303244947 745.958851593537 10.0 3.1447458332404494
1493.1854095857402 745.9458816034197 10.0 3.161414133151993
1493.1058310961691 745.9328306416037 10.0 3.1780860333237797
1493.025794947829 745.9196987214426 10.0 3.1947585332673043
1492.9453012332672 745.9064858564254 10.0 3.2114293333142996
1492.8643500455319 745.8931920601744 10.0 3.228104433277622
1492.7829414781706 745.8798173464432 10.0 3.2447784333489835
1492.701075625231 745.8663617291153 10.0 3.261449433164671
1492.6187525812602 745.8528252222019 10.0 3.278120833216235
1492.5359724413054 745.8392078398405 10.0 3.2949345333036035
1492.4527353009125 745.8255095962932 10.0 3.311603633221239
1492.369041256127 745.8117305059452 10.0 3.3284390333574265
1492.2848904034936 745.7978705833035 10.0 3.3451069332659245
1492.2002828400553 745.7839298429952 10.0 3.36204203334637
1492.115218663354 745.7699082997665 10.0 3.3787144331727177
1492.02969797143 745.7558059684809 10.0 3.395390833262354
1491.9437208628221 745.7416228641184 10.0 3.4120579331647605
1491.8572874365664 745.7273590017742 10.0 3.428728533210233
1491.7703977921965 745.7130143966574 10.0 3.4454014331568033
1491.683052029744 745.6985890640901 10.0 3.4620763333514333
1491.5952502497373 745.6840830195063 10.0 3.4787459331564605
1491.5069925532014 745.6694962784505 10.0 3.495422033360228
1491.418279041658 745.6548288565776 10.0 3.5120965333189815
1491.329109817125 745.6400807696511 10.0 3.5287648332305253
1491.2394849821162 745.6252520335426 10.0 3.5458079332020134
1491.1494046396406 745.6103426642306 10.0 3.5624751332215965
1491.0588688932028 745.5953526778004 10.0 3.57914963318035
1490.9678778468021 745.5802820904424 10.0 3.595819233218208
1490.8764316049323 745.565130918452 10.0 3.6124941331800073
1490.7845302725816 745.5498991782285 10.0 3.629164233338088
1490.6921739552315 745.5345868862746 10.0 3.6458389332983643
1490.5993627588573 745.5191940591955 10.0 3.662506533320993
1490.5060967899274 745.5037207136983 10.0 3.6791821331717074
1490.4123761554024 745.4881668665915 10.0 3.6959746333304793
1490.3182009627358 745.4725325347844 10.0 3.7126461332663894
1490.2235713198727 745.4568177352862 10.0 3.729320333339274
1490.1284873352497 745.4410224852058 10.0 3.7460234332829714
1490.0329491177943 745.4251468017511 10.0 3.7626904333010316
1489.936956776925 745.4091907022283 10.0 3.779359533218667
1489.84051042255 745.3931542040418 10.0 3.7960331332869828
1489.7436101650683 745.3770373246932 10.0 3.8127013333141804
1489.6462561153674 745.3608400817814 10.0 3.829497333150357
1489.5484483848238 745.3445624930015 10.0 3.8461662332993
1489.450187085303 745.3282045761449 10.0 3.8629426332190633
1489.3514723291585 745.3117663490987 10.0 3.879610233241692
1489.252304229231 745.295247829845 10.0 3.896280533168465
1489.1526828988488 745.278649036461 10.0 3.9129538333509117
1489.0526084518267 745.2619699871184 10.0 3.9297031331807375
1488.9520810024658 745.2452107000828 10.0 3.9463897333480418
1488.851100665553 745.2283711937135 10.0 3.9630660333205014
1488.7496675563607 745.2114514864636 10.0 3.97976853325963
1488.647781790646 745.1944515968787 10.0 3.996444133343175
1488.5454434846501 745.1773715435975 10.0 4.013112833257765
1488.4426527550988 745.1602113453508 10.0 4.029786133207381
1488.3394097192006 745.1429710209618 10.0 4.046462633181363
1488.2357144946473 745.1256505893452 10.0 4.063137733144686
1488.131567199613 745.1082500695076 10.0 4.0798133332282305
1488.026967952754 745.0907694805463 10.0 4.096487233182415
1487.9219168732075 745.07320884165 10.0 4.113157333340496
1487.816414080592 745.0555681720978 10.0 4.129826433258131
1487.7104596950064 745.0378474912593 10.0 4.14650023332797
1487.6040538370296 745.0200468185943 10.0 4.1631707332562655
1487.4971966277199 745.0021661736525 10.0 4.17984803323634
1487.3898881886141 744.9842055760732 10.0 4.196607933146879
1487.282128641728 744.9661650455854 10.0 4.213281333213672
1487.1739181095545 744.948044602007 10.0 4.229952433146536
1487.0652567150646 744.9298442652452 10.0 4.246620533289388
1486.9561445817055 744.9115640552956 10.0 4.263290433213115
1486.8465818334012 744.8932039922428 10.0 4.2799607331398875
1486.736568594551 744.8747640962595 10.0 4.296737333294004
1486.6261049900297 744.8562443876066 10.0 4.313408333342522
1486.5151911451867 744.837644886633 10.0 4.330077033257112
1486.4038271858453 744.8189656137755 10.0 4.346748533193022
1486.2920132383026 744.8002065895583 10.0 4.363424833165482
1486.179749429329 744.7813678345931 10.0 4.380093333311379
1486.0670358861667 744.7624493695787 10.0 4.396772533189505
1485.9538727365302 744.7434512153011 10.0 4.41344083333388
1485.8402601086057 744.724373392633 10.0 4.430114633170888
1485.7261981310498 744.7052159225339 10.0 4.446784833213314
1485.6116869329896 744.6859788260498 10.0 4.463474833173677
1485.4967266440217 744.666662124313 10.0 4.480144433211535
1485.3813173942121 744.6472658385421 10.0 4.496817833278328
1485.2654593140953 744.6277899900417 10.0 4.513633633265272
1485.1491525346735 744.6082346002022 10.0 4.530311233364046
1485.0323971874168 744.5885996904998 10.0 4.546983233187348
1484.915193404262 744.5688852824962 10.0 4.563658433267847
1484.797541317612 744.5490913978387 10.0 4.58033183333464
1484.6794410603359 744.5292180582594 10.0 4.597005033167079
1484.5608927657674 744.5092652855761 10.0 4.613676133332774
1484.441896567705 744.4892331016913 10.0 4.63034633314237
1484.3224526004115 744.4691215285922 10.0 4.647013233276084
1484.2025609986124 744.4489305883508 10.0 4.6636899332515895
1484.0822218974965 744.4286603031236 10.0 4.6804132333491
1483.9614354327146 744.4083106951517 10.0 4.697085333289579
1483.8402017403791 744.3878817867603 10.0 4.713759933365509
1483.718520957064 744.3673736003586 10.0 4.7304327331949025
1483.5963932198028 744.3467861584401 10.0 4.74710403336212
1483.4738186660895 744.3261194835819 10.0 4.763826833339408
1483.3507974338772 744.305373598445 10.0 4.780495633371174
1483.2273296615774 744.284548525774 10.0 4.797170033212751
1483.10341548806 744.2636442883967 10.0 4.813846733188257
1482.9790550526518 744.2426609092245 10.0 4.830519833369181
1482.854248495137 744.2215984112519 10.0 4.847194833215326
1482.7289959557556 744.2004568175564 10.0 4.863870133180171
1482.6032975752037 744.1792361512987 10.0 4.880587033228949
1482.4771534946315 744.1579364357221 10.0 4.89726273319684
1482.3505638556444 744.1365576941528 10.0 4.913933933246881
1482.2235288003012 744.1150999499993 10.0 4.93060743319802
1482.0960484711138 744.0935632267527 10.0 4.947281033266336
1481.9681230110466 744.0719475479865 10.0 4.96395973325707
1481.839752563516 744.0502529373562 10.0 4.98062843317166
1481.7109372723896 744.0284794185994 10.0 4.9973002332262695
1481.5816772819858 744.006627015536 10.0 5.013997733360156
1481.4519727370728 743.9846957520672 10.0 5.030665933154523
1481.3218237828683 743.9626856521763 10.0 5.047335033304989
1481.1912305650385 743.9405967399281 10.0 5.064010033151135
1481.0601932296981 743.9184290394687 10.0 5.0806800331920385
1480.928711923409 743.8961825750258 10.0 5.097352733369917
1480.7967867931802 743.8738573709082 10.0 5.114377333316952
1480.6644179864663 743.8514534515058 10.0 5.13104833336547
1480.5316056511683 743.8289708412894 10.0 5.1477234333287925
1480.3983499356316 743.8064095648109 10.0 5.164399333298206
1480.2646509886458 743.7837696467028 10.0 5.1810724332463
1480.1305089594446 743.7610511116782 10.0 5.197745233308524
1479.9959239977043 743.7382539845307 10.0 5.214418333256617
1479.8608962535436 743.7153782901345 10.0 5.231093233218417
1479.725425877523 743.6924240534437 10.0 5.247765833279118
1479.589513020644 743.6693912994929 10.0 5.264444533269852
1479.4531578343485 743.6462800533966 10.0 5.281119233230129
1479.3163604705178 743.6230903403492 10.0 5.297833533259109
1479.1791210814729 743.5998221856249 10.0 5.314663333352655
1479.0414398199725 743.5764756145777 10.0 5.331362533150241
1478.9033168392136 743.553050652641 10.0 5.348039233358577
1478.76475229283 743.5295473253276 10.0 5.364709833171219
1478.6257463348923 743.5059656582299 10.0 5.381494333269075
1478.4862991199063 743.4823056770193 10.0 5.398163333302364
1478.3464108028134 743.4585674074463 10.0 5.414836333366111
1478.2060815389889 743.4347508753403 10.0 5.431514733238146
1478.0653114842423 743.4108561066099 10.0 5.448189533315599
1477.9241007948162 743.3868831272421 10.0 5.464859533356503
1477.7824496273854 743.3628319633025 10.0 5.481532533187419
1477.6403581390564 743.3387026409354 10.0 5.498204733245075
1477.4978264873669 743.3144951863633 10.0 5.514874233165756
1477.354854830285 743.2902096258871 10.0 5.531597333261743
1477.2114433262084 743.2658459858858 10.0 5.548438433324918
1477.067592133964 743.2414042928165 10.0 5.565106933237985
1476.9233014128067 743.216884573214 10.0 5.581773733254522
1476.7785713224196 743.1922868536909 10.0 5.598442433169112
1476.6334020229124 743.1676111609378 10.0 5.615115933353081
1476.487793674821 743.1428575217225 10.0 5.63179283333011
1476.3417464391073 743.1180259628903 10.0 5.648463533259928
1476.1952604771577 743.093116511364 10.0 5.665140233235434
1476.0483359507832 743.0681291941434 10.0 5.682177833281457
1475.9009730222183 743.0430640383053 10.0 5.698846033308655
1475.75317185412 743.0179210710036 10.0 5.715517933247611
1475.6049326095676 742.992700319469 10.0 5.73219143319875
1475.4562554520621 742.967401811009 10.0 5.749075833242387
1475.3071405455248 742.9420255730076 10.0 5.766083433292806
1475.1575880542975 742.9165716329252 10.0 5.782754333224148
1475.0075981431412 742.8910400182986 10.0 5.799482733244076
1474.8571709772352 742.8654307567408 10.0 5.816153133288026
1474.7063067221775 742.839743875941 10.0 5.832830033265054
1474.5550055439826 742.8139794036645 10.0 5.849526933161542
1474.403267609082 742.7881373677519 10.0 5.866198133211583
1474.2510930843227 742.7622177961202 10.0 5.882868533255532
1474.0984821369673 742.7362207167619 10.0 5.899535233154893
1473.9454349346925 742.7101461577446 10.0 5.916208633221686
1473.7919516455884 742.6839941472116 10.0 5.9328791331499815
1473.6380324381587 742.6577647133814 10.0 5.949549833312631
1473.4836774813189 742.6314578845478 10.0 5.966218933230266
1473.3288869443963 742.6050736890793 10.0 5.982897733338177
1473.1736609971292 742.5786121554194 10.0 6.00014983327128
1473.0179998096655 742.5520733120863 10.0 6.016821533208713
1472.861903552563 742.5254571876733 10.0 6.033489633351564
1472.705372396788 742.4987638108474 10.0 6.050163533305749
1472.5484065137148 742.4719932103508 10.0 6.066835633246228
1472.3910060751248 742.4451454149994 10.0 6.083505633287132
1472.2331712532061 742.4182204536836 10.0 6.100178933236748
1472.0749022205525 742.3912183553676 10.0 6.116848433157429
1471.916199150163 742.3641391490896 10.0 6.133543333271518
1471.7570622154408 742.3369828639616 10.0 6.150220833253115
1471.5974915901925 742.3097495291692 10.0 6.166889633284882
1471.437487448628 742.2824391739714 10.0 6.183938733302057
1471.277049965359 742.255051827701 10.0 6.2006087333429605
1471.116179315399 742.2275875197636 10.0 6.217462933156639
1470.9548756741617 742.2000462796382 10.0 6.234136033337563
1470.7931392174612 742.1724281368768 10.0 6.250809433171526
1470.6309701215105 742.1447331211043 10.0 6.267485233256593
1470.468368562921 742.1169612620183 10.0 6.284152533160523
1470.305334718702 742.0891125893892 10.0 6.300825433339924
1470.14186876626 742.0611871330597 10.0 6.317495433147997
1469.9779708833973 742.0331849229449 10.0 6.334166533313692
1469.813641248312 742.0051059890325 10.0 6.350840633269399
1469.6488800395969 741.9769503613819 10.0 6.367511933203787
1469.4836874362386 741.9487180701249 10.0 6.384178933221847
1469.3180636176173 741.9204091454648 10.0 6.400862333364785
1469.1520087635056 741.8920236176768 10.0 6.417530133156106
1468.985523054068 741.863561517108 10.0 6.434290633304045
1468.8186066698595 741.8350228741766 10.0 6.450966633157805
1468.6512597918259 741.8064077193725 10.0 6.467638133326545
1468.4834826013023 741.7777160832565 10.0 6.4843134332913905
1468.3152752800127 741.7489479964607 10.0 6.50098863337189
1468.146638010069 741.7201034896883 10.0 6.517657933291048
1467.9775709739704 741.6911825937132 10.0 6.5343302332330495
1467.8080743546025 741.6621853393799 10.0 6.550997733371332
1467.6381483352368 741.6331117576037 10.0 6.567671133205295
1467.46779309953 741.6039618793704 10.0 6.584345633164048
1467.2970088315221 741.574735735736 10.0 6.601013333303854
1467.1257957156377 741.5454333578267 10.0 6.617682233219966
1466.9541539366835 741.5160547768388 10.0 6.634357133181766
1466.7820836798483 741.4866000240387 10.0 6.651028133230284
1466.6095851307018 741.4570691307623 10.0 6.667799833230674
1466.4366584751945 741.4274621284154 10.0 6.68450383329764
1466.2633038996562 741.3977790484734 10.0 6.7011708333157
1466.0895215907958 741.3680199224809 10.0 6.717839133227244
1465.9153117357005 741.338184782052 10.0 6.734512133290991
1465.7406745218343 741.3082736588699 10.0 6.751183933345601
1465.5656101370382 741.2782865846867 10.0 6.767857933184132
1465.3901187695287 741.2482235913235 10.0 6.784534733276814
1465.2142006078977 741.2180847106702 10.0 6.8012078332249075
1465.037855841111 741.1878699746851 10.0 6.8178772332612425
1464.861084658508 741.1575794153954 10.0 6.834552033338696
1464.6838872498008 741.1272130648963 10.0 6.851219633361325
1464.5062638050738 741.0967709553513 10.0 6.867889633169398
1464.3282145147818 741.0662531189921 10.0 6.8845677331555635
1464.1497395697506 741.0356595881183 10.0 6.901242033345625
1463.9708391611753 741.0049903950973 10.0 6.917913933284581
1463.7915134806196 740.9742455723641 10.0 6.934588133357465
1463.6117627200158 740.9434251524216 10.0 6.952183433342725
1463.431587071663 740.9125291678398 10.0 6.968854733277112
1463.250986728227 740.8815576512561 10.0 6.985527033219114
1463.0699618827393 740.850510635375 10.0 7.002203733194619
1462.8885127285962 740.8193881529681 10.0 7.018873733235523
1462.706639459558 740.7881902368739 10.0 7.035549233201891
1462.5243422697483 740.7569169199976 10.0 7.052224033279344
1462.3416213536536 740.7255682353109 10.0 7.068898133235052
1462.158476906122 740.6941442158522 10.0 7.085578233236447
1461.9749091223623 740.6626448947262 10.0 7.1022529331967235
1461.7909181979437 740.6310703051037 10.0 7.1189238333608955
1461.606504328795 740.5994204802215 10.0 7.135597633197904
1461.4216677112029 740.5676954533826 10.0 7.152272533159703
1461.2364085418126 740.5358952579556 10.0 7.169007033342496
1461.050727017626 740.5040199273749 10.0 7.185683533316478
1460.8646233360012 740.4720694951402 10.0 7.202353933360428
1460.6780976946518 740.4400439948168 10.0 7.219023533165455
1460.491150291646 740.4079434600353 10.0 7.235699133249
1460.3037813254055 740.3757679244911 10.0 7.25237063318491
1460.1159909947057 740.343517421945 10.0 7.2690406332258135
1459.9277794986738 740.3111919862222 10.0 7.2857160333078355
1459.7391470367882 740.2787916512129 10.0 7.302522433223203
1459.5500938088783 740.2463164508719 10.0 7.31919403327629
1459.3606200151232 740.213766419218 10.0 7.335863333195448
1459.1707258560511 740.181141590335 10.0 7.352538233157247
1458.9804115325383 740.1484419983701 10.0 7.369205633178353
1458.7896772458084 740.1156676775352 10.0 7.385879633249715
1458.5985231974319 740.0828186621054 10.0 7.402551133185625
1458.406949589325 740.0498949864201 10.0 7.41922673326917
1458.2149566237488 740.0168966848819 10.0 7.435901433229446
1458.0225445033086 739.9838237919571 10.0 7.452575733186677
1457.8297134309532 739.9506763421753 10.0 7.469273033319041
1457.636463609974 739.917454370129 10.0 7.486775433178991
1457.4427952440042 739.8841579104741 10.0 7.503451033262536
1457.2487085370176 739.8507869979292 10.0 7.5201941332779825
1457.0542036933286 739.8173416672756 10.0 7.536869233241305
1456.8592809175907 739.7838219533576 10.0 7.553541833302006
1456.6639404147961 739.7502278910814 10.0 7.570320633240044
1456.4681823902745 739.716559515416 10.0 7.5869875331409276
1456.2720070496923 739.6828168613923 10.0 7.6036589331924915
1456.0754145990527 739.6489999641035 10.0 7.620328933233395
1455.8784052446936 739.6151088587045 10.0 7.636998633155599
1455.6809791932874 739.5811435804121 10.0 7.653688933234662
1455.4831366518404 739.5471041645047 10.0 7.670361633179709
1455.2848778276914 739.5129906463222 10.0 7.687035633251071
1455.0862029285115 739.4788030612659 10.0 7.703898533247411
1454.887112162303 739.4445414447982 10.0 7.720570133300498
1454.6876057373986 739.4102058324427 10.0 7.737390433205292
1454.48768386246 739.3757962597837 10.0 7.754059433238581
1454.2873467464783 739.3413127624665 10.0 7.77075263322331
1454.086594598772 739.3067553761969 10.0 7.78741993336007
1453.8854276289874 739.2721241367414 10.0 7.804088733159006
1453.6838460470963 739.2374190799266 10.0 7.82076013321057
1453.4818500633965 739.2026402416394 10.0 7.837434133281931
1453.27943988851 739.167787657827 10.0 7.854108033236116
1453.076615733383 739.1328613644963 10.0 7.870776733150706
1452.8733778092844 739.0978613977139 10.0 7.887448333203793
1452.6697263278054 739.0627877936063 10.0 7.9047339332755655
1452.4656615008585 739.0276405883593 10.0 7.921407433226705
1452.2611835406765 738.9924198182182 10.0 7.938086033333093
1452.0562926598122 738.9571255194874 10.0 7.954782133223489
1451.8509890711373 738.9217577285303 10.0 7.971452233148739
1451.645272987841 738.8863164817695 10.0 7.9881260332185775
1451.4391446234304 738.8508018156862 10.0 8.00480593321845
1451.2326041917283 738.8152137668202 10.0 8.021505433367565
1451.0256519068737 738.7795523717699 10.0 8.038219633279368
1450.8182879833196 738.743817667192 10.0 8.054893933236599
1450.6105126358334 738.7080096898015 10.0 8.07169123319909
1450.4023260794954 738.6721284763713 10.0 8.088359733344987
1450.193728529698 738.6361740637323 10.0 8.105453333351761
1449.9847202021454 738.6001464887731 10.0 8.122121433261782
1449.7753013128518 738.5640457884402 10.0 8.13881833315827
1449.5654720781413 738.5278719997373 10.0 8.155485933180898
1449.3552327146472 738.4916251597255 10.0 8.1721588333603
1449.1445834393105 738.4553053055231 10.0 8.18961393320933
1448.9335244693798 738.4189124743057 10.0 8.206286233151332
1448.7220560224096 738.3824467033054 10.0 8.223048233194277
1448.51017831626 738.3459080298113 10.0 8.239723333157599
1448.2978915690962 738.309296491169 10.0 8.256393033312634
1448.0851959993872 738.2726121247807 10.0 8.273063333239406
1447.8720918259048 738.2358549681048 10.0 8.289733133278787
1447.6585792677233 738.199025058656 10.0 8.307723333360627
1447.444658544218 738.162122434005 10.0 8.32514063315466
1447.230329875065 738.1251471317784 10.0 8.341817133361474
1447.01559348024 738.0880991896584 10.0 8.358485833276063
1446.8004495800178 738.0509786453828 10.0 8.375165133271366
1446.5848983949709 738.0137855367451 10.0 8.39252163330093
1446.3689401459692 737.976519901594 10.0 8.409195433370769
1446.1525750541787 737.9391817778331 10.0 8.426402233308181
1445.935803341061 737.9017712034214 10.0 8.44307433324866
1445.7186252283727 737.8642882163725 10.0 8.459780233213678
1445.5010409381637 737.8267328547548 10.0 8.476451233262196
1445.2830506927771 737.7891051566913 10.0 8.49312883336097
1445.064654714848 737.7514051603594 10.0 8.510315633146092
1444.8458532273032 737.7136329039907 10.0 8.526984933298081
1444.6266464533596 737.6757884258711 10.0 8.543652033200487
1444.4070346165238 737.6378717643404 10.0 8.560322033241391
1444.1870179405912 737.5998829577921 10.0 8.576999633340165
1443.966596649645 737.5618220446737 10.0 8.593671233160421
1443.7457709680557 737.5236890634859 10.0 8.610344233224168
1443.5245411204799 737.485484052783 10.0 8.627018033294007
1443.3029073318594 737.4472070511725 10.0 8.643694933271036
1443.080869827421 737.408858097315 10.0 8.660367033211514
1442.8584288326751 737.370437229924 10.0 8.677039033267647
1442.6355845734145 737.331944487766 10.0 8.693708933191374
1442.4123372757144 737.29337990966 10.0 8.710376133210957
1442.1886871659312 737.2547435344774 10.0 8.727071033325046
1441.9646344707014 737.2160354011422 10.0 8.743754433235154
1441.7401794169411 737.1772555486306 10.0 8.760428333189338
1441.5153222318452 737.1384040159705 10.0 8.777183833299205
1441.290063142886 737.0994808422423 10.0 8.793851933209226
1441.0644023778134 737.0604860665777 10.0 8.810530033195391
1440.8383401646524 737.0214197281601 10.0 8.827197233214974
1440.6118767317041 736.9822818662246 10.0 8.843873533187434
1440.3850123075435 736.9430725200575 10.0 8.860549733275548
1440.1577471210196 736.9037917289962 10.0 8.877304133260623
1439.9300814012536 736.8644395324293 10.0 8.893971833167598
1439.7020153776389 736.8250159697961 10.0 8.910647433251143
1439.4735492798397 736.7855210805868 10.0 8.927320833317935
1439.2446833377905 736.7459549043419 10.0 8.9440082332585
1439.015417781695 736.7063174806527 10.0 8.960696033202112
1438.7857528420254 736.6666088491606 10.0 8.97736873314716
1438.5556887495216 736.6268290495572 10.0 8.994035833282396
1438.3252257351899 736.5869781215838 10.0 9.010710833361372
1438.094364030303 736.5470561050321 10.0 9.027385333320126
1437.8631038663984 736.507063039743 10.0 9.044061433291063
1437.6314454752778 736.4669989656072 10.0 9.06073583336547
1437.3993890890063 736.4268639225647 10.0 9.077413733350113
1437.1669349399115 736.3866579506048 10.0 9.094087533187121
1436.9340832605826 736.3463810897657 10.0 9.110799733316526
1436.7008342838697 736.3060333801349 10.0 9.127470633247867
1436.467188242883 736.2656148618483 10.0 9.144144233316183
1436.2331453709912 736.2251255750909 10.0 9.161005033180118
1435.9987059018222 736.184565560096 10.0 9.177675733342767
1435.7638700692603 736.1439348571449 10.0 9.194358733249828
1435.528638107447 736.1032335065676 10.0 9.211030933307484
1435.2930102507796 736.0624615487418 10.0 9.22770563326776
1435.0569867339098 736.0216190240934 10.0 9.244382333243266
1434.8205677917433 735.980705973096 10.0 9.261053933296353
1434.5837536594393 735.9397224362705 10.0 9.277729533147067
1434.346544572409 735.8986684541856 10.0 9.294397933175787
1434.108940766315 735.8575440674571 10.0 9.311082833213732
1433.8709424770711 735.8163493167481 10.0 9.327757333172485
1433.6325499408404 735.7750842427686 10.0 9.344434533268213
1433.3937633940345 735.7337488862755 10.0 9.361102133290842
1433.1545830733137 735.6923432880725 10.0 9.37777143321
1432.915009215585 735.6508674890096 10.0 9.394438933348283
1432.6750420580022 735.6093215299834 10.0 9.411109733162448
1432.434681837964 735.5677054519367 10.0 9.42777893319726
1432.193928793114 735.5260192958585 10.0 9.44444593321532
1431.95278316134 735.4842631027836 10.0 9.461119833169505
1431.711245180772 735.4424369137928 10.0 9.477789933327585
1431.4693150897826 735.4005407700124 10.0 9.494462533155456
1431.2269931269855 735.3585747126142 10.0 9.511134933214635
1430.9842795312343 735.3165387828154 10.0 9.527804433368146
1430.741174541623 735.2744330218785 10.0 9.5444786332082
1430.4976783974835 735.232257471111 10.0 9.561150533147156
1430.2537913383858 735.1900121718652 10.0 9.577824233332649
1430.0095136041368 735.1476971655383 10.0 9.594492433359846
1429.7648454347795 735.105312493572 10.0 9.611164233181626
1429.5197870705924 735.0628581974527 10.0 9.62783733336255
1429.2743387520882 735.0203343187108 10.0 9.64450403326191
1429.028500720013 734.9777408989208 10.0 9.661176633322611
1428.7822732153456 734.9350779797018 10.0 9.677845033351332
1428.5356564792971 734.892345602716 10.0 9.694517033174634
1428.2886507533092 734.8495438096697 10.0 9.711193333147094
1428.0412562790539 734.8066726423128 10.0 9.727862233296037
1427.7934732984322 734.7637321424386 10.0 9.744578533340245
1427.545302053574 734.7207223518834 10.0 9.7612527331803
1427.2967427868364 734.6776433125269 10.0 9.777929533272982
1427.0477957408034 734.6344950662917 10.0 9.79552993318066
1426.7984611582851 734.5912776551431 10.0 9.812204133253545
1426.548739282316 734.5479911210891 10.0 9.828872333280742
1426.2986303561556 734.5046355061803 10.0 9.845541833201423
1426.0481346232862 734.4612108525096 10.0 9.862210733350366
1425.7972523274125 734.4177172022119 10.0 9.87888773321174
1425.5459837124613 734.3741545974644 10.0 9.895563133293763
1425.2943290225799 734.3305230804864 10.0 9.91223103320226
1425.0422885021353 734.2868226935385 10.0 9.928911433322355
1424.789862395714 734.2430534789232 10.0 9.945579833351076
1424.5370509481204 734.1992154789843 10.0 9.962253633188084
1424.2838544043766 734.1553087361071 10.0 9.978920533321798
1424.030273009721 734.111333292718 10.0 9.99559113336727
1423.7763070096078 734.0672891912841 10.0 10.012306733289734
1423.521956649706 734.0231764743138 10.0 10.02898143325001
1423.2672221758985 733.978995184356 10.0 10.045650833286345
1423.0121038342813 733.9347453640002 10.0 10.063084733206779
1422.7566018711627 733.8904270558761 10.0 10.079751933226362
1422.5007165330626 733.846040302654 10.0 10.096423133276403
1422.2444480667114 733.8015851470443 10.0 10.11323293321766
1421.9877967190491 733.757061631797 10.0 10.129907333292067
1421.7307627372247 733.7124697997021 10.0 10.146652733208612
1421.4733463685955 733.6678096935894 10.0 10.163329333299771
1421.2155478607253 733.623081356328 10.0 10.180005833273754
1420.957367461385 733.5782848308265 10.0 10.196839333279058
1420.6988054185506 733.5334201600326 10.0 10.213511333335191
1420.4398619804026 733.4884873869331 10.0 10.230187433306128
1420.1805373953257 733.4434865545538 10.0 10.246864033164456
1419.9208319119075 733.3984177059591 10.0 10.263531833188608
1419.6607457789373 733.3532808842522 10.0 10.28020243323408
1419.4002792454062 733.3080761325745 10.0 10.29687143326737
1419.1394325605052 733.2628034941058 10.0 10.31354153319262
1418.8782059736252 733.2174630120643 10.0 10.3302116333507
1418.6165997343558 733.172054729706 10.0 10.346887133317068
1418.3546140924843 733.1265786903248 10.0 10.363561633275822
1418.0922492979955 733.0810349372522 10.0 10.380233533214778
1417.8295056010697 733.0354235138574 10.0 10.396907933289185
1417.5663832520831 732.9897444635469 10.0 10.41375073324889
1417.302882501606 732.9439978297647 10.0 10.430667233187705
1417.0390036004028 732.8981836559916 10.0 10.447339633246884
1416.7747467994304 732.8523019857456 10.0 10.464014133205637
1416.5101123498378 732.8063528625814 10.0 10.480681433342397
1416.2451005029648 732.7603363300905 10.0 10.497355833183974
1415.9797115103418 732.7142524319006 10.0 10.5140263333451
1415.7139456236887 732.6681012116761 10.0 10.530693733366206
1415.447803094914 732.6218827131174 10.0 10.547361633274704
1415.1812841761136 732.5755969799612 10.0 10.564121533185244
1414.9143891195708 732.5292440559799 10.0 10.580790533218533
1414.6471181777547 732.4828239849817 10.0 10.597814433276653
1414.3794716033196 732.4363368108105 10.0 10.614491233369336
1414.1114496491045 732.3897825773457 10.0 10.631164433201775
1413.8430525681315 732.343161328502 10.0 10.64783833315596
1413.5742806136057 732.2964731082291 10.0 10.66451123333536
1413.305134038914 732.2497179605119 10.0 10.681244633160532
1413.0356130976245 732.2028959293702 10.0 10.697919533355162
1412.7657180434853 732.1560070588584 10.0 10.714593233307824
1412.4954491304238 732.1090513930657 10.0 10.7313802333083
1412.2248066125462 732.0620289761152 10.0 10.748047333210707
1411.9537907441363 732.0149398521651 10.0 10.764715033350512
1411.6824017796546 731.9677840654069 10.0 10.781381733249873
1411.4106399737377 731.9205616600668 10.0 10.798055333318189
1411.1385055811975 731.8732726804043 10.0 10.814730133162811
1410.8659988570198 731.8259171707128 10.0 10.831397833302617
1410.5931200563646 731.7784951753193 10.0 10.848484533140436
1410.319869434564 731.7310067385841 10.0 10.86515903333202
1410.0462472471222 731.6834519049008 10.0 10.881904633250087
1409.7722537497143 731.6358307186961 10.0 10.899302033241838
1409.4978891981857 731.5881432244294 10.0 10.915975433308631
1409.223153848551 731.5403894665932 10.0 10.932729833293706
1408.9480479569932 731.4925694897127 10.0 10.949403633363545
1408.6725717798631 731.4446833383452 10.0 10.96607723319903
1408.3967255736786 731.3967310570807 10.0 10.98274563322775
1408.1205095951234 731.3487126905414 10.0 10.999415233265609
1407.843924101046 731.3006282833815 10.0 11.016093433368951
1407.56696934846 731.2524778802868 10.0 11.032762233167887
1407.2896455945418 731.2042615259754 10.0 11.049633833346888
1407.0119530966308 731.1559792651966 10.0 11.066308233188465
1406.7338921122284 731.1076311427314 10.0 11.082975833211094
1406.4554628989968 731.059217203392 10.0 11.09964603325352
1406.1766657147584 731.0107374920219 10.0 11.116317433305085
1405.8975008174953 730.9621920534954 10.0 11.13301973324269
1405.6179684653475 730.913580932718 10.0 11.149690733291209
1405.3380689166136 730.8649041746256 10.0 11.16635823319666
1405.0578024297483 730.8161618241849 10.0 11.183029533363879
1404.7771692633628 730.7673539263928 10.0 11.199696733150631
1404.4961696762232 730.718480526277 10.0 11.216382133308798
1404.2148039272504 730.6695416688946 10.0 11.233055133139715
1403.9330722755187 730.6205373993333 10.0 11.249731933232397
1403.6509749802553 730.5714677627105 10.0 11.266400933265686
1403.3685123008393 730.5223328041732 10.0 11.283087733201683
1403.0856844968007 730.4731325688979 10.0 11.299764433177188
1402.8024918278202 730.4238671020906 10.0 11.316433133324608
1402.5189345537274 730.3745364489868 10.0 11.333470633253455
1402.2350129345011 730.3251406548507 10.0 11.350147133227438
1401.9507272302678 730.2756797649757 10.0 11.366816233145073
1401.666077701301 730.226153824684 10.0 11.383577133296058
1401.3810646080203 730.1765628793265 10.0 11.40024883323349
1401.095688210991 730.1269069742825 10.0 11.416915533365682
1400.8099487709226 730.0771861549599 10.0 11.433585533173755
1400.5238465486682 730.0274004667946 10.0 11.450253033312038
1400.2373818052245 729.9775499552508 10.0 11.466925233369693
1399.9505548017296 729.9276346658205 10.0 11.483596933307126
1399.6633657994635 729.8776546440237 10.0 11.500271533150226
1399.3758150598462 729.8276099354077 10.0 11.516940233297646
1399.0879028444378 729.7775005855477 10.0 11.533774633193389
1398.7996294149368 729.727326640046 10.0 11.550728933187202
1398.51099503318 729.6770881445324 10.0 11.56791473319754
1398.2219999611416 729.6267851446634 10.0 11.584587533259764
1397.932644460932 729.5764176861227 10.0 11.601258233189583
1397.6429287947967 729.5259858146208 10.0 11.617938333190978
1397.352853225117 729.4754895758947 10.0 11.634615233168006
1397.0624180144077 729.424929015708 10.0 11.65129003324546
1396.7716234253169 729.3743041798506 10.0 11.667959933169186
1396.4804697206246 729.3236151141385 10.0 11.684772433247417
1396.1889571632428 729.272861864414 10.0 11.701448433334008
1395.8970860162142 729.2220444765453 10.0 11.718115533236414
1395.6048565427113 729.1711629964261 10.0 11.734782433370128
1395.3122690060359 729.120217469976 10.0 11.751466233283281
1395.019323669618 729.0692079431399 10.0 11.768134433310479
1394.726020797015 729.0181344618882 10.0 11.784804333234206
1394.4323606519117 728.9669970722164 10.0 11.801476233173162
1394.1383434981178 728.9157958201451 10.0 11.818151333369315
1393.843969599569 728.8645307517199 10.0 11.834819233277813
1393.5492392203246 728.813201913011 10.0 11.851492433343083
1393.254152624568 728.7618093501131 10.0 11.86816343315877
1392.958710076605 728.7103531091459 10.0 11.884867833228782
1392.6629118408634 728.6588332362529 10.0 11.901542033301666
1392.366758181892 728.6072497776021 10.0 11.918218733277172
1392.0702493643598 728.5556027793854 10.0 11.935247133253142
1391.7733856530558 728.5038922878186 10.0 11.95191503316164
1391.4761673128874 728.4521183491414 10.0 11.96859133336693
1391.1785946088796 728.4002810096171 10.0 11.985266133211553
1390.880667806175 728.3483803155323 10.0 12.00194113329053
1390.5823871700325 728.2964163131971 10.0 12.01860923320055
1390.2837529658261 728.244389048945 10.0 12.035284333163872
1389.984765459045 728.192298569132 10.0 12.052037733141333
1389.6854249152923 728.1401449201376 10.0 12.068713133223355
1389.3857316002839 728.0879281483635 10.0 12.08538143336773
1389.0856857798483 728.0356483002346 10.0 12.102049633162096
1388.7852877199255 727.9833054221978 10.0 12.118838033173233
1388.4845376865665 727.9308995607227 10.0 12.135517933173105
1388.183435945932 727.8784307623008 10.0 12.152186133200303
1387.8819827642917 727.825899073446 10.0 12.16885743336752
1387.5801784080245 727.7733045406937 10.0 12.185536133358255
1387.278023143616 727.7206472106016 10.0 12.202205333160236
1386.9755172376595 727.6679271297485 10.0 12.218879433348775
1386.6726609568534 727.6151443447351 10.0 12.235591533361003
1386.369454568002 727.5622989021832 10.0 12.252267133211717
1386.0658983380142 727.509390848736 10.0 12.268934733234346
1385.7619925339022 727.4564202310576 10.0 12.285614133346826
1385.4577374227813 727.4033870958331 10.0 12.30228353315033
1385.1531332718687 727.3502914897684 10.0 12.31895083328709
1384.848180348483 727.2971334595902 10.0 12.335629833163694
1384.542878920044 727.2439130520455 10.0 12.35230513336137
1384.2372292540704 727.1906303139018 10.0 12.368976733181626
1383.9312316181804 727.1372852919467 10.0 12.385647333227098
1383.6248862800903 727.083878032988 10.0 12.402475933311507
1383.3181935076138 727.0304085838534 10.0 12.419145233230665
1383.0111535686615 726.9768769913904 10.0 12.435819633305073
1382.7037667312395 726.9232833024664 10.0 12.452504933346063
1382.3960332634495 726.869627563968 10.0 12.46917343325913
1382.0879534334872 726.8159098228014 10.0 12.485847433330491
1381.779527509642 726.7621301258919 10.0 12.502516633365303
1381.4707557602965 726.708288520184 10.0 12.519190333317965
1381.1616384539245 726.6543850526415 10.0 12.535858133342117
1380.8521758590916 726.6004197702464 10.0 12.552527133142576
1380.5423682444539 726.54639272 10.0 12.56919963331893
1380.232215878757 726.4923039489216 10.0 12.585869633359835
1379.9217190308357 726.4381535040495 10.0 12.602540333289653
1379.6108779696126 726.38394143244 10.0 12.61932983319275
1379.2996929640983 726.3296677811675 10.0 12.63600193336606
1378.9881642833896 726.2753325973243 10.0 12.652705933200195
1378.6762921966692 726.220935928021 10.0 12.669381633168086
1378.3640769732053 726.1664778203857 10.0 12.68604883318767
1378.0515188823501 726.111958321564 10.0 12.702739333268255
1377.7386181935397 726.057377478719 10.0 12.719424433307722
1377.4253751762924 726.0027353390312 10.0 12.736929533304647
1377.1117901002094 725.9480319496984 10.0 12.753604533150792
1376.7978632349727 725.8932673579352 10.0 12.770279833348468
1376.4835948503453 725.8384416109733 10.0 12.78708553314209
1376.1689852161694 725.783554756061 10.0 12.803754533175379
1375.8540346023665 725.7286068404635 10.0 12.820431033149362
1375.5387432789366 725.6735979114623 10.0 12.837291033240035
1375.223111515957 725.6185280163552 10.0 12.853965333197266
1374.907139583582 725.5633972024565 10.0 12.870766133302823
1374.5908277520416 725.5082055170965 10.0 12.887626533163711
1374.2741762916412 725.4529530076213 10.0 12.90430763317272
1373.9571854727608 725.3976397213931 10.0 12.921762833371758
1373.639855565854 725.3422657057896 10.0 12.93843543319963
1373.322186841448 725.286831008204 10.0 12.955109133152291
1373.0041795701413 725.2313356760451 10.0 12.971778833307326
1372.6858340226047 725.1757797567368 10.0 12.988454333273694
1372.3671504695792 725.1201632977184 10.0 13.005125433206558
1372.0481291818764 725.064486346444 10.0 13.021795033244416
1371.7287704303767 725.0087489503827 10.0 13.038558833301067
1371.4090744860293 724.9529511570182 10.0 13.055685033323243
1371.0890416198513 724.897093013849 10.0 13.072356533259153
1370.7686721029263 724.841174568388 10.0 13.089222133159637
1370.447966206405 724.7851958681625 10.0 13.105990533251315
1370.126924201503 724.7291569607139 10.0 13.12270693317987
1369.805546359501 724.6730578935977 10.0 13.139378033345565
1369.4838329517436 724.6168987143834 10.0 13.159533633152023
1369.161784249639 724.5606794706543 10.0 13.176318533252925
1368.8394005246578 724.5044002100075 10.0 13.193820833228528
1368.5166820483328 724.4480609800532 10.0 13.210498133208603
1368.1936290922577 724.3916618284156 10.0 13.227173433173448
1367.8702419280864 724.3352028027319 10.0 13.243868033168837
1367.546520827533 724.2786839506524 10.0 13.260544633259997
1367.22246606237 724.2221053198405 10.0 13.277219633338973
1366.8980779044282 724.1654669579724 10.0 13.293888633139431
1366.5733566255963 724.1087689127372 10.0 13.310587133280933
1366.2483024978194 724.0520112318364 10.0 13.32728573330678
1365.9229157930986 723.9951939629843 10.0 13.343952533323318
1365.5971967834903 723.9383171539073 10.0 13.360626033274457
1365.2711457411056 723.881380852344 10.0 13.37736783316359
1364.9447629381093 723.8243851060454 10.0 13.394037733320147
1364.6180486467194 723.767329962774 10.0 13.410708433249965
1364.2910031392064 723.7102154703048 10.0 13.427504333201796
1363.963626687892 723.6530416764236 10.0 13.444180933292955
1363.6359195651494 723.5958086289287 10.0 13.46085793315433
1363.3078820434018 723.5385163756291 10.0 13.47752803331241
1362.979514395122 723.4811649643456 10.0 13.494195933220908
1362.650816892831 723.4237544429099 10.0 13.510880533140153
1362.3217898090988 723.3662848591649 10.0 13.527555433334783
1361.992433416542 723.3087562609644 10.0 13.544354033190757
1361.6627479878243 723.251168696173 10.0 13.56102323322557
1361.332733795655 723.1935222126657 10.0 13.580317933345214
1361.002391112789 723.1358168583284 10.0 13.59698533336632
1360.671720212025 723.0780526810573 10.0 13.613664033357054
1360.3407213662065 723.0202297287589 10.0 13.63033143314533
1360.009394848219 722.9623480493495 10.0 13.647006233222783
1359.677740930991 722.9044076907561 10.0 13.66367923328653
1359.3457598874922 722.8464087009149 10.0 13.680351833347231
1359.013451990734 722.7883511277722 10.0 13.697020033141598
1358.6808175137674 722.730235019284 10.0 13.71369543322362
1358.347856729683 722.6720604234156 10.0 13.730370233301073
1358.0145699116104 722.6138273881417 10.0 13.747039233334363
1357.680957332717 722.5555359614464 10.0 13.763715633191168
1357.3470192662082 722.4971861913228 10.0 13.780396433314309
1357.0127559853256 722.4387781257731 10.0 13.797067533247173
1356.6781677633471 722.3803118128083 10.0 13.813744333339855
1356.3432548735857 722.321787300448 10.0 13.830516533227637
1356.008017589389 722.2632046367207 10.0 13.847639033338055
1355.6724561841388 722.2045638696633 10.0 13.864307233365253
1355.33657093125 722.1458650473209 10.0 13.88097573327832
1355.0003621041697 722.0871082177468 10.0 13.897642533294857
1354.6638299763774 722.0282934290029 10.0 13.914312333334237
1354.3269748213834 721.9694207291586 10.0 13.93098743329756
1353.9897969127283 721.9104901662912 10.0 13.94766513328068
1353.6522965239828 721.851501788486 10.0 13.96433833334595
1353.3144739287466 721.7924556438355 10.0 13.981282233260572
1352.9763294006477 721.7333517804402 10.0 13.998112933244556
1352.6378632133417 721.6741902464075 10.0 14.01497713336721
1352.2990756405113 721.6149710898524 10.0 14.031645733164623
1351.9599669558654 721.5556943588965 10.0 14.048313833307475
1351.620537433139 721.4963601016691 10.0 14.064986733254045
1351.280787346091 721.4369683663057 10.0 14.081662933342159
1350.940716968506 721.3775192009489 10.0 14.0983338332735
1350.600326574191 721.3180126537478 10.0 14.115004133200273
1350.2596164369766 721.2584487728581 10.0 14.131675633369014
1349.918586830715 721.1988276064416 10.0 14.148347733309492
1349.5772380292804 721.1391492026667 10.0 14.165020633256063
1349.2355703065678 721.0794136097076 10.0 14.181691533187404
1348.8935839364924 721.0196208757446 10.0 14.198472533142194
1348.5512791929887 720.9597710489642 10.0 14.21558073326014
1348.2086563500102 720.899864177558 10.0 14.23225113330409
1347.8657156815289 720.8399003097238 10.0 14.249284133315086
1347.5224574615336 720.7798794936647 10.0 14.265953933354467
1347.1788819640303 720.719801777589 10.0 14.282624133164063
1346.8349894630414 720.6596672097107 10.0 14.299422333249822
1346.4907802326043 720.5994758382485 10.0 14.316089233150706
1346.1462545467714 720.5392277114264 10.0 14.332761033205315
1345.8014126796095 720.4789228774731 10.0 14.349431433249265
1345.4562549051984 720.4185613846222 10.0 14.366099333157763
1345.1107814976313 720.358143281112 10.0 14.383447733242065
1344.764992731013 720.2976686151852 10.0 14.400115033145994
1344.4188888794604 720.237137435089 10.0 14.416790433228016
1344.0724702171005 720.176549789075 10.0 14.43346943333745
1343.725737018071 720.1159057253988 10.0 14.450143533293158
1343.378689556519 720.05520529232 10.0 14.466819533146918
1343.0313281066003 719.9944485381023 10.0 14.483489733189344
1342.6836529424793 719.9336355110133 10.0 14.500164933269843
1342.3356643383274 719.8727662593241 10.0 14.51683653332293
1341.9873625683233 719.8118408313093 10.0 14.533508833264932
1341.6387479066518 719.7508592752472 10.0 14.55018183332868
1341.2898206275033 719.6898216394194 10.0 14.56712493323721
1340.9405810050732 719.6287279721106 10.0 14.583798033185303
1340.591029313561 719.5675783216086 10.0 14.600467533338815
1340.24116582717 719.5063727362044 10.0 14.617137533146888
1339.8909908201067 719.4451112641916 10.0 14.633810233324766
1339.5405045665793 719.3837939538668 10.0 14.650479133240879
1339.1897073407983 719.3224208535288 10.0 14.667155333328992
1338.838599416975 719.2609920114795 10.0 14.683825933141634
1338.4871810693212 719.1995074760227 10.0 14.70056033320725
1338.1354525720483 719.1379672954649 10.0 14.717237033182755
1337.783414199367 719.0763715181143 10.0 14.733913633273914
1337.4310662254863 719.0147201922816 10.0 14.75059173326008
1337.0784089246133 718.9530133662792 10.0 14.76726323319599
1336.7254425709523 718.8912510884212 10.0 14.783935133367777
1336.3721674387039 718.8294334070235 10.0 14.80074363318272
1336.018583802065 718.7675603704039 10.0 14.81741933315061
1335.6646919352274 718.7056320268811 10.0 14.834095533238724
1335.310492112378 718.6436484247755 10.0 14.850766533287242
1334.9559846076972 718.5816096124088 10.0 14.867604633327574
1334.6011696953597 718.5195156381035 10.0 14.88433143333532
1334.246047649532 718.4573665501833 10.0 14.901007633190602
1333.8906187443733 718.395162396973 10.0 14.917684733169153
1333.5348832540344 718.3329032267977 10.0 14.934356033336371
1333.1788414526566 718.2705890879836 10.0 14.951024633366615
1332.8224936143715 718.2082200288571 10.0 14.967698333319277
1332.4658400133007 718.1457960977453 10.0 14.98436523322016
1332.1088809235548 718.0833173429755 10.0 15.001044433331117
1331.7516166192327 718.0207838128753 10.0 15.017717933282256
1331.3940473744208 717.958195555772 10.0 15.03439043322578
1331.036173463193 717.8955526199935 10.0 15.05106703331694
1330.67799515961 717.8328550538672 10.0 15.067738433368504
1330.3195127377178 717.7701029057204 10.0 15.084537433227524
1329.9607264715482 717.7072962238798 10.0 15.10125323315151
1329.6016366351175 717.6444350566718 10.0 15.117954433197156
1329.2422435024262 717.5815194524223 10.0 15.134624733356759
1328.882547347458 717.5185494594563 10.0 15.151293533155695
1328.5225484441798 717.4555251260981 10.0 15.16799133317545
1328.1622470665407 717.3924465006712 10.0 15.184662133222446
1327.8016434884712 717.3293136314979 10.0 15.20136983320117
1327.4407379838833 717.2661265668995 10.0 15.218045333167538
1327.079530826669 717.2028853551958 10.0 15.234712433302775
1326.7180222907007 717.1395900447055 10.0 15.251384533243254
1326.356212649829 717.0762406837457 10.0 15.268059933325276
1325.9941021778843 717.012837320632 10.0 15.285056233173236
1325.6316911486742 716.9493800036781 10.0 15.301948433276266
1325.2689798359843 716.8858687811962 10.0 15.318625033367425
1324.9059685135765 716.8223037014965 10.0 15.335526033304632
1324.542657455189 716.7586848128869 10.0 15.35219983314164
1324.1790469345362 716.6950121636736 10.0 15.36887613334693
1323.815137225307 716.6312858021603 10.0 15.385544733144343
1323.4509286011646 716.5675057766483 10.0 15.402218133211136
1323.0864213357468 716.5036721354365 10.0 15.418972233310342
1322.721615702664 716.4397849268215 10.0 15.435642533237115
1322.3565119754992 716.3758441990968 10.0 15.452315533300862
1321.991110427808 716.3118500005535 10.0 15.468982933321968
1321.6254113331172 716.2478023794794 10.0 15.485653733368963
1321.2594149649244 716.1837013841596 10.0 15.502330133225769
1320.8931215966977 716.1195470628761 10.0 15.519005933310837
1320.5265315018748 716.0553394639076 10.0 15.535900433314964
1320.1596449538627 715.9910786355294 10.0 15.552573633147404
1319.7924622260366 715.9267646260137 10.0 15.569246733328328
1319.42498359174 715.8623974836286 10.0 15.585916333366185
1319.057209324284 715.797977256639 10.0 15.602588233305141
1318.6891396969463 715.733503993306 10.0 15.619263033149764
1318.3207749829705 715.6689777418869 10.0 15.635937533341348
1317.9521154555664 715.6043985506349 10.0 15.652617933228612
1317.5831613879086 715.539766467799 10.0 15.66929203318432
1317.2139130531364 715.4750815416244 10.0 15.685962033225223
1316.8443707243528 715.4103438203517 10.0 15.702962833223864
1316.4745346746242 715.3455533522174 10.0 15.71963673317805
1316.1044051769802 715.2807101854532 10.0 15.736312133260071
1315.7339825044123 715.2158143682866 10.0 15.753160233143717
1315.3632669298738 715.15086594894 10.0 15.769831633195281
