1499.9997621439777 746.9999792890947 10.166665588730403 0.285993291000068
1499.9994776276815 746.999488276395 10.33332902160687 0.34310929100001886
1499.9987255792948 746.9989441574899 10.499990298657286 0.36858633300016663
1499.9979139425607 746.9979351593 10.666649419909538 0.39048124999999345
1499.9966399608006 746.9968602211978 10.833306385391513 0.40715270800001235
1499.9952936506222 746.9953253587914 10.999961195131094 0.42384149999998044
1499.9934897190956 746.9937119070785 11.166613849156168 0.4571904579997863
1499.9916008997013 746.9916430267351 11.333264347494618 0.49051204099987444
1499.9892587274305 746.9894830845524 11.499912690174328 0.5238595410000926
1499.9868192809465 746.9868717582417 11.666558877223185 0.5572550000001684
1499.9839303029428 746.984157066841 11.833202908669069 0.5905544580000424
1499.980931829848 746.9809945926849 11.999844784539864 0.6078226250001535
1499.9774872074684 746.977716611784 12.166484504863453 0.624583666000035
1499.9739210268535 746.973994014311 12.33312206966772 0.6574068750001061
1499.969911647957 746.9701439222586 12.499757478980545 0.6745904579997841
1499.9657687976007 746.9658519524629 12.66639073282981 0.7078783749998365
1499.9611852765147 746.9614206462268 12.833021831243398 0.7245701659999213
1499.9564565127891 746.9565497814448 12.999650774249188 0.757898207999915
1499.9512891901004 746.9515278764349 13.166277561875063 0.7912408749998576
1499.9459649877156 746.9460683200499 13.332902194148902 0.8237147499999082
1499.9402039298952 746.9404461497867 13.499524671098584 0.8411761659999684
1499.9342744814967 746.9343878307757 13.66614499275199 0.874581582999781
1499.927909480372 746.9281554464158 13.832763159136999 0.891262665999875
1499.921364695999 746.9214880187478 13.999379170281488 0.9238470830000551
1499.9143852680834 746.9146351884767 14.165993026213338 0.9412535000001299
1499.9072147745014 746.9073480303749 14.332604726960424 0.9738347080001404
1499.8996101601936 746.899864238678 14.499214272550628 0.9912507499998355
1499.8918033001082 746.8919464517559 14.665821663011824 1.0238370409997515
1499.883562462771 746.8838208985769 14.83242689837189 1.041242124999826
1499.8751082939361 746.8752613068597 14.999029978658704 1.0745686249997561
1499.8662199188643 746.8664829066582 15.16563090390014 1.0912379999999757
1499.8571072130935 746.8572700554993 15.332229674124077 1.1079286660001344
1499.8475597063843 746.8478274362152 15.498826289358387 1.1408343749999403
1499.837776948474 746.8379495911188 15.665420749630949 1.157894583000143
1499.8275584358068 746.8278310930549 15.832013054969634 1.191262082999856
1499.8170938223818 746.817276238414 15.998603205402318 1.2246572909998577
1499.8061921477197 746.8064699130456 16.165191200956876 1.2571325829999296
1499.7950335860126 746.7952257508066 16.331777041661184 1.2746046659999593
1499.7834363102338 746.7837193595274 16.498360727543112 1.3072033329999613
1499.7715714168035 746.7717733077899 16.664942258630532 1.3245788330000323
1499.7592658162757 746.7595543206047 16.83152163495132 1.357921499999975
1499.746681915678 746.7468935121677 16.998098856533346 1.3912208329998066
1499.7336549807817 746.7339491063402 17.164673923404482 1.407903332999922
1499.7203391041992 746.720560387204 17.3312468355926 1.4412047910000183
1499.7065775378128 746.7068774458693 17.497817593125575 1.474581749999743
1499.6925164216557 746.6927473737031 17.664386196031273 1.5078853750001144
1499.678006637611 746.6783124844546 17.830952644337568 1.5412376660001428
1499.663186722096 746.6634273270392 17.997516938072327 1.5745837909998954
1499.6479148436138 746.6482267804996 18.16407907726342 1.6079206660001546
1499.6323222713315 746.6325725141563 18.33063906193872 1.6412686660000873
1499.6162741294481 746.6165923025412 18.49719689212609 1.6745795829997405
1499.5998947439284 746.6001546105555 18.663752567853408 1.7079059160000725
1499.5830558759228 746.58338042624 18.830306089148536 1.7245862909999232
1499.565875220208 746.5661446972908 18.996857456039344 1.757113790999938
1499.5482308680387 746.5485619313887 19.163406668553698 1.7745812909997767
1499.5302341832742 746.5305132579936 19.329953726719463 1.7912655000000086
1499.5117692920371 746.5121069989581 19.49649863056451 1.8245592909997868
1499.4929415160882 746.4932301759433 19.663041380116706 1.8579140829997414
1499.4736407325058 746.4739852082005 19.829581975403915 1.8912421659997563
1499.4539664986123 746.4542647312077 19.996120416454005 1.9239738749997741
1499.433814169563 746.4341655338311 20.16265670329484 1.9412498749998122
1499.4132778050405 746.4135855978703 20.329190835954282 1.9745721660001436
1499.3922579761406 746.3926163433086 20.4957228144602 2.0072028750000754
1499.370843501139 746.371160841368 20.66225263884046 2.024580207999861
1499.3489399153862 746.3493053942339 20.828780309122923 2.057909208000183
1499.3266310417157 746.3269579159571 20.995305825335453 2.091243458000008
1499.303827138206 746.3041998318901 21.161829187505912 2.123841665999862
1499.2806072682417 746.2809436623324 21.328350395662167 2.14084958300009
1499.2568861809707 746.2572661869443 21.494869449832077 2.1579209999999875
1499.2327384066457 746.2330843054184 21.661386350043504 2.191246500000034
1499.208082963404 746.2084703733342 21.82790109632431 2.224572915999943
1499.1829900653024 746.1833454523559 21.994413688702362 2.2578945000000203
1499.1573827866787 746.1577776863588 22.160924127205515 2.290514207999877
1499.1313272332402 746.131692090706 22.327432411861633 2.324554833000093
1499.1047503317411 746.1051528010005 22.493938542698576 2.3579027079999832
1499.0777142785869 746.0780885868951 22.6604425197442 2.39127283300013
1499.0501496578872 746.050559770497 22.826944343026373 2.407944832999874
1499.022114947281 746.022498684923 22.993444012572947 2.424616249999872
1498.9935442016154 745.9939620251903 23.159941528411785 2.4571750830000383
1498.9644923620692 745.9648855053591 23.326436890570744 2.4745493750001515
1498.9348967757774 745.9353223716741 23.492930099077682 2.507454915999915
1498.9048090218173 745.9052115446498 23.65942115396046 2.5245640409998487
1498.874169569055 745.874602992266 23.82591005524693 2.55789729099979
1498.843026801154 745.8434386747629 23.99239680296495 2.574573583000074
1498.8113241457838 745.8117654448274 24.158881397142384 2.6072397080001792
1498.7791069504804 745.7795281431929 24.325363837807082 2.6245194580001225
1498.746321446152 745.746770662959 24.4918441249869 2.6412485000000743
1498.713010096362 745.7134405733543 24.6583222587097 2.674593124999774
1498.679121786799 745.6795789565954 24.82479823900333 2.707919208000021
1498.6446962423377 745.6451359653873 24.991272065895647 2.7412547499998254
1498.6096848618408 745.6101500130266 25.157743739414506 2.774615290999918
1498.5741247701665 745.5745736974036 25.324213259587765 2.807912833000046
1498.5379697443486 745.538442898372 25.49068062644327 2.841264332999799
1498.5012544415408 745.5017125271991 25.657145840008884 2.8745763329998226
1498.4639348883074 745.464416059536 25.823608900312454 2.9080550829999083
1498.4260434002954 745.4265105944613 25.990069807381836 2.941228083000169
1498.3875381310827 745.3880273266716 26.15652856124488 2.9744420409997474
1498.348449175137 745.3489254234988 26.322985161929438 2.9912085000000843
1498.3087366964248 745.3092339161797 26.489439609463364 3.007878833000177
1498.2684286829253 745.2689139265216 26.65589190387451 3.0245753750000404
1498.227487198037 745.2279924342747 26.822342045190727 3.0412430410001434
1498.1859382325345 745.1864324075012 26.988790033439862 3.0738800409999385
1498.1437456437384 745.1442588811443 27.15523586864977 3.0912537499998507
1498.100933529322 745.1014365666404 27.321679550848295 3.124574166000002
1498.0574674402515 745.0579886557325 27.488121080063294 3.15790724999988
1498.0133696802372 745.0138815054808 27.654560456322614 3.1912416249997477
1497.9686073986416 744.9691365611774 27.820997679654102 3.2245706250000694
1497.923201199599 744.9237217326803 27.987432750085606 3.2412465829997927
1497.8771197404415 744.8776568109324 28.153865667644975 3.274575165999977
1497.8303820155704 744.83091117049 28.32029643236006 3.307913166000162
1497.7829581044914 744.7835030356032 28.486725044258705 3.341239708000103
1497.7348654773682 744.7354031619614 28.653151503368758 3.3745757910000975
1497.686075554523 744.6866282905302 28.819575809718064 3.407389707999755
1497.636604363229 744.6371504789146 28.985997963334473 3.4244255409998914
1497.5864245875232 744.5869850641485 29.152417964245828 3.4412276660000316
1497.5355508891714 744.536105330701 29.318835812479975 3.45790045800004
1497.4839571429031 744.4845252871564 29.48525150806476 3.491273208000166
1497.431656718581 744.4322193737896 29.65166505102803 3.524609832999886
1497.3786246125107 744.3792003425253 29.818076441397626 3.5579142910000883
1497.3248729726527 744.32544372221 29.984485679201395 3.590619957999934
1497.270377851514 744.2709610763818 30.15089276446718 3.6078152499999305
1497.2151502417207 744.2157289588853 30.317297697222823 3.6245871659998556
1497.1591671901892 744.1597578097949 30.48370047749617 3.6579041250001865
1497.1024385975113 744.1030251478845 30.650101105315063 3.6745987909998803
1497.0449424466472 744.0455403515001 30.816499580707344 3.707329207999919
1496.986687606346 743.9872818476294 30.982895903700854 3.7245662909999737
1496.927652940526 743.9282580115936 31.149290074323435 3.7412430409999615
1496.8678463433314 743.8684481250859 31.31568209260293 3.7579473750001853
1496.807247507688 743.8078596162266 31.48207195856718 3.7912367909998466
1496.7458634075656 743.7464725709737 31.648459672244023 3.807907541000077
1496.6836745159476 743.6842935233346 31.814845233661302 3.840763415999845
1496.6206869383948 743.6213033160248 31.981228642846855 3.857921708000049
1496.5568818818651 743.5575076394323 32.147609899828524 3.8912329579998186
1496.4922646327502 743.492888048325 32.313989004634145 3.9079512079997585
1496.426817088639 743.427449437505 32.48036595729156 3.9412409579999803
1496.360543763599 743.3611740317668 32.6467407578286 3.9745858329997645
1496.2934272051245 743.2940659760293 32.81311340627312 4.007193082999947
1496.2254711995374 743.226108125648 32.97948390265294 4.023961583000073
1496.1566589060137 743.1573039191545 33.1458522469959 4.041243749999921
1496.0869934255609 743.0876368054447 33.31221843932985 4.0738567079997665
1496.0164584932031 743.0171095580727 33.478582479682615 4.091238957999849
1495.9450565650375 742.94570618479 33.64494436808204 4.124549707999904
1495.872771918384 742.8734288336109 33.811304104555944 4.1579158750000715
1495.7996064029167 742.8002620386882 33.97766168913218 4.191268291000142
1495.7255448068795 742.7262073600721 34.14401712183857 4.224587958000029
1495.6505884102025 742.6512498279925 34.310370402702965 4.2579290409998976
1495.5747224827621 742.5753904503547 34.476721531753185 4.291245082999922
1495.497947769718 742.4986147251757 34.64307050901707 4.324578665999979
1495.420249995275 742.420923142379 34.80941733452246 4.357487708000008
1495.341629403189 742.3423016414201 34.975762008297174 4.374216875000002
1495.2620721465864 742.262750226845 35.14210453036906 4.3912303329998394
1495.1815779996734 742.1822552550533 35.30844490076594 4.42457074999993
1495.1001335209016 742.1008162763502 35.47478311951565 4.457894749999923
1495.01773804536 742.0184200413547 35.64111918664602 4.491211291000127
1494.934378514958 741.9350656758895 35.80745310218489 4.507891374999872
1494.8500538547632 741.8507403037574 35.97378486616008 4.524579915999766
1494.764751369926 741.7654426547618 36.14011447859943 4.5579129160000775
1494.6784696033335 741.6791602064667 36.306441939530764 4.591229832999943
1494.5911962047358 741.5918913199047 36.47276724898192 4.624583374999929
1494.502929361506 741.5036238085171 36.63909040698071 4.657918165999945
1494.4136570508547 741.4143556906764 36.805411413554985 4.691240665999885
1494.3233771302052 741.3240750992869 36.971730268732564 4.724579499999891
1494.2320778885264 741.2327797351055 37.138046972541275 4.757906040999842
1494.139756877826 741.1404580354878 37.30436152500895 4.791261458000008
1494.046402684497 741.0471074076232 37.470673926163414 4.824568416000147
1493.9520125787026 740.9527165796452 37.6369841760325 4.841265333000138
1493.8565754312351 740.8572826882931 37.80329227464403 4.874598040999899
1493.7600882530842 740.7607947400826 37.96959822202583 4.907901333000154
1493.6625401876634 740.6632496235518 38.135902018205734 4.941365915999995
1493.563928008622 740.564636612422 38.30220366321156 4.974699082999905
1493.4642411214083 740.4649523684695 38.46850315707113 5.0071999159999905
1493.3634760833836 740.3641864226088 38.634800499812286 5.02449283299984
1493.26162255258 740.2623352305399 38.80109569146284 5.057910582999739
1493.158676890396 740.159388571468 38.96738873205062 5.091221207999752
1493.0546289990828 740.0553427150016 39.133679621603456 5.107920874999763
1492.9494750637248 739.9501876807949 39.299968360149165 5.14082554100014
1492.8432052234618 739.843919571698 39.46625494771557 5.173837040999842
1492.7358155060865 739.7365286409829 39.6325393843305 5.191228624999894
1492.6272962812848 739.6280108434706 39.79882167002177 5.207926582999789
1492.5176434379973 739.5183566601844 39.965101804817216 5.241279124999892
1492.4068475710544 739.4075619160852 40.131379788744646 5.274567375000061
1492.2949044484467 739.295617315001 40.297655621831886 5.291278874999989
1492.1818048856458 739.1825185696831 40.46392930410676 5.324563166000189
1492.0675445470943 739.0682566026948 40.630200835597094 5.357187832999898
1491.9521144652588 738.9528270317478 40.796470216330704 5.374058750000131
1491.835510217974 738.8362209949076 40.96273744633541 5.407896207999784
1491.7177230518707 738.7184340315731 41.12900252563903 5.441249915999833
1491.5987484746897 738.5994574928751 41.295265454269384 5.474574916000165
1491.4785779451727 738.4792868562154 41.46152623225429 5.507159457999933
1491.3572069170857 738.3579136841125 41.62778485962158 5.523937915999795
1491.234627059968 738.2353334079087 41.794041336399054 5.5412423329999
1491.1108337893668 738.111537800554 41.96029566261455 5.574567874999957
1490.985818985009 737.986522262918 42.12654783829587 5.607925499999965
1490.8595780396422 737.8602787781133 42.29279786347084 5.641253916000096
1490.7321030432406 737.7328027318009 42.45904573816727 5.674589624999953
1490.6033893808599 737.6040863176385 42.62529146241298 5.70791300000019
1490.4734293534175 737.4741249210435 42.79153503623579 5.7412437499997395
1490.3422183530977 737.3429109472212 42.95777645966351 5.774222291000115
1490.2097488930588 737.2104397960338 43.12401573272397 5.791215916000056
1490.0760163871682 737.0767040858228 43.29025285544497 5.824555624999903
1489.9410135626945 736.9416992453276 43.456487827854325 5.841223999999784
1489.8047358694955 736.8054181081708 43.62272064997986 5.874576665999939
1489.6671762513588 736.6678561461621 43.78895132184938 5.907909665999796
1489.5283302082103 736.5290064108752 43.95517984349071 5.9412384580000435
1489.3881909032755 736.3888644311619 44.12140621493165 5.974570500000027
1489.2467539004108 736.247423479712 44.287630436200025 6.007907457999863
1489.10401258568 736.1046791561828 44.453852507323646 6.0405249159998675
1488.9599626005304 735.9606249580114 44.62007242833032 6.057926541000143
1488.8145975577152 735.8152565692284 44.78629019924786 6.091266458000064
1488.6679131897433 735.6685677160867 44.95250582010408 6.12457487499978
1488.5199033403317 735.5205541803734 45.11871929092679 6.157902957999795
1488.3705638463412 735.3712099216348 45.2849306117438 6.1912742909999
1488.2198887871218 735.2205308326206 45.45113978258293 6.224575040999753
1488.0678741170043 735.0685111110295 45.61734680347198 6.257898625000053
1487.9145141560084 734.9151467736114 45.78355167443877 6.291244125000048
1487.759804988886 734.7604322614299 45.9497543955111 6.324589708000076
1487.603741181703 734.6043637281084 46.11595496671678 6.3571877909998875
1487.4463189624223 734.446935863615 46.28215338808362 6.374577166000108
1487.2875331488465 734.2881449711596 46.44834965963943 6.407905333000144
1487.1273801247787 734.1279859954535 46.614543781412024 6.441253333000077
1486.9658549657345 733.9664554018484 46.7807357534292 6.474560832999941
1486.8029542238307 733.8035483959108 46.94692557571877 6.507882666000114
1486.6386732385315 733.639261617531 47.113113248308544 6.524574915999892
1486.4730087425817 733.4735905394894 47.27929877122632 6.55792908300009
1486.3059563458626 733.3065319884539 47.44548214449992 6.591252457999872
1486.137512973903 733.1380817109961 47.61166336815713 6.62457216599978
1485.9676745136762 732.9682367326401 47.777842442225776 6.657910375000029
1485.796438095488 732.7969930805194 47.94401936673365 6.69137287500007
1485.6237998902577 732.6243479909278 48.11019414170856 6.724576665999848
1485.4497572448945 732.4502977784986 48.27636676717831 6.7579066660000535
1485.2743066212724 732.2748399020389 48.442537243170705 6.791241957999773
1485.097445594557 732.0979709707594 48.60870556971355 6.824565666000126
1484.9191709247123 731.919688677549 48.77487174683465 6.857906875000026
1484.7394804266337 731.7399899333866 48.941035774561804 6.8913847499998155
1484.5583711656104 731.5588726766272 49.10719765292282 6.924719874999937
1484.3758412075545 731.3763341272967 49.273357381945495 6.957923583000138
1484.1918879303885 731.1923724804078 49.439514961657636 6.991230290999738
1484.0065096621302 731.0069852723722 49.60567039208704 7.024577624999893
1483.8197041006922 730.8201709658496 49.771823673261515 7.0579250830001
1483.6314698470783 730.63192742101 49.93797480520885 7.09083633299997
1483.4418049265682 730.4422533789368 50.10412378795686 7.107871332999821
1483.250708223814 730.2511470309373 50.270270621533335 7.124545874999967
1483.058178098832 730.0586074070694 50.43641530596608 7.15773579100005
1482.8642137303532 729.8646330371378 50.602557841282895 7.191230708000148
1482.668813820468 729.669223250487 50.76869822751158 7.224591290999797
1482.471977852171 729.4723769227318 50.934836464679925 7.257918415999939
1482.2737048769038 729.2740936925642 51.10097255281574 7.291240458000175
1482.0739946918513 729.0743727886486 51.26710649194682 7.323903583000174
1481.872846704996 728.8732141688176 51.43323828210096 7.357178499999918
1481.670261037364 728.6706174219246 51.599367923305955 7.37455270800001
1481.466237460556 728.4665828344539 51.76549541558961 7.407905999999912
1481.2607764288014 728.2611103624596 51.93162075897972 7.441226915999778
1481.053878084254 728.0542006302909 52.09774395350407 7.474582625000039
1480.8455432234018 727.8458539680602 52.263864999190474 7.507900915999926
1480.6357723657206 727.6360713468792 52.429983896066716 7.540499499999896
1480.4245666586885 727.4248534775962 52.59610064416059 7.557911500000046
1480.211927005678 727.212201686651 52.7622152434999 7.591233499999817
1479.997854913548 726.998117072097 52.92832769411243 7.624568457999885
1479.7823516759224 726.7826013239179 53.09443799602599 7.657907290999901
1479.5654191670726 726.5656559336082 53.26054614926836 7.691401499999756
1479.347059076981 726.3472829625435 53.42665215386733 7.724575624999943
1479.127273654987 726.1274843016353 53.5927560098507 7.757910791000086
1478.9060649932667 725.9062623911121 53.75885771724627 7.791391332999865
1478.6834357234875 725.6836195269929 53.92495727608183 7.824600458000077
1478.459388345555 725.4595585354161 54.09105468638516 7.857921708000049
1478.2339258803108 725.2340821228864 54.25714994818406 7.891241833000095
1478.0070512406023 725.0071935080863 54.42324306150632 7.924718290999863
1477.7787678428597 724.7788958130476 54.58933402637973 7.957908416000009
1477.5490790177353 724.5491926551887 54.75542284283208 7.99124029099994
1477.3179885832108 724.3180875767493 54.92150951089117 8.024560916000155
1477.0855002922335 724.0855845996153 55.08759403058478 8.057946750000156
1476.8516183698307 723.8516876905293 55.2536764019407 8.091236750000007
1476.6163469953378 723.6164012810975 55.419756624986725 8.124148040999899
1476.3796908058343 723.379729766451 55.585834699750635 8.140817083000002
1476.1416544107155 723.1416779926733 55.751910626260226 8.157887500000015
1475.9022428636154 722.9022507867372 55.91798440454328 8.17456412499996
1475.6614612072178 722.6614534134462 56.084056034627594 8.207160832999762
1475.41931491569 722.4192911346142 56.25012551654095 8.224591000000146
1475.1758094677696 722.1757696374758 56.41619285031113 8.257916915999886
1474.9309507615967 721.9308946212095 56.58225803596593 8.290533332999985
1474.6847447142413 721.6846721986444 56.74832107353313 8.307915500000036
1474.437197650701 721.4371085083516 56.91438196304051 8.341236207999827
1474.188315928151 721.1882100913543 57.08044070451587 8.374587290999898
1473.9381063007595 720.9379835271285 57.24649729798699 8.407937541000138
1473.6865755670563 720.6864357869126 57.41255174348166 8.441241624999748
1473.433730912107 720.4335738920656 57.578604041027646 8.474572250000165
1473.1795795765024 720.1794052454691 57.744654190652746 8.50789041600001
1472.9241291773335 719.9239373107928 57.91070219238475 8.541244749999805
1472.6673873974 719.6671779233826 58.076748046251424 8.573817957999836
1472.409362286334 719.4091349890798 58.24279175228057 8.591237499999806
1472.1500619687174 719.1498167758975 58.40883331049995 8.624580582999897
1471.8894949266148 718.8892316311272 58.574872720937364 8.657917749999797
1471.6276697253754 718.6273882550224 58.74090998362059 8.69124945800013
1471.364595278753 718.3642954350087 58.9069450985774 8.724568915999953
1471.1002805912494 718.0999623025132 59.07297806583559 8.75790170800019
1470.8347350069203 717.8343980831728 59.23900888542293 8.791239290999783
1470.5679679671919 717.5676123378735 59.40503755736721 8.824612416000036
1470.2999892443834 717.299614727923 59.5710640816962 8.857270040999992
1470.0308087139963 717.0304152412955 59.73708845843768 8.874576665999939
1469.760436573916 716.7600239718033 59.90311068761944 8.907914249999976
1469.4888831302405 716.4884513314769 60.06913076926925 8.941234458000054
1469.2161590030605 716.2157078428332 60.23514870341489 8.974591041000167
1468.9422749249557 715.9418043382611 60.40116449008414 9.007149125000069
1468.6672419341937 715.6667517645437 60.56717812930478 9.024566499999764
1468.3910711850804 715.3905613700621 60.733189621104586 9.057904624999992
1468.1137741293635 715.1132445207834 60.89919896551133 9.091235500000039
1467.8353623376747 714.8348128760447 61.0652061625528 9.124589665999792
1467.5558476698754 714.5552782152711 61.23121121225676 9.157467291000103
1467.2752421068783 714.2746526030498 61.39721411465099 9.190730540999994
1466.9935579106234 713.9929482258916 61.56321486976328 9.207901499999934
1466.7108074656148 713.7101775472612 61.729213477621386 9.240478790999987
1466.4270034291703 713.4263531537387 61.895209938253096 9.257896665999851
1466.1421585820538 713.14148790063 62.06120425168618 9.291248375000123
1465.8562859695996 712.8555947669277 62.227196417948406 9.324580166000032
1465.5693987608602 712.5686869920843 62.39318643706756 9.357157583000117
1465.281510381171 712.2807779392119 62.559174309071416 9.374590833000184
1464.9926343792706 711.9918812235643 62.725160033987734 9.407900332999816
1464.702784551833 711.7020105834514 62.8911436118443 9.44125829099994
1464.4119748180544 711.4111800009405 63.05712504266888 9.47458129100005
1464.1202193366485 711.1194035799971 63.22310432648925 9.50789500000019
1463.8275323874263 710.8266956598833 63.38908146333318 9.541365166000105
1463.5339284812171 710.5330707000678 63.55505645322844 9.574686333000045
1463.2394222479993 710.2385433867695 63.7210292962028 9.607143707999967
1462.9440285401802 709.94312852421 63.88699999228403 9.624573375000182
1462.6477623268677 709.6468411347216 64.05296854149991 9.657907290999901
1462.3506387909133 709.3496963559443 64.2189349438782 9.691148207999959
1462.0526732289393 709.0517095348912 64.38489919944668 9.724583707999955
1461.753881142526 708.7528961307177 64.55086130823311 9.757895958000063
1461.4542781436348 708.4532718031124 64.71682127026526 9.791229666000163
1461.1538800402964 708.1528523202911 64.8827790855709 9.824567582999862
1460.8527027470934 707.8516536420594 65.0487347541778 9.857909625000048
1460.5507623656852 707.549691832706 65.21468827611373 9.891235166000115
1460.2480751000348 707.246983139061 65.38063965140645 9.92457608299992
1459.944657332085 706.9435439079856 65.54658888008375 9.957912541000042
1459.640525541437 706.6393906597301 65.71253596217336 9.991265374999784
1459.335696376471 706.3345400097375 65.87848089770307 10.024554874999922
1459.030186578205 706.0290087375846 66.04442368670064 10.057905957999992
1458.7240130471332 705.7228137128367 66.21036432919384 10.090735833000053
1458.417192771011 705.4159719598397 66.37630282521043 10.107950457999777
1458.1097428876728 705.1085005873778 66.54223917477819 10.140870457999881
1457.8016806165022 704.8004168495686 66.70817337792487 10.157752499999788
1457.4930233174714 704.491738079094 66.87410543467823 10.174562874999992
1457.1837884260774 704.1824817444333 67.04003534506604 10.19125350000013
1456.8739935088306 703.8726653864526 67.20596310911608 10.224582415999976
1456.5636562014474 703.5623066721976 67.3718887268561 10.2579045829998
1456.252794261005 703.2514233346412 67.53781219831386 10.291243374999794
1455.9414255071958 702.9400332232439 67.70373352351712 10.324579332999747
1455.6295678713495 702.6281542466718 67.86965270249364 10.357916666000165
1455.31723934057 702.3158044203204 68.0355697352712 10.390487166000185
1455.004458003813 702.0030018118297 68.20148462187754 10.407415958000001
1454.6912419987368 701.6897645857536 68.36739736234044 10.424569499999961
1454.3776095550145 701.376110951709 68.53330795668765 10.441272832999857
1454.063578943741 701.0620592063651 68.69921640494692 10.474608250000074
1453.7491685181465 700.7476276840736 68.86512270714603 10.50790033300018
1453.4343966654133 700.4328347963396 69.03102686331273 10.540452749999986
1453.1192818449488 700.1176989847928 69.19692887347479 10.557915332999983
1452.803842542475 699.8022387582919 69.36282873765995 10.591250333000062
1452.4880973060083 699.4864726481032 69.52872645589599 10.624599290999868
1452.1720647020943 699.1704192427849 69.69462202821066 10.657902708000165
1451.8557633496346 698.8540971454482 69.86051545463171 10.691256790999887
1451.539211878147 698.5375250065564 70.0264067351869 10.724588915999902
1451.2224289595708 698.2207214831544 70.19229586990399 10.757911124999737
1450.905433268441 697.9037052697091 70.35818285881074 10.791238750000048
1450.5882435117953 697.5864950592005 70.5240677019349 10.824573416000021
1450.2708783911592 697.2691095721232 70.68995039930422 10.857918000000154
1449.953356630672 696.9515675193383 70.85583095094648 10.891239375000168
1449.6356969407836 696.6338876293495 71.02170935688942 10.924574457999825
1449.3179180447105 696.3160886128223 71.18758561716079 10.95790520799983
1449.000038643754 695.9981891882413 71.35345973178836 10.991243333000057
1448.6820774421888 695.6802080480081 71.51933170079987 11.024554707999869
1448.3640531141198 695.3621638825814 71.68520152422307 11.05791783299992
1448.0459843268995 695.0440753480719 71.85106920208574 11.091276540999843
1447.7278897094432 694.7259610889595 72.01693473441561 11.124597749999793
1447.4097878742693 694.4078397071088 72.18279812124044 11.157905291000134
1447.091697387199 694.0897297831525 72.34865936258798 11.191385041000103
1446.773636788105 693.7716498468574 72.51451845848598 11.224218583000038
1446.4556245619274 693.453618397257 72.68037540896219 11.241251750000174
1446.1376791582127 693.1356538743012 72.84623021404438 11.274584290999883
1445.8198189633813 692.817774677819 73.01208287376029 11.307906250000087
1445.5020623191344 692.4999991403886 73.17793338813766 11.340669332999823
1445.1844274959121 692.1823455452047 73.34378175720425 11.357486207999955
1444.8669327102416 691.8648321001117 73.50962798098782 11.391248625000117
1444.5495960993292 691.5474769544463 73.6754720595161 11.424586374999762
1444.2324357374187 691.2302981741785 73.84131399281684 11.457904791000146
1443.9154696114651 690.9133137577968 74.0071537809178 11.491245415999856
1443.5987156365672 690.5965416125059 74.17299142384674 11.524564625000039
1443.2821916326743 690.2799995692178 74.33882692163138 11.558039458000167
1442.965915339153 689.9637053597585 74.50466027429948 11.59099308299983
1442.6499043924825 689.6476766310233 74.6704914818788 11.607713040999897
1442.334176340013 689.331930923149 74.83632054439707 11.641231250000146
1442.0187486186041 689.0164856828893 75.00214746188205 11.674595541000144
1441.7036385676317 688.7013582427104 75.16797223436147 11.70704666599977
1441.388863408529 688.3865658334396 75.3337948618631 11.724571707999985
1441.074440257092 688.0721255642444 75.49961534441466 11.757914833000086
1440.7603861038858 687.7580544346051 75.66543368204391 11.791233750000174
1440.4467178258967 687.4443693151406 75.83124987477859 11.824577500000032
1440.1334521677684 687.1310869589512 75.99706392264645 11.857906000000185
1439.8206057528469 686.8182239832571 76.16287582567523 11.891245791000074
1439.5081950652127 686.5057968801561 76.32868558389268 11.924607124999966
1439.196236460162 686.1938219990423 76.49449319732653 11.957937457999833
1438.8847461470027 685.8823155568197 76.66029866600454 11.991248374999941
1438.5737401990127 685.5712936210714 76.82610198995444 12.024569290999807
1438.2632345369714 685.2607721197693 76.99190316920398 12.058059291000063
1437.9532449386318 684.9507668251637 77.1577022037809 12.091251750000083
1437.6437870229606 684.6412933630265 77.32349909371294 12.124582915999781
1437.3348762591609 684.3323671972356 77.48929383902784 12.157889582999815
1437.0265279515927 684.0240036385854 77.65508643975335 12.19124687500016
1436.7187572483813 683.7162178300404 77.8208768959172 12.224571833000027
1436.4115791269946 683.4090247551471 77.98666520754713 12.257783416000166
1436.1050084024685 683.1024392239323 78.15245137467089 12.290702457999942
1435.7990597136165 682.7964758809472 78.31823539731622 12.307865415999913
1435.4937475309032 682.4911491917879 78.48401727551084 12.32457279099981
1435.1890861432648 682.1864734508018 78.64979700928251 12.357147000000168
1434.8850896656586 681.8824627682076 78.81557459865896 12.3740741659999
1434.5817720264738 681.5791310774918 78.98135004366793 12.39124233299981
1434.2791469747829 681.2764921231088 79.14712334433716 12.407918124999924
1433.9772280683233 680.9745594675933 79.31289450069438 12.441243791000034
1433.6760286804765 680.6733464798201 79.47866351276734 12.47456879099991
1433.3755619888016 680.3728663418569 79.64443038058376 12.491241499999887
1433.0758409817647 680.0731320377674 79.81019510417138 12.507926207999844
1432.7768784478071 679.7741563602253 79.97595768355795 12.541227290999814
1432.4786869818486 679.4759518998434 80.1417181187712 12.55789570800016
1432.181278974871 679.1785310515718 80.30747640983886 12.574572665999767
1431.884666620217 678.8819060045354 80.47323255678866 12.60743383299996
1431.5888619036741 678.5860887482361 80.63898655964834 12.624575332999939
1431.293876609586 678.291091062883 80.80473841844564 12.641244416000063
1430.9997223114228 677.9969245254179 80.97048813320829 12.657921541000178
1430.706410377724 677.7036005003228 81.13623570396402 12.69047829100009
1430.4139519631383 677.4111301454861 81.30198113074057 12.707913040999756
1430.1223580142166 677.1195244034733 81.46772441356568 12.741266874999837
1429.831639260907 676.8287940072496 81.63346555246706 12.77457533300003
1429.5418062222122 676.5389494719 81.79920454747246 12.80790316599996
1429.2528691981277 676.2500011002246 81.9649413986096 12.841235500000039
1428.9648382751782 675.9619589748934 82.13067610590622 12.874569874999906
1428.6777233187843 675.6748329639288 82.29640866939005 12.907915082999807
1428.3915339786936 675.3886327132827 82.46213908908881 12.941244749999896
1428.106279681762 675.1033676522193 82.62786736503024 12.974573957999837
1427.8219696372919 674.819046986301 82.79359349724207 13.007819541000117
1427.5386128302166 674.5356797026843 82.95931748575202 13.040456540999912
1427.2562180263565 674.2532745635033 83.12503933058784 13.057467624999845
1426.9747937659959 673.9718401110882 83.29075903177724 13.07458195800018
1426.694348369067 673.6913846617357 83.45647658934796 13.107900832999803
1426.4148899291072 673.411916310861 83.62219200332771 13.140832291000152
1426.1364263183818 673.1334429271418 83.78790527374424 13.157904249999774
1425.8589651822099 672.8559721576147 83.95361640062528 13.191231708000032
1425.5825139440344 672.5795114221817 84.11932538399853 13.224561125000037
1425.307079800106 672.3040679186585 84.28503222389173 13.257072416000028
1425.0326697245096 672.0296486176335 84.45073692033262 13.273936375000176
1424.759290464194 671.7562602674759 84.6164394733489 13.291245915999752
1424.4869485439629 671.4839093895359 84.78213988296832 13.307916082999782
1424.2156502618395 671.2126022831201 84.9478381492186 13.341242625000177
1423.945401694029 670.9423450210217 85.11353427212745 13.357909916000153
1423.6762086906078 670.6731434544703 85.27922825172261 13.39125891599997
1423.4080768804629 670.4050032089823 85.44492008803181 13.423806332999902
1423.141011667296 670.1379296892893 85.61060978108274 13.44124624999995
1422.8750182345445 669.8719280754988 85.77629733090316 13.457938790999833
1422.6101015416918 669.6070033280068 85.94198273752077 13.491247040999951
1422.346266329173 669.3431601839587 86.10766600096332 13.524571874999765
1422.0835171149806 669.0804031621503 86.27334712125851 13.55794375000005
1421.8218581995618 668.818736559778 86.43902609843407 13.591235750000124
1421.561293662708 668.5581644573331 86.60470293251771 13.623815250000007
1421.301827368446 668.2986907156312 86.77037762353716 13.657901166000102
1421.0434629622036 668.0403189807023 86.93605017152014 13.67456804099993
1420.7862038756964 667.7830526810905 87.10172057649437 13.707135499999822
1420.5300533243592 667.5268950327415 87.26738883848758 13.723816040999736
1420.2750143122323 667.2718490365636 87.43305495752747 13.741234749999876
1420.0210896296478 667.0179174833146 87.59871893364178 13.77456679099987
1419.7682818581175 666.7651029514132 87.76438076685821 13.807893249999779
1419.5165933682638 666.5134078118285 87.9300404572045 13.841232415999912
1419.2660263247112 666.2628342261318 88.09569800470835 13.857900625000184
1419.0165826842529 666.0133841513887 88.2613534093975 13.891238665999936
1418.7682642007446 665.7650593384423 88.42700667129965 13.924572375000025
1418.521072423499 665.5178613368089 88.59265779044252 13.957902665999882
1418.275008702182 665.2717914931827 88.75830676685382 13.991227083000012
1418.0300741854248 665.0268509563349 88.92395360056128 14.024573665999924
1417.7862698257234 664.7830406758309 89.08959829159261 14.05801724999992
1417.5435963782572 664.5403614069322 89.25524083997553 14.091230915999859
1417.302054405793 664.2988137095167 89.42088124573775 14.124568082999758
1417.0616442777005 664.0583979529829 89.58651950890699 14.157901250000123
1416.8223661748589 663.8191143153635 89.75215562951095 14.19138487500004
1416.584220088861 663.5809627882313 89.91778960757736 14.224737416000153
1416.3472058269201 663.3439431759964 90.08342144313394 14.257906165999884
1416.111323011254 663.1080551008121 90.2490511362084 14.290757207999832
1415.87657108399 662.8732980020472 90.41467868682844 14.324581750000107
1415.642949306721 662.63967114119 90.58030409502179 14.35714120800003
1415.4104567654063 662.4071736014855 90.74592736081614 14.374574790999759
1415.179092370088 662.1758042928361 90.91154848423922 14.407899415999964
1414.9488548597885 661.9455619515953 91.07716746531874 14.441245333000097
1414.7197428023776 661.7164451454616 91.2427843040824 14.474574791000123
1414.4917545994629 661.4884522734201 91.40839900055794 14.50790970800017
1414.2648884863995 661.2615815706266 91.57401155477304 14.54138037499979
1414.0391425371702 661.0358311084885 91.73962196675542 14.574672040999758
1413.8145146645295 660.8111987995374 91.9052302365328 14.60790924999992
1413.5910026248703 660.5876823976378 92.07083636413289 14.641249625
1413.3686040184925 660.3652795028466 92.23644034958339 14.674576207999962
1413.1473162944542 660.1439875617422 92.402042192912 14.707908708000105
1412.9271367509562 659.923803872265 92.56764189414646 14.740454499999942
1412.7080625401734 659.7047255841595 92.73323945331445 14.757898916000158
1412.4900906687476 659.4867497037935 92.8988348704437 14.791227958000036
1412.2732180025957 659.2698730947027 93.06442814556189 14.824578082999778
1412.0574412675014 659.0540924823862 93.23001927869674 14.857905040999867
1411.8427570538968 658.8394044549451 93.39560826987596 14.891244666000148
1411.6291618175446 658.6258054678506 93.56119511912726 14.924740333000045
1411.4166518842912 658.4132918446679 93.72677982647835 14.958047208000153
1411.20522345083 658.2018597817938 93.89236239195692 14.991244249999909
1410.9948725894205 657.9915053492583 94.05794281559069 15.024571666000156
1410.7855952487266 657.7822244954264 94.22352109740736 15.057890250000128
1410.5773872584987 657.57401304787 94.38909723743463 15.091232624999975
1410.3702443304774 657.3668667180314 94.5546712357002 15.124571625000044
1410.1641620630355 657.1607811021566 94.72024309223178 15.157909166000081
1409.9591359421397 656.9557516859164 94.88581280705709 15.191239540999959
1409.755161345948 656.7517738453942 95.05138038020382 15.224573749999763
1409.5522335458222 656.5488428516604 95.21694581169967 15.258017624999866
1409.350347710878 656.3469538718082 95.38250910157235 15.29124229099989
1409.1494989090393 656.146101973477 95.54807024984956 15.324219208000159
1408.9496821115376 655.9462821259282 95.71362925655899 15.341053915999964
1408.750892194003 655.7474892045154 95.87918612172835 15.357737875000112
1408.5531239409067 655.5497179917924 96.04474084538535 15.374584457999845
1408.3563720466825 655.3529631819266 96.21029342755767 15.40706124999997
1408.1606311201106 655.1572193818329 96.37584386827304 15.424573499999951
1407.9658956854603 654.9624811155264 96.54139216755914 15.45790262499986
1407.7721601868132 654.7687428252754 96.70693832544367 15.490843041000062
1407.579418989221 654.5759988758906 96.87248234195434 15.507901625000159
1407.3876663829642 654.3842435558909 97.03802421711883 15.541243290999773
1407.1968965847186 654.1934710817256 97.20356395096486 15.574436165999941
1407.0071037417458 654.0036755989466 97.36910154352012 15.60790787499991
1406.8182819330643 653.8148511863614 97.5346369948123 15.64130225000008
1406.6304251735676 653.626991857205 97.70017030486912 15.674586915999953
1406.4435274151936 653.4400915632211 97.86570147371826 15.707909457999904
1406.257582550969 653.2541441958289 98.03123050138741 15.741238000000067
1406.0725844161707 653.0691435901281 98.19675738790428 15.773944333000145
1405.888526792293 652.8850835260565 98.36228213329657 15.791160958000091
1405.705403408198 652.7019577323167 98.52780473759196 15.824573375
1405.5232079440016 652.519759887518 98.69332520081817 15.8579185829999
1405.3419340322066 652.3384836240231 98.85884352300286 15.891248165999968
1405.1615752615087 652.1581225290699 99.02435970417375 15.924571500000184
1404.9821251779063 651.9786701485356 99.18987374435852 15.958038374999887
1404.8035772884218 651.8001199880343 99.35538564358488 15.99123891599993
1404.6259250621872 651.6224655165961 99.52089540188052 16.02470949999997
1404.4491619340786 651.4457001677364 99.68640301927313 16.058036833000187
1404.2732813057705 651.269817343048 99.8519084957904 16.09125241599986
1404.0982765492843 651.0948104132389 100.01741183146002 16.12457012499999
1403.9241410080083 650.9206727216354 100.1829130263097 16.157905416000176
1403.7508680001565 650.7473975851844 100.34841208036713 16.19123508299981
1403.5784508197514 650.5749782978671 100.51390899365997 16.22456749999992
1403.406882739993 650.4034081316614 100.67940376621594 16.257904957999926
1403.236157014201 650.2326803398653 100.84489639806273 16.291229666000163
1403.0662668790906 650.062788158017 101.01038688922802 16.324556582999776
1402.8972055556733 649.8937248071267 101.1758752397395 16.356912415999886
1402.7289662524404 649.7254834945514 101.34136144962486 16.37457408299997
1402.5615421662162 649.5580574171343 101.50684551891179 16.40791850000005
1402.3949264852495 649.3914397620323 101.67232744762799 16.441251249999823
1402.2291123900184 649.2256237097616 101.83780723580115 16.4745653330001
1402.0640930562279 649.0606024349772 102.00328488345895 16.507145624999794
1401.8998616555648 648.8963691094234 102.16876039062906 16.524375125000006
1401.7364113586013 648.7329169026624 102.33423375733919 16.54123704099993
1401.573735335498 648.570238984931 102.49970498361702 16.574549040999955
1401.4118267588133 648.4083285278168 102.66517406949025 16.60788779099994
1401.2506788041526 648.2471787070202 102.83064101498655 16.640762125000037
1401.0902846528847 648.0867827029768 102.99610582013362 16.657890541000143
1400.9306374927357 647.927133703526 103.16156848495913 16.69122837499981
1400.7717305204117 647.7682249044772 103.32702900949077 16.724563540999952
1400.613556942137 647.6100495121857 103.49248739375624 16.757901416000095
1400.456109976184 647.4526007440629 103.6579436377832 16.791241207999974
1400.2993828533554 647.295871831059 103.82339774159936 16.824574958000085
1400.14336881942 647.1398560181165 103.9888497052324 16.85788445800017
1399.9880611355393 646.9845465665607 104.15429952870998 16.891227832999903
1399.8334530806117 646.8299367544963 104.31974721205981 16.907911374999912
1399.6795379516404 646.6760198791069 104.48519275530955 16.941234500000064
1399.5263090659887 646.5227892569935 104.6506361584869 16.974566916000185
1399.3737597616896 646.3702382263842 104.81607742161954 17.007138708000184
1399.221883399611 646.2183601474158 104.98151654473514 17.024569707999945
1399.0706733637091 646.0671484042538 105.1469535278614 17.057905749999918
1398.9201230631052 645.9165964053174 105.31238837102599 17.09121312499974
1398.7702259322807 645.7666975853116 105.4778210742566 17.12457541599997
1398.6209754330687 645.6174454053954 105.64325163758089 17.157918625000093
1398.4723650547921 645.4688333551281 105.80868006102655 17.191062082999906
1398.3243883161692 645.3208549525809 105.97410634462128 17.20791162500018
1398.1770387653964 645.1735037461989 106.13953048839272 17.24123179099979
1398.0303099819696 645.0267733148567 106.30495249236859 17.274572916000125
1397.8841955767125 644.8806572696382 106.47037235657653 17.307908124999813
1397.738689193516 644.7351492538374 106.63579008104425 17.340355541000008
1397.5937845093115 644.590242944657 106.80120566579942 17.357141832999787
1397.449475235731 644.4459320531552 106.9666191108697 17.374578416000077
1397.3057551190268 644.3022103258658 107.13203041628279 17.407926124999904
1397.162617941654 644.1590715446922 107.29743958206636 17.440759166000134
1397.0200575221374 644.0165095284505 107.46284660824809 17.457894125000166
1396.878067716579 643.8745181327115 107.62825149485565 17.474574415999996
1396.7366424184734 643.7330912512696 107.79365424191671 17.50789704099998
1396.595775560141 643.5922228159346 107.95905484945897 17.541209250000065
1396.4554611124952 643.4519067979274 108.12445331751007 17.557912165999824
1396.315693086403 643.3121372076232 108.28984964609771 17.59124887500002
1396.176465532404 643.1729080958768 108.45524383524955 17.62459354099974
1396.0377725420033 643.0342135537182 108.62063588499328 17.657601583000087
1395.8996082473416 642.8960477136104 108.78602579535655 17.67453608300002
1395.7619668224215 642.7584047490985 108.95141356636705 17.707884874999763
1395.6248424827347 642.6212788760015 109.11679919805246 17.74124083300012
1395.4882294864212 642.4846643520177 109.28218269044044 17.774573290999797
1395.352122133854 642.3485554778529 109.44756404355866 17.807900207999865
1395.2165147687358 642.2129465967829 109.6129432574348 17.841237290999743
1395.0814017776424 642.077832095721 109.77832033209653 17.87457145799999
1394.9467775910593 641.9432064047392 109.94369526757151 17.907900165999763
1394.8126366828842 641.8090639980771 110.10906806388743 17.941229125000064
1394.6789735714071 641.6753993936244 110.27443872107196 17.974082582999927
1394.5457828187743 641.5422071538725 110.43980723915276 17.991117540999767
1394.4130590319132 641.40948188536 110.6051736181575 18.024565290999817
1394.2807968619595 641.2772182395712 110.77053785811384 18.057884666000064
1394.1489910051293 641.1454109123447 110.93589995904946 18.074561999999787
1394.017636202112 641.0140546447207 111.10125992099204 18.107896250000067
1393.886727238892 640.8831442223163 111.26661774396922 18.14082954100013
1393.756258946108 640.7526744761233 111.4319734280087 18.15787445800015
1393.626226199827 640.6226402818509 111.59732697313814 18.17457254100009
1393.4966239208732 640.4930365606772 111.76267837938519 18.20790175000002
1393.3674470755548 640.363858278562 111.92802764677752 18.241236124999887
1393.2386906749643 640.235100446953 112.09337477534281 18.274585624999872
1393.1103497756626 640.10675812207 112.25871976510872 18.307928875000016
1392.9824194789505 639.9788264055699 112.42406261610292 18.3412297079999
1392.8548949315125 639.8513004438036 112.58940332835306 18.37457399999994
1392.7277713246617 639.7241754284405 112.75474190188682 18.407768083000065
1392.6010438949456 639.5974465957012 112.92007833673185 18.424596541000028
1392.4747079233664 639.4711092269439 113.08541263291583 18.45792974999995
1392.34875873595 639.345158647874 113.25074479046643 18.491277291000188
1392.2231917029444 639.2195902290947 113.41607480941128 18.524585290999767
1392.0980022393535 639.094399385295 113.58140268977809 18.557906000000003
1391.973185804115 638.9695815757672 113.74672843159449 18.591223291000006
1391.8487379006026 638.8451323035745 113.91205203488815 18.60795058299982
1391.724654075783 638.7210471160375 114.07737349968673 18.641246207999757
1391.6009299206894 638.5973216038835 114.2426928260179 18.674575665999782
1391.4775610695606 638.4739514017033 114.40801001390932 18.707899458000156
1391.354543200285 638.3509321870838 114.57332506338864 18.74123550000013
1391.2318720335252 638.2282596810377 114.73863797448352 18.77457270800005
1391.1095433331348 638.1059296471207 114.90394874722165 18.80790637500013
1390.9875529052688 637.9839378918358 115.06925738163066 18.840457499999957
1390.8658965987756 637.8622802637368 115.23456387773822 18.873925791000147
1390.7445703042943 637.7409526538088 115.39986823557199 18.907195708000017
1390.6235699546244 637.6199509945591 115.56517045515962 18.924600249999912
1390.502891523811 637.4992712603766 115.73047053652877 18.95790587500005
1390.382531027494 637.3789094666116 115.89576847970712 18.99123362499995
1390.2624845219827 637.2588616699145 116.0610642847223 19.024570333000156
1390.142748104586 637.1391239673062 116.226357951602 19.057913250000183
1390.0233179126772 637.0196924964988 116.39164948037384 19.091221874999974
1389.9041901240075 636.9005634349573 116.5569388710655 19.12458749999996
1389.785360955763 636.7817330002038 116.72222612370463 19.15805333299977
1389.6668266648612 636.663197448871 116.88751123831888 19.191366458000175
1389.5485835470026 636.5449530769922 117.05279421493591 19.224571040999763
1389.4306279369523 636.426996219049 117.21807505358339 19.257902124999873
1389.3129562075853 636.3093232482463 117.38335375428896 19.29123358300012
1389.1955647701561 636.1919305755558 117.54863031708028 19.32399229099974
1389.0784500733391 636.0748146499789 117.713904741985 19.341227165999953
1388.9616086034864 635.9579719575855 117.87917702903077 19.357906833000015
1388.8450368836652 635.8413990217666 118.04444717824525 19.374576499999876
1388.7287314739049 635.72509240227 118.2097151896561 19.407916665999892
1388.612688970232 635.6090486954425 118.37498106329096 19.441243916000076
1388.4969060049084 635.493264533265 118.54024479917749 19.473987249999936
1388.3813792454646 635.3777365835849 118.70550639734334 19.491188375000092
1388.2661053949298 635.2624615491504 118.87076585781617 19.507870165999975
1388.1510811908647 635.1474361678361 119.03602318062362 19.524573790999966
1388.036303405585 635.0326572116762 119.20127836579334 19.55793208299974
1387.9217688451934 634.9181214870846 119.36653141335299 19.591229540999848
1387.8074743497984 634.803825833888 119.5317823233302 19.62371066600008
1387.6934167925472 634.689767125541 119.69703109575265 19.641169874999832
1387.5795930798383 634.5759422681607 119.86227773064797 19.657898583000133
1387.4660001503578 634.4623482007368 120.02752222804382 19.67457070799992
1387.3526349752865 634.3489818941686 120.19276458796784 19.691238082999917
1387.2394945573396 634.2358403514717 120.3580048104477 19.707905958000083
1387.1265759309713 634.1229206068177 120.52324289551102 19.72460137500002
1387.0138761614153 634.0102197257381 120.68847884318546 19.757904041000074
1386.9013923448886 633.8977348041669 120.85371265349868 19.790699041000153
1386.7891216076362 633.7854629686432 121.01894432647829 19.8077952499998
1386.6770611061318 633.6734013753572 121.18417386215198 19.841239916000177
1386.5652080261275 633.5615472103522 121.34940126054737 19.857944207999935
1386.4535595828538 633.4498976885742 121.51462652169211 19.89123625000002
1386.3421130200732 633.3384500540739 121.67984964561386 19.907904249999774
1386.2308656102805 633.2272015790609 121.84507063234024 19.924582250000185
1386.1198146537613 633.1161495641059 122.01028948189892 19.94127358300011
1386.008957478793 633.0052913372003 122.17550619431753 19.97392408299993
1385.898291440708 632.8946242539587 122.34072076962373 19.99124162499993
1385.7878139220961 632.7841456966844 122.50593320784515 20.024561790999996
1385.6775223318741 632.6738530745731 122.67114350900943 20.041237082999942
1385.567414105489 632.5637438227844 122.83635167314422 20.057905457999823
1385.457486703993 632.453815402647 123.00155770027716 20.07457424999984
1385.3477376142505 632.3440653007367 123.1667615904359 20.107955333000064
1385.238164348018 632.2344910290839 123.33196334364807 20.140827499999887
1385.1287644421539 632.1250901242574 123.49716295994132 20.157901208000112
1385.0195354577052 632.0158601475758 123.6623604393433 20.191235833000064
1384.9104749801202 631.9067986841968 123.82755578188164 20.22456537500011
1384.8015806183419 631.797903343332 123.99274898758398 20.257905790999757
1384.6928500050235 631.6891717573435 124.15794005647797 20.291243290999773
1384.5842807956292 631.5806015819614 124.32312898859124 20.324577124999905
1384.4758706686532 631.4721904953883 124.48831578395142 20.357144832999893
1384.3676173247277 631.3639361985198 124.65350044258618 20.374585749999824
1384.2595184868455 631.2558364140563 124.81868296452313 20.40789970800006
1384.1515718994756 631.1478888867277 124.98386334978993 20.44123820799996
1384.0437753287897 631.0400913824125 125.1490415984142 20.474593124999956
1383.9361265617847 630.9324416883665 125.31421771042359 20.50790562500015
1383.8286234065145 630.8249376123491 125.47939168584574 20.540472665999914
1383.721263691219 630.7175769828575 125.64456352470827 20.557380374999866
1383.6140452645611 630.6103576482592 125.80973322703883 20.591226707999795
1383.5069659947628 630.5032774770312 125.97490079286506 20.62457145799999
1383.4000237698467 630.3963343569004 126.14006622221459 20.657900374999826
1383.2932164967804 630.2895261950871 126.30522951511504 20.69122491600001
1383.1865421017224 630.1828509174532 126.47039067159407 20.72457274999988
1383.0799985291733 630.0763064687507 126.63554969167932 20.757901790999767
1382.973583742228 629.9698908117768 126.8007065753984 20.791244582999752
1382.8672957217339 629.8636019276287 126.96586132277895 20.824059457999738
1382.7611324665477 629.7574378148646 127.13101393384862 20.84113116599974
1382.6550919927013 629.6513964897647 127.29616440863504 20.85792050000009
1382.5491723336645 629.5454759854997 127.46131274716582 20.891248416000053
1382.4433715395176 629.4396743523962 127.62645894946861 20.92458862500007
1382.3376876772193 629.3339896571135 127.79160301557106 20.95790441600002
1382.232118829787 629.228419982914 127.95674494550077 20.991263666000123
1382.12666309657 629.1229634288469 128.12188473928538 21.024582624999766
1382.0213185924367 629.0176181100244 128.28702239695252 21.057908708000014
1381.9160834480542 628.9123821568124 128.45215791852985 21.091234541000176
1381.8109558090819 628.8072537151127 128.61729130404498 21.12418683299984
1381.7059338364554 628.70223094556 128.78242255352555 21.140858249999837
1381.6010157055891 628.5973120238096 128.94755166699917 21.15776245799998
1381.4961996066654 628.4924951397422 129.11267864449349 21.191234500000064
1381.3914837438429 628.3877784977561 129.2778034860361 21.224570833000143
1381.2868663355514 628.2831603159794 129.44292619165466 21.25789799999984
1381.1823456137079 628.1786388265677 129.6080467613768 21.291230708000057
1381.0779198240164 628.0742122749227 129.77316519523015 21.324500499999886
1380.9735872251902 627.9698789199955 129.93828149324233 21.357134875000156
1380.869346089258 627.8656370335119 130.10339565544098 21.37456791600016
1380.7651947007919 627.7614849002811 130.26850768185372 21.40696329100001
1380.6611313572191 627.657420817427 130.43361757250815 21.42456887499975
1380.5571543680571 627.5534430947032 130.59872532743194 21.4412675829999
1380.4532620552295 627.44955005373 130.7638309466527 21.473634749999746
1380.3494527523083 627.3457400283145 130.92893443019804 21.491238582999813
1380.2457248048345 627.2420113636942 131.09403577809562 21.52457745799984
1380.1420765695668 627.1383624168625 131.259134990373 21.55790320799997
1380.038506414808 627.0347915558181 131.4242320670579 21.59123416600005
1379.9350127196578 626.9312971598952 131.58932700817786 21.624585957999898
1379.831593874347 626.8278776190199 131.75441981376053 21.65790458299989
1379.7282482794942 626.7245313340447 131.91951048383356 21.69124491599996
1379.624974346445 626.6212567160109 132.08459901842454 21.724569416000122
1379.5217704965357 626.5180521864878 132.2496854175611 21.75790512499998
1379.4186351614364 626.4149161768412 132.41476968127088 21.791234124999846
1379.315566782421 626.3118471285774 132.5798518095815 21.82470295799976
1379.2125638107143 626.2088434926169 132.74493180252057 21.857625208000172
1379.1096247067683 626.1059037296437 132.9100096601157 21.891278749999856
1379.0067479406132 626.0030263093839 133.07508538239452 21.924577082999804
1378.9039319911394 625.9002097109596 133.24015896938465 21.957908750000115
1378.8011753464539 625.7974524221733 133.40523042111374 21.991239124999993
1378.698476503166 625.6947529398657 133.5702997376094 22.02457349999986
1378.5958339667486 625.5921097692058 133.7353669188992 22.058028625000134
1378.4932462508302 625.489521424053 133.9004319650108 22.091342000000168
1378.3907118775594 625.3869864262516 134.0654948759718 22.12456254100016
1378.2882293769012 625.2845033059979 134.23055565180985 22.157927040999766
1378.185797287007 625.182070601139 134.39561429255255 22.191230500000074
1378.0834141535158 625.0796868575447 134.56067079822753 22.224582541000018
1377.9810785299271 624.9773506284108 134.7257251688624 22.257906249999905
1377.8787889769073 624.8750604746344 134.89077740448477 22.291242750000038
1377.7765440626674 624.7728149641226 135.05582750512224 22.32457816599981
1377.6743423622727 624.6706126721715 135.22087547080247 22.357121291000112
1377.5721824580248 624.568452180779 135.38592130155305 22.374611207999806
1377.470062938776 624.4663320790281 135.5509649974016 22.40790504100005
1377.3679824003148 624.3642509624041 135.7160065583757 22.44123158299999
1377.2659394446844 624.2622074331807 135.88104598450303 22.45790895800019
1377.163932680572 624.1602000997422 136.04608327581118 22.49127908299988
1377.061960722632 624.0582275769732 136.21111843232777 22.524057832999915
1376.960022191877 623.9562884855843 136.37615145408037 22.541249750000134
1376.858115715007 623.8543814525058 136.54118234109663 22.574566875000073
1376.7562399248034 623.7525051102167 136.70621109340416 22.607883582999875
1376.6543934594608 623.6506580971424 136.87123771103057 22.64127895799993
1376.5525749629855 623.5488390569873 137.03626219400348 22.67459474999987
1376.4507830845307 623.4470466391352 137.2012845423505 22.70790454100006
1376.3490164787981 623.3452794979866 137.36630475609923 22.741385332999926
1376.2472738053768 623.243536293361 137.53132283527728 22.774726332999762
1376.1455537291477 623.1418156898385 137.69633877991228 22.80790529099977
1376.0438549196258 623.0401163571653 137.86135259003183 22.841385833000004
1375.9421760513683 622.9384369695978 138.02636426566355 22.873921708000125
1375.84051580332 622.8367762063119 138.19137380683503 22.890958124999997
1375.7388728592232 622.7351327507502 138.3563812135739 22.907866999999897
1375.6372459069678 622.6335052910333 138.52138648590778 22.924581750000016
1375.535633639003 622.5318925193112 138.68638962386424 22.956957416000023
1375.4340347516907 622.4302931321772 138.85139062747092 22.97457812499988
1375.33244794572 622.3287058300215 139.0163894967554 23.00789974999998
1375.2308719254638 622.2271293174482 139.18138623174534 23.024571040999945
1375.1293053993952 622.1255623026324 139.3463808324683 23.041238457999953
1375.027747079447 622.0240034977387 139.5113732989519 23.07430212500003
1374.9261956814316 621.9224516182818 139.67636363122372 23.107914124999752
1374.8246499244026 621.8209053835469 139.8413518293114 23.14083841599995
1374.7231085310762 621.7193635159535 140.00633789324255 23.17457470799991
1374.6215702271966 621.6178247414779 140.17132182304476 23.20791058299983
1374.5200337419597 621.5162877890194 140.33630361874566 23.24124079100011
1374.4184978073804 621.4147513908254 140.50128328037283 23.27457220799988
1374.3169611587184 621.3132142818597 140.66626080795388 23.307907500000056
1374.2154225338486 621.2116752002298 140.8312362015164 23.341277999999875
1374.1138806736885 621.1101328865583 140.996209461088 23.374567458
1374.0123343215712 621.0085860844108 141.1611805866963 23.40792779100002
1373.9107822236745 620.9070335396711 141.3261495783689 23.44123483300018
1373.8092231283965 620.8054740009702 141.4911164361334 23.47458212499987
1373.7076557867863 620.7039062190637 141.6560811600174 23.50792924999996
1373.606078951922 620.6023289472628 141.82104375004852 23.68219529099997
