1499.999763457169 746.999979589354 10.0 0.07601509988307953
1499.9990540398487 746.9999177490951 10.0 0.2857572331558913
1499.9978720550864 746.9998127416263 10.0 0.32031783321872354
1499.9962177974269 746.9996629035696 10.0 0.3369915331713855
1499.9940915494697 746.9994666426006 10.0 0.3536645332351327
1499.991493582402 746.999222434419 10.0 0.3703366331756115
1499.9884241565092 746.9989288198483 10.0 0.38737133308313787
1499.9848835216626 746.9985844020589 10.0 0.40404433314688504
1499.9808719177884 746.9981878439106 10.0 0.4213806332554668
1499.9763895753135 746.9977378654078 10.0 0.4380551332142204
1499.971436715596 746.9972332412635 10.0 0.4547267332673073
1499.9660135513336 746.996672798568 10.0 0.4713955332990736
1499.9601202869583 746.9960554145563 10.0 0.4880673331208527
1499.9537571190103 746.9953800144708 10.0 0.5047504331450909
1499.9469242364999 746.9946455695164 10.0 0.5214253331068903
1499.9396218212507 746.9938510949014 10.0 0.5381957332137972
1499.9318500482304 746.9929956479632 10.0 0.5548740332014859
1499.9236090858656 746.9920783263732 10.0 0.5715461331419647
1499.9148990963452 746.9910982664192 10.0 0.5882182330824435
1499.905720235909 746.9900546413602 10.0 0.6057040332816541
1499.8960726551254 746.9889466598523 10.0 0.6225610331166536
1499.885956499156 746.9877735644412 10.0 0.6392308331560344
1499.87537190801 746.9865346301194 10.0 0.6559075331315398
1499.864319016787 746.9852291629448 10.0 0.6725842331070453
1499.8527979559099 746.9838564987184 10.0 0.6892611330840737
1499.8408088513472 746.9824160017184 10.0 0.7059367331676185
1499.828351824827 746.9809070634885 10.0 0.7226103332359344
1499.8154269940405 746.9793291016775 10.0 0.7392781332600862
1499.802034472838 746.9776815589294 10.0 0.7559455332811922
1499.788174371415 746.9759639018192 10.0 0.7726124331820756
1499.7738467964925 746.9741756198364 10.0 0.7892866332549602
1499.7590518514878 746.9723162244095 10.0 0.8063870330806822
1499.7437896366785 746.9703852479744 10.0 0.8230587332509458
1499.72806024936 746.9683822430806 10.0 0.839782333234325
1499.7118637839956 746.966306781537 10.0 0.8565222332254052
1499.6952003323606 746.9641584535935 10.0 0.8731929331552237
1499.6780699836804 746.9619368671578 10.0 0.8898643332067877
1499.660472824762 746.9596416470449 10.0 0.9065700331702828
1499.6424089401207 746.9572724342603 10.0 0.9234135332517326
1499.6238784121003 746.9548288853118 10.0 0.9400819332804531
1499.6048813209898 746.9523106715523 10.0 0.9567566332407296
1499.5854177451336 746.9497174785492 10.0 0.9734293331857771
1499.5654877610375 746.9470490054829 10.0 0.9901003332342952
1499.545091443471 746.9443049645679 10.0 1.0067693332675844
1499.5242288655634 746.9414850805018 10.0 1.0234362331684679
1499.5029000988975 746.9385890899355 10.0 1.0405073331203312
1499.4811052135985 746.935616740967 10.0 1.0571740332525223
1499.4588442784195 746.9325677926571 10.0 1.0738414332736284
1499.4361173608224 746.9294420145646 10.0 1.0905141332186759
1499.412924527057 746.926239186303 10.0 1.1071872331667691
1499.3892658422349 746.9229590971144 10.0 1.1238554331939667
1499.3651413704015 746.919601545463 10.0 1.1405331331770867
1499.3405511746043 746.9161663386452 10.0 1.157199933193624
1499.3154953169592 746.9126532924163 10.0 1.188051633303985
1499.2899738587118 746.9090622306337 10.0 1.2047230331227183
1499.2639868602992 746.9053929849148 10.0 1.221407333156094
1499.2375343814062 746.9016453943098 10.0 1.2380831332411617
1499.2106164810211 746.8978193049882 10.0 1.2549083332996815
1499.183233217488 746.8939145699392 10.0 1.272094233194366
1499.155384648557 746.8899310486842 10.0 1.2887690332718194
1499.1270708314335 746.885868607002 10.0 1.3054666332900524
1499.0982918228233 746.8817271166657 10.0 1.3223283332772553
1499.0690476789775 746.877506455191 10.0 1.3390036332421005
1499.0393384557347 746.8732065055946 10.0 1.3556714332662523
1499.0091642085608 746.8688271561635 10.0 1.3723502331413329
1498.9785249925892 746.8643683002344 10.0 1.389020933303982
1498.9474208626564 746.8598298359816 10.0 1.4056922332383692
1498.9158518733384 746.8552116662147 10.0 1.4223612332716584
1498.8838180789846 746.8505136981845 10.0 1.4390298333019018
1498.8513195337503 746.8457358433978 10.0 1.4559564332012087
1498.8183562916272 746.8408780174394 10.0 1.4735342331696302
1498.7849284064746 746.8359401398021 10.0 1.4902338332030922
1498.7510359320463 746.8309221337237 10.0 1.506909933174029
1498.7166789220191 746.8258239260313 10.0 1.52365403319709
1498.681857430018 746.820645446992 10.0 1.5403253331314772
1498.6465715096422 746.8153866301702 10.0 1.5570513331331313
1498.610821214488 746.8100474122906 10.0 1.5741925332695246
1498.574606598172 746.8046277331074 10.0 1.5908760332968086
1498.5379277143536 746.7991275352788 10.0 1.6075447332113981
1498.500784616755 746.7935467642471 10.0 1.624220333294943
1498.463177359182 746.7878853681243 10.0 1.640896033262834
1498.4251059955427 746.7821432975812 10.0 1.6575687332078815
1498.386570579866 746.776320505743 10.0 1.674239133251831
1498.3475711663189 746.7704169480882 10.0 1.6909099332988262
1498.3081078092239 746.7644325823518 10.0 1.707580233225599
1498.2681805630746 746.7583673684337 10.0 1.7246567332185805
1498.2277894825513 746.7522212683095 10.0 1.7413505332078785
1498.186934622535 746.7459942459466 10.0 1.7580259332899004
1498.1456160381229 746.7396862672224 10.0 1.7748995332513005
1498.10383378464 746.7332972998473 10.0 1.7915793331339955
1498.0615879176537 746.7268273132905 10.0 1.8082490332890302
1498.0188784929846 746.7202762787084 10.0 1.8249238331336528
1497.9757055667199 746.713644168877 10.0 1.8415911332704127
1497.9320691952225 746.7069309581265 10.0 1.8582578331697732
1497.8879694351442 746.7001366222792 10.0 1.874929633224383
1497.843406343434 746.6932611385894 10.0 1.8916269331239164
1497.798379977349 746.6863044856867 10.0 1.9082967331632972
1497.752890394463 746.679266643521 10.0 1.9249716331250966
1497.706937652677 746.6721475933101 10.0 1.9419178331736475
1497.6605218102256 746.6649473174897 10.0 1.9585930332541466
1497.6136429256871 746.6576657996652 10.0 1.9752628332935274
1497.5663010579904 746.650303024566 10.0 1.9919465330895036
1497.5184962664225 746.6428589780013 10.0 2.008617233252153
1497.4702286106365 746.635333646818 10.0 2.0252896330785006
1497.421498150657 746.6277270188605 10.0 2.041965933283791
1497.3723049468883 746.6200390829318 10.0 2.058641833253205
1497.3226490601191 746.6122698287572 10.0 2.0754310332704335
1497.2725305515296 746.604419246948 10.0 2.0921367332339287
1497.2219494826963 746.5964873289684 10.0 2.108811133308336
1497.1709059155985 746.5884740671024 10.0 2.1254819331225008
1497.1193999126226 746.5803794544237 10.0 2.142207733122632
1497.0674315365675 746.5722034847648 10.0 2.158882533200085
1497.015000850649 746.5639461526896 10.0 2.1755639330949634
1496.9621079185042 746.5556074534655 10.0 2.1922347331419587
1496.908752804197 746.5471873830376 10.0 2.20890143327415
1496.8549355722207 746.5386859380035 10.0 2.2255700333043933
1496.8006562875028 746.5301031155897 10.0 2.2422393332235515
1496.7459150154082 746.5214389136285 10.0 2.2589112331625074
1496.6907118217432 746.5126933305363 10.0 2.275581633206457
1496.6350467727589 746.5038663652923 10.0 2.2922494332306087
1496.5789199351539 746.4949580174188 10.0 2.3089351332746446
1496.5223313760782 746.4859682869615 10.0 2.325602033175528
1496.4652811631356 746.4768971744716 10.0 2.34304753318429
1496.4077693643862 746.467744680988 10.0 2.360283133108169
1496.34979604835 746.45851080802 10.0 2.3769616330973804
1496.2913612840086 746.4491955575319 10.0 2.393884433200583
1496.232465140808 746.4397989319269 10.0 2.41066523315385
1496.1731076886606 746.4303209340327 10.0 2.427998733241111
1496.1132889979478 746.420761567087 10.0 2.4446689332835376
1496.0530091395217 746.4111208347241 10.0 2.4613388332072645
1495.9922681847072 746.4013987409619 10.0 2.4780065331142396
1495.931066205304 746.3915952901896 10.0 2.494677133159712
1495.869403273588 746.3817104871553 10.0 2.511354633141309
1495.8072794623133 746.3717443369551 10.0 2.528026533080265
1495.7446948447136 746.361696845022 10.0 2.544938233215362
1495.681649494504 746.3515680171154 10.0 2.5616105331573635
1495.618143485882 746.341357859311 10.0 2.5782785331830382
1495.5541768935293 746.3310663779913 10.0 2.594955033157021
1495.4897497926124 746.3206935798365 10.0 2.6116335331462324
1495.4248622587847 746.3102394718157 10.0 2.6285288331564516
1495.3595143681869 746.2997040611782 10.0 2.6452024332247674
1495.2937061974485 746.2890873554458 10.0 2.661871033255011
1495.2274378236884 746.2783893624047 10.0 2.6785473332274705
1495.1607093245161 746.2676100900987 10.0 2.695217933272943
1495.0935207780328 746.2567495468214 10.0 2.7118846331723034
1495.0258722628319 746.24580774111 10.0 2.7285554332192987
1494.9577638579995 746.2347846817381 10.0 2.7452393332496285
1494.889195643116 746.2236803777106 10.0 2.7619105332996696
1494.820167698256 746.2124948382566 10.0 2.778583733132109
1494.7506801039892 746.2012280728243 10.0 2.795261833118275
1494.6807329413814 746.1898800910753 10.0 2.8119356331881136
1494.610326291994 746.1784509028797 10.0 2.8286074332427233
1494.5394602378854 746.1669405183106 10.0 2.845348433125764
1494.4681348616111 746.1553489476398 10.0 2.8626212331000715
1494.3963502462248 746.1436762013328 10.0 2.8792965332977474
1494.3241064752772 746.1319222900446 10.0 2.8959725331515074
1494.2514036328182 746.1200872246154 10.0 2.912642933195457
1494.178241803396 746.1081710160665 10.0 2.9293191332835704
1494.104621072058 746.0961736755967 10.0 2.9459922332316637
1494.0305415243506 746.084095214578 10.0 2.962665033293888
1493.9560032463196 746.071935644553 10.0 2.979391133179888
1493.8810063245107 746.0596949772306 10.0 2.9960664331447333
1493.8055508459693 746.047373224483 10.0 3.012736333301291
1493.7296368982404 746.0349703983427 10.0 3.0294132332783192
1493.6532645693699 746.0224865109996 10.0 3.0460852331016213
1493.576433947903 746.0099215747977 10.0 3.0627619330771267
1493.499145122886 745.9972756022328 10.0 3.079632433131337
1493.4213981838643 745.9845486059496 10.0 3.096302033169195
1493.343193220885 745.9717405987393 10.0 3.1129783331416547
1493.2645303244947 745.958851593537 10.0 3.129647233290598
1493.1854095857402 745.9458816034197 10.0 3.1463198331184685
1493.1058310961691 745.9328306416037 10.0 3.1629868331365287
1493.025794947829 745.9196987214426 10.0 3.1796966332476586
1492.9453012332672 745.9064858564254 10.0 3.196363333147019
1492.8643500455319 745.8931920601744 10.0 3.213036533212289
1492.7829414781706 745.8798173464432 10.0 3.2297116331756115
1492.701075625231 745.8663617291153 10.0 3.246384133119136
1492.6187525812602 745.8528252222019 10.0 3.2630569331813604
1492.5359724413054 745.8392078398405 10.0 3.279733333270997
1492.4527353009125 745.8255095962932 10.0 3.2964095331262797
1492.369041256127 745.8117305059452 10.0 3.313078133156523
1492.2848904034936 745.7978705833035 10.0 3.329869133187458
1492.2002828400553 745.7839298429952 10.0 3.3465453332755715
1492.115218663354 745.7699082997665 10.0 3.3632210332434624
1492.02969797143 745.7558059684809 10.0 3.3800689331255853
1491.9437208628221 745.7416228641184 10.0 3.3967376332730055
1491.8572874365664 745.7273590017742 10.0 3.41340563329868
1491.7703977921965 745.7130143966574 10.0 3.430073733208701
1491.683052029744 745.6985890640901 10.0 3.4467483332846314
1491.5952502497373 745.6840830195063 10.0 3.4634202332235873
1491.5069925532014 745.6694962784505 10.0 3.480096833081916
1491.418279041658 745.6548288565776 10.0 3.4967673332430422
1491.329109817125 745.6400807696511 10.0 3.513625333085656
1491.2394849821162 745.6252520335426 10.0 3.5312455331441015
1491.1494046396406 745.6103426642306 10.0 3.547918433090672
1491.0588688932028 745.5953526778004 10.0 3.564591833157465
1490.9678778468021 745.5802820904424 10.0 3.5814259331673384
1490.8764316049323 745.565130918452 10.0 3.5983654332812876
1490.7845302725816 745.5498991782285 10.0 3.615034233080223
1490.6921739552315 745.5345868862746 10.0 3.6317072331439704
1490.5993627588573 745.5191940591955 10.0 3.648383933119476
1490.5060967899274 745.5037207136983 10.0 3.665054933167994
1490.4123761554024 745.4881668665915 10.0 3.68172853323631
1490.3182009627358 745.4725325347844 10.0 3.698400433175266
1490.2235713198727 745.4568177352862 10.0 3.7150708332192153
1490.1284873352497 745.4410224852058 10.0 3.7322613331489265
1490.0329491177943 745.4251468017511 10.0 3.7489325331989676
1489.936956776925 745.4091907022283 10.0 3.765994733199477
1489.84051042255 745.3931542040418 10.0 3.7826624331064522
1489.7436101650683 745.3770373246932 10.0 3.799332633148879
1489.6462561153674 745.3608400817814 10.0 3.8160035330802202
1489.5484483848238 745.3445624930015 10.0 3.8328679332043976
1489.450187085303 745.3282045761449 10.0 3.850587733089924
1489.3514723291585 745.3117663490987 10.0 3.8672601331491023
1489.252304229231 745.295247829845 10.0 3.8842974330764264
1489.1526828988488 745.278649036461 10.0 3.9009724331554025
1489.0526084518267 745.2619699871184 10.0 3.917645233217627
1488.9520810024658 745.2452107000828 10.0 3.9343212333042175
1488.851100665553 745.2283711937135 10.0 3.9509885332081467
1488.7496675563607 745.2114514864636 10.0 3.967663133284077
1488.647781790646 745.1944515968787 10.0 3.98433173308149
1488.5454434846501 745.1773715435975 10.0 4.000998633215204
1488.4426527550988 745.1602113453508 10.0 4.017671733163297
1488.3394097192006 745.1429710209618 10.0 4.034382933285087
1488.2357144946473 745.1256505893452 10.0 4.051055933116004
1488.131567199613 745.1082500695076 10.0 4.067725433269516
1488.026967952754 745.0907694805463 10.0 4.0843953331932425
1487.9219168732075 745.07320884165 10.0 4.10106943314895
1487.816414080592 745.0555681720978 10.0 4.11773673328571
1487.7104596950064 745.0378474912593 10.0 4.134405233198777
1487.6040538370296 745.0200468185943 10.0 4.151080933166668
1487.4971966277199 745.0021661736525 10.0 4.167957933153957
1487.3898881886141 744.9842055760732 10.0 4.184626033296809
1487.282128641728 744.9661650455854 10.0 4.201294633094221
1487.1739181095545 744.948044602007 10.0 4.217966133262962
1487.0652567150646 744.9298442652452 10.0 4.235121133271605
1486.9561445817055 744.9115640552956 10.0 4.251797633245587
1486.8465818334012 744.8932039922428 10.0 4.268472533207387
1486.736568594551 744.8747640962595 10.0 4.285438233288005
1486.6261049900297 744.8562443876066 10.0 4.302114433143288
1486.5151911451867 744.837644886633 10.0 4.3188914333004504
1486.4038271858453 744.8189656137755 10.0 4.3355649332515895
1486.2920132383026 744.8002065895583 10.0 4.35223753307946
1486.179749429329 744.7813678345931 10.0 4.368913133163005
1486.0670358861667 744.7624493695787 10.0 4.385589833138511
1485.9538727365302 744.7434512153011 10.0 4.402259733295068
1485.8402601086057 744.724373392633 10.0 4.418929433217272
1485.7261981310498 744.7052159225339 10.0 4.435599633259699
1485.6116869329896 744.6859788260498 10.0 4.452379033202305
1485.4967266440217 744.666662124313 10.0 4.469048833241686
1485.3813173942121 744.6472658385421 10.0 4.485722533194348
1485.2654593140953 744.6277899900417 10.0 4.502395733259618
1485.1491525346735 744.6082346002022 10.0 4.51906943321228
1485.0323971874168 744.5885996904998 10.0 4.535741933155805
1484.915193404262 744.5688852824962 10.0 4.552415533224121
1484.797541317612 744.5490913978387 10.0 4.569083433132619
1484.6794410603359 744.5292180582594 10.0 4.585763233248144
1484.5608927657674 744.5092652855761 10.0 4.602444633143023
1484.441896567705 744.4892331016913 10.0 4.619120833231136
1484.3224526004115 744.4691215285922 10.0 4.635799733223394
1484.2025609986124 744.4489305883508 10.0 4.6524759330786765
1484.0822218974965 744.4286603031236 10.0 4.669149533146992
1483.9614354327146 744.4083106951517 10.0 4.685826133238152
1483.8402017403791 744.3878817867603 10.0 4.702496933285147
1483.718520957064 744.3673736003586 10.0 4.71916413330473
1483.5963932198028 744.3467861584401 10.0 4.73583563324064
1483.4738186660895 744.3261194835819 10.0 4.752503433264792
1483.3507974338772 744.305373598445 10.0 4.7691761332098395
1483.2273296615774 744.284548525774 10.0 4.785846433136612
1483.10341548806 744.2636442883967 10.0 4.802514333277941
1482.9790550526518 744.2426609092245 10.0 4.819189733127132
1482.854248495137 744.2215984112519 10.0 4.835865133209154
1482.7289959557556 744.2004568175564 10.0 4.852535933256149
1482.6032975752037 744.1792361512987 10.0 4.869212333112955
1482.4771534946315 744.1579364357221 10.0 4.885900933295488
1482.3505638556444 744.1365576941528 10.0 4.9026109331753105
1482.2235288003012 744.1150999499993 10.0 4.919308133190498
1482.0960484711138 744.0935632267527 10.0 4.936016533290967
1481.9681230110466 744.0719475479865 10.0 4.952683433191851
1481.839752563516 744.0502529373562 10.0 4.969352033222094
1481.7109372723896 744.0284794185994 10.0 4.986020633252338
1481.5816772819858 744.006627015536 10.0 5.003232933115214
1481.4519727370728 743.9846957520672 10.0 5.020269033266231
1481.3218237828683 743.9626856521763 10.0 5.036942433100194
1481.1912305650385 743.9405967399281 10.0 5.0536139332689345
1481.0601932296981 743.9184290394687 10.0 5.070290133124217
1480.928711923409 743.8961825750258 10.0 5.086958033265546
1480.7967867931802 743.8738573709082 10.0 5.103768533095717
1480.6644179864663 743.8514534515058 10.0 5.120478833094239
1480.5316056511683 743.8289708412894 10.0 5.137151233153418
1480.3983499356316 743.8064095648109 10.0 5.153821933083236
1480.2646509886458 743.7837696467028 10.0 5.170520733110607
1480.1305089594446 743.7610511116782 10.0 5.1871925331652164
1479.9959239977043 743.7382539845307 10.0 5.325814733281732
1479.8608962535436 743.7153782901345 10.0 5.348164666444063
1479.725425877523 743.6924240534437 10.0 5.364861766574904
1479.589513020644 743.6693912994929 10.0 5.381534566404298
1479.4531578343485 743.6462800533966 10.0 5.398207666585222
1479.3163604705178 743.6230903403492 10.0 5.414894066518173
1479.1791210814729 743.5998221856249 10.0 5.431561766425148
1479.0414398199725 743.5764756145777 10.0 5.448231166461483
1478.9033168392136 743.553050652641 10.0 5.464902066392824
1478.76475229283 743.5295473253276 10.0 5.482387566473335
1478.6257463348923 743.5059656582299 10.0 5.499058766523376
1478.4862991199063 743.4823056770193 10.0 5.516188366571441
1478.3464108028134 743.4585674074463 10.0 5.532860266510397
1478.2060815389889 743.4347508753403 10.0 5.54953196644783
1478.0653114842423 743.4108561066099 10.0 5.566221866523847
1477.9241007948162 743.3868831272421 10.0 5.583687966456637
1477.7824496273854 743.3628319633025 10.0 5.600357566494495
1477.6403581390564 743.3387026409354 10.0 5.6170336664654315
1477.4978264873669 743.3144951863633 10.0 5.634075466543436
1477.354854830285 743.2902096258871 10.0 5.6507506663911045
1477.2114433262084 743.2658459858858 10.0 5.667419466422871
1477.067592133964 743.2414042928165 10.0 5.6840935663785785
1476.9233014128067 743.216884573214 10.0 5.700769966468215
1476.7785713224196 743.1922868536909 10.0 5.71744526643306
1476.6334020229124 743.1676111609378 10.0 5.734119666507468
1476.487793674821 743.1428575217225 10.0 5.750794066581875
1476.3417464391073 743.1180259628903 10.0 5.767465166514739
1476.1952604771577 743.093116511364 10.0 5.784135166555643
1476.0483359507832 743.0681291941434 10.0 5.800803066464141
1475.9009730222183 743.0430640383053 10.0 5.817493966547772
1475.75317185412 743.0179210710036 10.0 5.834165566600859
1475.6049326095676 742.992700319469 10.0 5.850840366445482
1475.4562554520621 742.967401811009 10.0 5.867515166522935
1475.3071405455248 742.9420255730076 10.0 5.884188366588205
1475.1575880542975 742.9165716329252 10.0 5.901108366437256
1475.0075981431412 742.8910400182986 10.0 5.91780906659551
1474.8571709772352 742.8654307567408 10.0 5.934476366499439
1474.7063067221775 742.839743875941 10.0 5.951177766546607
1474.5550055439826 742.8139794036645 10.0 5.9678508664947
1474.403267609082 742.7881373677519 10.0 5.9845178665127605
1474.2510930843227 742.7622177961202 10.0 6.001195966498926
1474.0984821369673 742.7362207167619 10.0 6.017912266543135
1473.9454349346925 742.7101461577446 10.0 6.034583366475999
1473.7919516455884 742.6839941472116 10.0 6.053479566471651
1473.6380324381587 742.6577647133814 10.0 6.070152066415176
1473.4836774813189 742.6314578845478 10.0 6.086826466489583
1473.3288869443963 742.6050736890793 10.0 6.103493366390467
1473.1736609971292 742.5786121554194 10.0 6.120170066598803
1473.0179998096655 742.5520733120863 10.0 6.136845066444948
1472.861903552563 742.5254571876733 10.0 6.153514766599983
1472.705372396788 742.4987638108474 10.0 6.17018436640501
1472.5484065137148 742.4719932103508 10.0 6.186854366445914
1472.3910060751248 742.4451454149994 10.0 6.20353076653555
1472.2331712532061 742.4182204536836 10.0 6.220200466457754
1472.0749022205525 742.3912183553676 10.0 6.236867766594514
1471.916199150163 742.3641391490896 10.0 6.253538066521287
1471.7570622154408 742.3369828639616 10.0 6.2702125664800406
1471.5974915901925 742.3097495291692 10.0 6.286885766545311
1471.437487448628 742.2824391739714 10.0 6.303574266610667
1471.277049965359 742.255051827701 10.0 6.320247966563329
1471.116179315399 742.2275875197636 10.0 6.336918066488579
1470.9548756741617 742.2000462796382 10.0 6.354443666525185
1470.7931392174612 742.1724281368768 10.0 6.371120066381991
1470.6309701215105 742.1447331211043 10.0 6.387788166524842
1470.468368562921 742.1169612620183 10.0 6.4044556664302945
1470.305334718702 742.0891125893892 10.0 6.421342266490683
1470.14186876626 742.0611871330597 10.0 6.438011366408318
1469.9779708833973 742.0331849229449 10.0 6.4546780665405095
1469.813641248312 742.0051059890325 10.0 6.4713842663913965
1469.6488800395969 741.9769503613819 10.0 6.488082266412675
1469.4836874362386 741.9487180701249 10.0 6.504753966582939
1469.3180636176173 741.9204091454648 10.0 6.521420766599476
1469.1520087635056 741.8920236176768 10.0 6.538099266588688
1468.985523054068 741.863561517108 10.0 6.5547760664485395
1468.8186066698595 741.8350228741766 10.0 6.571446766378358
1468.6512597918259 741.8064077193725 10.0 6.5883813665714115
1468.4834826013023 741.7777160832565 10.0 6.605062966467813
1468.3152752800127 741.7489479964607 10.0 6.621736666420475
1468.146638010069 741.7201034896883 10.0 6.638411466497928
1467.9775709739704 741.6911825937132 10.0 6.655174266546965
1467.8080743546025 741.6621853393799 10.0 6.6718601665925235
1467.6381483352368 741.6331117576037 10.0 6.688528966391459
1467.46779309953 741.6039618793704 10.0 6.705201966455206
1467.2970088315221 741.574735735736 10.0 6.721872166497633
1467.1257957156377 741.5454333578267 10.0 6.7385466664563864
1466.9541539366835 741.5160547768388 10.0 6.755217666504905
1466.7820836798483 741.4866000240387 10.0 6.771884366404265
1466.6095851307018 741.4570691307623 10.0 6.78855996648781
1466.4366584751945 741.4274621284154 10.0 6.805235466454178
1466.2633038996562 741.3977790484734 10.0 6.821903366595507
1466.0895215907958 741.3680199224809 10.0 6.838769466383383
1465.9153117357005 741.338184782052 10.0 6.855441866442561
1465.7406745218343 741.3082736588699 10.0 6.87239346653223
1465.5656101370382 741.2782865846867 10.0 6.890024966560304
1465.3901187695287 741.2482235913235 10.0 6.906699666520581
1465.2142006078977 741.2180847106702 10.0 6.923375366488472
1465.037855841111 741.1878699746851 10.0 6.940042066387832
1464.861084658508 741.1575794153954 10.0 6.956717166583985
1464.6838872498008 741.1272130648963 10.0 6.973390666535124
1464.5062638050738 741.0967709553513 10.0 6.990061266580597
1464.3282145147818 741.0662531189921 10.0 7.0067960664164275
1464.1497395697506 741.0356595881183 10.0 7.0234631665516645
1463.9708391611753 741.0049903950973 10.0 7.040131866466254
1463.7915134806196 740.9742455723641 10.0 7.057096066419035
1463.6117627200158 740.9434251524216 10.0 7.073769466485828
1463.431587071663 740.9125291678398 10.0 7.0904420665465295
1463.250986728227 740.8815576512561 10.0 7.107116866391152
1463.0699618827393 740.850510635375 10.0 7.123795166378841
1462.8885127285962 740.8193881529681 10.0 7.140470066573471
1462.706639459558 740.7881902368739 10.0 7.157145166536793
1462.5243422697483 740.7569169199976 10.0 7.173816166585311
1462.3416213536536 740.7255682353109 10.0 7.190487866522744
