1499.9998808064922 747.0 5.000017416492178 0.08084599999710917
1499.9995232526094 747.0 5.000070853406336 0.31094213342294097
1499.998927370365 747.0 5.000162045356794 0.34390323341358453
1499.9980931889274 747.0 5.00029266673647 0.36057863337919116
1499.9970207345814 747.0 5.000464333848413 0.3772489334223792
1499.9957100306901 747.0 5.000678606963538 0.3939295334275812
1499.9941610976591 747.0 5.000936992307117 0.41161083336919546
1499.9923739529017 747.0 5.00124094397649 0.42835643340367824
1499.990348610805 747.0 5.001591865792386 0.4450290334643796
1499.988085082698 747.0 5.001991113086146 0.46171113348100334
1499.9855833768192 747.0 5.002439994425084 0.478380533400923
1499.9828434982871 747.0 5.0029397732781105 0.4950535334646702
1499.979865449071 747.0 5.003491669623701 0.5117258334066719
1499.976649227962 747.0 5.004096861502204 0.5284016333753243
1499.9731948305468 747.0 5.004756486514415 0.5450761334504932
1499.9695022491808 747.0 5.005471643268274 0.5617432334693149
1499.9655714729622 747.0 5.006243392775494 0.5784157334128395
1499.9614024877085 747.0 5.007072759799845 0.5950833334354684
1499.956995275932 747.0 5.007960734158769 0.6118885334581137
1499.9523498168176 747.0 5.008908271979946 0.6286370333982632
1499.9474660861995 747.0 5.00991629691437 0.6454623334575444
1499.942344056541 747.0 5.010985701307437 0.6625088334549218
1499.9369836969138 747.0 5.012117347329504 0.6791813333984464
1499.9313849729767 747.0 5.01331206806732 0.6958540334599093
1499.925547846958 747.0 5.014570668577683 0.7125266334041953
1499.9194722776351 747.0 5.0158939269046305 0.7292030333774164
1499.9131582203186 747.0 5.017282595061433 0.7459635334089398
1499.9066056268327 747.0 5.018737399978593 0.7626522334758192
1499.8998144454995 747.0 5.020259044419048 0.7793238334124908
1499.8927846211225 747.0 5.021848207861695 0.7964306334033608
1499.8855160949706 747.0 5.023505547354341 0.813101633451879
1499.878008804763 747.0 5.025231698337135 0.8297745333984494
1499.8702626846543 747.0 5.0270272754375105 0.846443833434023
1499.86227766522 747.0 5.028892873237614 0.863116433378309
1499.8540536734426 747.0 5.030829067015177 0.8797922334633768
1499.8455906326988 747.0 5.032836413458758 0.8964675334282219
1499.8368884627453 747.0 5.034915451358224 0.9140908333938569
1499.827947079707 747.0 5.03706670227135 0.9307660334743559
1499.8187663960648 747.0 5.0392906711673415 0.9474412334384397
1499.8093463206433 747.0 5.041587847048103 0.9645607334095985
1499.7996867585994 747.0 5.043958703547996 0.9812343334779143
1499.789787611411 747.0 5.046403699512856 0.9979121334617957
1499.779648776866 747.0 5.04892327955897 1.014584333403036
1499.7692701490525 747.0 5.05151787461271 1.0321600334718823
1499.7586516183478 747.0 5.054187902431502 1.048833233420737
1499.7477930714085 747.0 5.056933768106769 1.0655009334441274
1499.736694391161 747.0 5.05975586454947 1.082180533441715
1499.7253554567924 747.0 5.0626545729588415 1.0988565334118903
1499.71377614374 747.0 5.065630263274922 1.1155270334566012
1499.7019563236843 747.0 5.068683294615425 1.1321941334754229
1499.6898958645384 747.0 5.07181401569749 1.1488661334151402
1499.6775946304408 747.0 5.075022765244849 1.1655338334385306
1499.665052481747 747.0 5.07830987238091 1.1822044333675876
1499.6522692750202 747.0 5.081675657008232 1.1988809334579855
1499.6392448630256 747.0 5.0851204301748885 1.2155947333667427
1499.6259790947204 747.0 5.08864449442814 1.2333113334607333
1499.6124718152478 747.0 5.0922481441558896 1.249984533409588
1499.5987228659292 747.0 5.095931665916319 1.2666562334634364
1499.5847320842568 747.0 5.099695338756122 1.2833290334092453
1499.5704993038867 747.0 5.10353943451774 1.3005075334804133
1499.5560243546324 747.0 5.1074642181359575 1.317181633436121
1499.5413070624577 747.0 5.111469947924259 1.333860233426094
1499.5263472494696 747.0 5.115556875851261 1.3505291334586218
1499.5111447339125 747.0 5.1197252478076045 1.3672074334463105
1499.4956993301619 747.0 5.123975303863607 1.3838743334636092
1499.4800108487175 747.0 5.128307278518006 1.4005497334292158
1499.4640790961973 747.0 5.132721400938108 1.4172320334473625
1499.4479038753323 747.0 5.137217895191626 1.4339000334730372
1499.4314849849588 747.0 5.141796980470511 1.4505751334363595
1499.4148222200142 747.0 5.146458871307036 1.4672472333768383
1499.3979153715306 747.0 5.151203777782418 1.492788033443503
1499.380764226629 747.0 5.156031905728224 1.5094585333717987
1499.3633685685136 747.0 5.160943456920817 1.5262520334217697
1499.3457281764665 747.0 5.1659386292690845 1.5429187334375456
1499.327842825842 747.0 5.171017616995671 1.5595886334776878
1499.3097122880613 747.0 5.176180610811959 1.5763803333975375
1499.291336330607 747.0 5.181427798086991 1.5930564333684742
1499.2727147170178 747.0 5.1867593630105695 1.6102563333697617
1499.2538472068836 747.0 5.192175486750708 1.6269252334022895
1499.2347335558395 747.0 5.197676347605652 1.6435968334553763
1499.2153735155612 747.0 5.203262121150647 1.6602670333813876
1499.1957668337595 747.0 5.208932980379636 1.6769406334497035
1499.1759132541758 747.0 5.214689095842061 1.6936156334122643
1499.1558125165764 747.0 5.22053063577495 1.7102840334409848
1499.1354643567474 747.0 5.226457766230432 1.7269531334750354
1499.1148685064904 747.0 5.232470651198856 1.744058933458291
1499.0940246936168 747.0 5.23856945272766 1.7607350334292278
1499.072932641943 747.0 5.244754331036136 1.7774702333845198
1499.0515920712853 747.0 5.251025444626233 1.7941370334010571
1499.0300026974555 747.0 5.257382950389542 1.8108152333879843
1499.0081642322555 747.0 5.263827003710582 1.8274842334212735
1498.9860763834722 747.0 5.27035775856653 1.8441513334400952
1498.963738854873 747.0 5.27697536762351 1.8609871334629133
1498.9411513462012 747.0 5.283679982329554 1.8776707333745435
1498.9183135531698 747.0 5.290471753004373 1.894342033425346
1498.895225167458 747.0 5.297350828926017 1.911010533454828
1498.8718858767056 747.0 5.30431735841456 1.9276806333800778
1498.8482953645082 747.0 5.3113714889128945 1.9443559334613383
1498.824453310412 747.0 5.318513367064744 1.961185633437708
1498.8003593899095 747.0 5.32574313878999 1.9778558334801346
1498.7760132744343 747.0 5.333060949357402 1.994523833389394
1498.7514146313556 747.0 5.3404669434548655 2.0111966334516183
1498.726563123974 747.0 5.34796126525719 2.027871133410372
1498.7014584115168 747.0 5.355544058491587 2.0445411334512755
1498.6761001491313 747.0 5.363215466500888 2.06121293338947
1498.6504879878821 747.0 5.370975632304597 2.079229333437979
1498.6246215747444 747.0 5.3788246986578345 2.0961166333872825
1498.5985005525997 747.0 5.3867628081082595 2.1127933334792033
1498.5721245602303 747.0 5.394790103051033 2.1294644334120676
1498.5454932323148 747.0 5.402906725781895 2.1461315334308892
1498.5186061994227 747.0 5.411112818548414 2.1628053333843127
1498.491463088009 747.0 5.419408523599479 2.1800692334072664
1498.4640635204094 747.0 5.427793983233092 2.196739833452739
1498.436407114835 747.0 5.436269339842516 2.213420033454895
1498.4084934853674 747.0 5.444834735960847 2.230089033371769
1498.3803222419529 747.0 5.453490314304049 2.246762033435516
1498.3518929903976 747.0 5.4622362178125154 2.263436633395031
1498.3232053323618 747.0 5.47107258969121 2.280110033461824
1498.2942588653552 747.0 5.479999573448425 2.297085133381188
1498.2650531827314 747.0 5.489017312933216 2.31375363341067
1498.2355878736817 747.0 5.498125952371552 2.3304368334356695
1498.2058625232307 747.0 5.507325636401231 2.347127133398317
1498.1758767122305 747.0 5.516616510105596 2.363796833436936
1498.145630017355 747.0 5.5259987190461 2.380490833427757
1498.1151220110944 747.0 5.535472409293761 2.3971587334526703
1498.08435226175 747.0 5.54503772745953 2.4138257334707305
1498.053320333428 747.0 5.5546948207236335 2.430496233399026
1498.0220257860344 747.0 5.5644438368639095 2.4471675334498286
1497.990468175269 747.0 5.57428492428317 2.464174733380787
1497.9586470526194 747.0 5.584218232035637 2.4808482334483415
1497.926561965356 747.0 5.594243909852473 2.4975161334732547
1497.8942124565258 747.0 5.60436210816644 2.5141877334099263
1497.8615980649458 747.0 5.61457297813572 2.5308549334295094
1497.8287183251985 747.0 5.624876671666917 2.547546233399771
1497.7955727676247 747.0 5.635273341437286 2.690550033468753
1497.7621609183184 747.0 5.645763140916195 2.7104160668095574
1497.7284822991203 747.0 5.656346224385858 2.7270866668550298
1497.6945364276116 747.0 5.667022746961371 2.7437660668510944
1497.6603228171086 747.0 5.67779286461005 2.7604389667976648
1497.6258409766558 747.0 5.688656734170128 2.777109966846183
1497.5910904110196 747.0 5.699614513368802 2.7937833667965606
1497.5560706206827 747.0 5.710666360839676 2.810456666862592
1497.5207811018374 747.0 5.721812436139609 2.827129266806878
1497.4852213463794 747.0 5.733052899764985 2.8437994668493047
1497.449390841901 747.0 5.744387913167438 2.8604663668666035
1497.4132890716853 747.0 5.75581763876904 2.8771414668299258
1497.3769155146988 747.0 5.767342239976968 2.8942886668955907
1497.340269645586 747.0 5.778961881197683 2.9109587668208405
1497.303350934662 747.0 5.7906767278506175 2.927629566867836
1497.2661588479057 747.0 5.802486946381406 2.944724266882986
1497.228692846954 747.0 5.814392704274662 2.9613929667975754
1497.1909523890938 747.0 5.826394170066324 2.978061366826296
1497.1529369272566 747.0 5.838491513355577 2.9947378668002784
1497.1146459100107 747.0 5.850684904816376 3.011413166881539
1497.0760787815545 747.0 5.862974516208576 3.028092266875319
1497.0372349817094 747.0 5.87536052038868 3.044768166844733
1496.9981139459132 747.0 5.887843091320228 3.0614363668719307
1496.958715105213 747.0 5.900422404083827 3.078630266827531
1496.9190378862577 747.0 5.9130986348868415 3.095301366876811
1496.8790817112908 747.0 5.925871961072759 3.1119765668408945
1496.838845998144 747.0 5.93874256113023 3.128644566866569
1496.7983301602292 747.0 5.951710614701802 3.145327566890046
1496.757533606531 747.0 5.964776302592358 3.161998566822149
1496.7164557416006 747.0 5.977939806777263 3.1786707668798044
1496.6750959655465 747.0 5.991201310410234 3.1953446668339893
1496.6334536740283 747.0 6.00456099783094 3.2120131668634713
1496.5915282582491 747.0 6.018019054572345 3.2286825668998063
1496.5493191049477 747.0 6.031575667367789 3.2453569668577984
1496.5068255963909 747.0 6.045231024157838 3.2620261668926105
1496.4640471103655 747.0 6.058985314096889 3.2786971668247133
1496.4209830201712 747.0 6.072838727559549 3.2953654668526724
1496.3776326946124 747.0 6.086791456146793 3.3120385668007657
1496.3339954979908 747.0 6.100843692691912 3.328712966875173
1496.2900707900967 747.0 6.114995631266245 3.345773466862738
1496.2458579262016 747.0 6.129247467184719 3.36244126688689
1496.2013562570498 747.0 6.14359939701119 3.3791153668425977
1496.156565128851 747.0 6.158051618563601 3.3958350667962804
1496.1114838832718 747.0 6.172604330918948 3.412507466855459
1496.066111857427 747.0 6.187257734418081 3.429176466888748
1496.0204483838718 747.0 6.202012030670327 3.4466911668423563
1495.9744927905942 747.0 6.216867422557946 3.4633588668657467
1495.9282444010053 747.0 6.231824114240431 3.4800284667871892
1495.8817025339315 747.0 6.24688231115865 3.4966959668090567
1495.8348665036067 747.0 6.2620422200388335 3.5138865668559447
1495.7877356196625 747.0 6.277304048896419 3.5305573667865247
1495.7403091871206 747.0 6.292668007039753 3.5472318668616936
1495.6925865063838 747.0 6.308134305073648 3.5647480668267235
1495.6445668732274 747.0 6.323703154902818 3.581418666872196
1495.5962495787903 747.0 6.339374769735168 3.5980891668004915
1495.5476339095662 747.0 6.355149364084968 3.614758266834542
1495.4987191473951 747.0 6.3710271537758985 3.6314288668800145
1495.4495045694541 747.0 6.387008355943976 3.64810486685019
1495.3999894482483 747.0 6.403093189040365 3.6647778667975217
1495.350173051602 747.0 6.419281872834071 3.6814467668300495
1495.3000546426495 747.0 6.435574628414528 3.6981137668481097
1495.249633479826 747.0 6.451971678194076 3.7147835668874905
1495.1989088168582 747.0 6.468473245910332 3.7314507667906582
1495.1478799027557 747.0 6.48507955662846 3.7481190668186173
1495.0965459818008 747.0 6.501790836743344 3.7647884668549523
1495.0449062935397 747.0 6.518607313981658 3.7814604667946696
1494.992960072773 747.0 6.5355292174038455 3.798132166848518
1494.940706549546 747.0 6.552556777406003 3.81480206688866
1494.888144949139 747.0 6.569690225721675 3.831472566816956
1494.8352744920583 747.0 6.586929795423558 3.848140666843392
1494.7820943940262 747.0 6.604275720925121 3.8648081668652594
1494.7286038659713 747.0 6.621728237982137 3.8814782667905092
1494.6748021140188 747.0 6.639287583694136 3.898169966880232
1494.6206883394805 747.0 6.656953996505771 3.9148448668420315
1494.5662617388448 747.0 6.674727716208109 3.9315115668578073
1494.5115215037672 747.0 6.692608983939839 3.9482074668630958
1494.45646682106 747.0 6.710598042188409 3.9648821668233722
1494.4010968726825 747.0 6.728695134791084 3.981555566890165
1494.3454108357303 747.0 6.746900506935925 3.998249766882509
