1499.999763457169 746.999979589354 10.0 0.07436590013094246
1499.9990540398487 746.9999177490951 10.0 0.28051843331195414
1499.9978720550864 746.9998127416263 10.0 0.31170623330399394
1499.9962177974269 746.9996629035696 10.0 0.32837503333576024
1499.9940915494697 746.9994666426006 10.0 0.3450513333082199
1499.991493582402 746.999222434419 10.0 0.3617256332654506
1499.9884241565092 746.9989288198483 10.0 0.3784116334281862
1499.9848835216626 746.9985844020589 10.0 0.39508713339455426
1499.9808719177884 746.9981878439106 10.0 0.41223263344727457
1499.9763895753135 746.9977378654078 10.0 0.42891053343191743
1499.971436715596 746.9972332412635 10.0 0.44557803333736956
1499.9660135513336 746.996672798568 10.0 0.46225103340111673
1499.9601202869583 746.9960554145563 10.0 0.4789267333690077
1499.9537571190103 746.9953800144708 10.0 0.4956224332563579
1499.9469242364999 746.9946455695164 10.0 0.5123000333551317
1499.9396218212507 746.9938510949014 10.0 0.528967033373192
1499.9318500482304 746.9929956479632 10.0 0.5456404334399849
1499.9236090858656 746.9920783263732 10.0 0.5623155334033072
1499.9148990963452 746.9910982664192 10.0 0.5789865334518254
1499.905720235909 746.9900546413602 10.0 0.5956598334014416
1499.8960726551254 746.9889466598523 10.0 0.612338533392176
1499.885956499156 746.9877735644412 10.0 0.6290132333524525
1499.87537190801 746.9865346301194 10.0 0.6456846334040165
1499.864319016787 746.9852291629448 10.0 0.662393833277747
1499.8527979559099 746.9838564987184 10.0 0.6790646333247423
1499.8408088513472 746.9824160017184 10.0 0.6957348333671689
1499.828351824827 746.9809070634885 10.0 0.7124029332771897
1499.8154269940405 746.9793291016775 10.0 0.7290781333576888
1499.802034472838 746.9776815589294 10.0 0.745751133421436
1499.788174371415 746.9759639018192 10.0 0.7624224333558232
1499.7738467964925 746.9741756198364 10.0 0.7790901332627982
1499.7590518514878 746.9723162244095 10.0 0.7957580334041268
1499.7437896366785 746.9703852479744 10.0 0.8124389334116131
1499.72806024936 746.9683822430806 10.0 0.8291839333251119
1499.7118637839956 746.966306781537 10.0 0.845962533261627
1499.6952003323606 746.9641584535935 10.0 0.8626321332994848
1499.6780699836804 746.9619368671578 10.0 0.8793077333830297
1499.660472824762 746.9596416470449 10.0 0.8959786333143711
1499.6424089401207 746.9572724342603 10.0 0.9126463334541768
1499.6238784121003 746.9548288853118 10.0 0.9299390334635973
1499.6048813209898 746.9523106715523 10.0 0.9466098332777619
1499.5854177451336 746.9497174785492 10.0 0.9632851332426071
1499.5654877610375 746.9470490054829 10.0 0.9799586334265769
1499.545091443471 746.9443049645679 10.0 0.9966280334629118
1499.5242288655634 746.9414850805018 10.0 1.0175130334682763
1499.5029000988975 746.9385890899355 10.0 1.0341861334163696
1499.4811052135985 746.935616740967 10.0 1.050885133445263
1499.4588442784195 746.9325677926571 10.0 1.0675543332472444
1499.4361173608224 746.9294420145646 10.0 1.08450913336128
1499.412924527057 746.926239186303 10.0 1.101497833384201
1499.3892658422349 746.9229590971144 10.0 1.1182000334374607
1499.3651413704015 746.919601545463 10.0 1.134893033420667
1499.3405511746043 746.9161663386452 10.0 1.1515979333780706
1499.3154953169592 746.9126532924163 10.0 1.18645303347148
1499.2899738587118 746.9090622306337 10.0 1.203121033264324
1499.2639868602992 746.9053929849148 10.0 1.2197932333219796
1499.2375343814062 746.9016453943098 10.0 1.2364690334070474
1499.2106164810211 746.8978193049882 10.0 1.2562837332952768
1499.183233217488 746.8939145699392 10.0 1.2729584332555532
1499.155384648557 746.8899310486842 10.0 1.2952152334619313
1499.1270708314335 746.885868607002 10.0 1.3124882334377617
1499.0982918228233 746.8817271166657 10.0 1.329365033423528
1499.0690476789775 746.877506455191 10.0 1.3470410334412009
1499.0393384557347 746.8732065055946 10.0 1.3637172332964838
1499.0091642085608 746.8688271561635 10.0 1.3817490334622562
1498.9785249925892 746.8643683002344 10.0 1.398417133372277
1498.9474208626564 746.8598298359816 10.0 1.4150886333081871
1498.9158518733384 746.8552116662147 10.0 1.431764333276078
1498.8838180789846 746.8505136981845 10.0 1.448435433441773
1498.8513195337503 746.8457358433978 10.0 1.465107633266598
1498.8183562916272 746.8408780174394 10.0 1.4817817334551364
1498.7849284064746 746.8359401398021 10.0 1.4984586334321648
1498.7510359320463 746.8309221337237 10.0 1.5151291333604604
1498.7166789220191 746.8258239260313 10.0 1.5318055334500968
1498.681857430018 746.820645446992 10.0 1.548473033355549
1498.6465715096422 746.8153866301702 10.0 1.5652871334459633
1498.610821214488 746.8100474122906 10.0 1.5819599332753569
1498.574606598172 746.8046277331074 10.0 1.5986290334258229
1498.5379277143536 746.7991275352788 10.0 1.6152996334712952
1498.500784616755 746.7935467642471 10.0 1.6319676332641393
1498.463177359182 746.7878853681243 10.0 1.6488509334158152
1498.4251059955427 746.7821432975812 10.0 1.6655220333486795
1498.386570579866 746.776320505743 10.0 1.6821888333652169
1498.3475711663189 746.7704169480882 10.0 1.698856333270669
1498.3081078092239 746.7644325823518 10.0 1.7155265333130956
1498.2681805630746 746.7583673684337 10.0 1.7321999333798885
1498.2277894825513 746.7522212683095 10.0 1.7488695334177464
1498.186934622535 746.7459942459466 10.0 1.7662707334384322
1498.1456160381229 746.7396862672224 10.0 1.7829434333834797
1498.10383378464 746.7332972998473 10.0 1.79961043340154
1498.0615879176537 746.7268273132905 10.0 1.8162835333496332
1498.0188784929846 746.7202762787084 10.0 1.8329559334088117
1497.9757055667199 746.713644168877 10.0 1.8496253334451467
1497.9320691952225 746.7069309581265 10.0 1.8662929334677756
1497.8879694351442 746.7001366222792 10.0 1.8829655332956463
1497.843406343434 746.6932611385894 10.0 1.899635233450681
1497.798379977349 746.6863044856867 10.0 1.9163038332480937
1497.752890394463 746.679266643521 10.0 1.9329951333347708
1497.706937652677 746.6721475933101 10.0 1.9499001333024353
1497.6605218102256 746.6649473174897 10.0 1.966570133343339
1497.6136429256871 746.6576657996652 10.0 1.983241533394903
1497.5663010579904 746.650303024566 10.0 1.9999158333521336
1497.5184962664225 746.6428589780013 10.0 2.016590733313933
1497.4702286106365 746.635333646818 10.0 2.0332671334035695
1497.421498150657 746.6277270188605 10.0 2.049939833348617
1497.3723049468883 746.6200390829318 10.0 2.066825533285737
1497.3226490601191 746.6122698287572 10.0 2.08354763337411
1497.2725305515296 746.604419246948 10.0 2.1002162334043533
1497.2219494826963 746.5964873289684 10.0 2.1171642334666103
1497.1709059155985 746.5884740671024 10.0 2.1338840334210545
1497.1193999126226 746.5803794544237 10.0 2.1505581333767623
1497.0674315365675 746.5722034847648 10.0 2.1672356333583593
1497.015000850649 746.5639461526896 10.0 2.1840019333176315
1496.9621079185042 746.5556074534655 10.0 2.2006711333524436
1496.908752804197 746.5471873830376 10.0 2.2173448333051056
1496.8549355722207 746.5386859380035 10.0 2.2340138333383948
1496.8006562875028 746.5301031155897 10.0 2.250684733269736
1496.7459150154082 746.5214389136285 10.0 2.2673590334597975
1496.6907118217432 746.5126933305363 10.0 2.284027733374387
1496.6350467727589 746.5038663652923 10.0 2.300701333442703
1496.5789199351539 746.4949580174188 10.0 2.3173774334136397
1496.5223313760782 746.4859682869615 10.0 2.334054133389145
1496.4652811631356 746.4768971744716 10.0 2.350730533245951
1496.4077693643862 746.467744680988 10.0 2.367405933327973
1496.34979604835 746.45851080802 10.0 2.384079033276066
1496.2913612840086 746.4491955575319 10.0 2.4007482333108783
1496.232465140808 746.4397989319269 10.0 2.4176192332524806
1496.1731076886606 746.4303209340327 10.0 2.4342869333922863
1496.1132889979478 746.420761567087 10.0 2.4509564333129674
1496.0530091395217 746.4111208347241 10.0 2.467632533283904
1495.9922681847072 746.4013987409619 10.0 2.484306533355266
1495.931066205304 746.3915952901896 10.0 2.50101423333399
1495.869403273588 746.3817104871553 10.0 2.517686333274469
1495.8072794623133 746.3717443369551 10.0 2.5351036333013326
1495.7446948447136 746.361696845022 10.0 2.551780233392492
1495.681649494504 746.3515680171154 10.0 2.5684566332492977
1495.618143485882 746.341357859311 10.0 2.5851270332932472
1495.5541768935293 746.3310663779913 10.0 2.601801533252001
1495.4897497926124 746.3206935798365 10.0 2.6189764332957566
1495.4248622587847 746.3102394718157 10.0 2.6356456333305687
1495.3595143681869 746.2997040611782 10.0 2.652314333245158
1495.2937061974485 746.2890873554458 10.0 2.668987633427605
1495.2274378236884 746.2783893624047 10.0 2.6856622332707047
1495.1607093245161 746.2676100900987 10.0 2.702353533357382
1495.0935207780328 746.2567495468214 10.0 2.719022933393717
1495.0258722628319 746.24580774111 10.0 2.7356999332550913
1494.9577638579995 746.2347846817381 10.0 2.7523711333051324
1494.889195643116 746.2236803777106 10.0 2.769045833265409
1494.820167698256 746.2124948382566 10.0 2.7857202333398163
1494.7506801039892 746.2012280728243 10.0 2.802396533312276
1494.6807329413814 746.1898800910753 10.0 2.8190708332695067
1494.610326291994 746.1784509028797 10.0 2.83573943329975
1494.5394602378854 746.1669405183106 10.0 2.852412933250889
1494.4681348616111 746.1553489476398 10.0 2.8690859333146363
1494.3963502462248 746.1436762013328 10.0 2.8857547333464026
1494.3241064752772 746.1319222900446 10.0 2.902426933404058
1494.2514036328182 746.1200872246154 10.0 2.919098333455622
1494.178241803396 746.1081710160665 10.0 2.9357739333063364
1494.104621072058 746.0961736755967 10.0 2.9524450332392007
1494.0305415243506 746.084095214578 10.0 2.969111733371392
1493.9560032463196 746.071935644553 10.0 2.98578723333776
1493.8810063245107 746.0596949772306 10.0 3.0024610334075987
1493.8055508459693 746.047373224483 10.0 3.0191387333907187
1493.7296368982404 746.0349703983427 10.0 3.035805833293125
1493.6532645693699 746.0224865109996 10.0 3.0525775332935154
1493.576433947903 746.0099215747977 10.0 3.069248133338988
1493.499145122886 745.9972756022328 10.0 3.0859237334225327
1493.4213981838643 745.9845486059496 10.0 3.102630633395165
1493.343193220885 745.9717405987393 10.0 3.119307233253494
1493.2645303244947 745.958851593537 10.0 3.136254533426836
1493.1854095857402 745.9458816034197 10.0 3.152944933390245
1493.1058310961691 745.9328306416037 10.0 3.169618633342907
1493.025794947829 745.9196987214426 10.0 3.1862888333853334
1492.9453012332672 745.9064858564254 10.0 3.202961033442989
1492.8643500455319 745.8931920601744 10.0 3.2196572334505618
1492.7829414781706 745.8798173464432 10.0 3.2363280332647264
1492.701075625231 745.8663617291153 10.0 3.252996133407578
1492.6187525812602 745.8528252222019 10.0 3.269669433357194
1492.5359724413054 745.8392078398405 10.0 3.2863405332900584
1492.4527353009125 745.8255095962932 10.0 3.3030098334420472
1492.369041256127 745.8117305059452 10.0 3.319685533409938
1492.2848904034936 745.7978705833035 10.0 3.3363604333717376
1492.2002828400553 745.7839298429952 10.0 3.353033733321354
1492.115218663354 745.7699082997665 10.0 3.3697096332907677
1492.02969797143 745.7558059684809 10.0 3.3863785334397107
1491.9437208628221 745.7416228641184 10.0 3.4030591333284974
1491.8572874365664 745.7273590017742 10.0 3.419727133354172
1491.7703977921965 745.7130143966574 10.0 3.4363938332535326
1491.683052029744 745.6985890640901 10.0 3.4530698333401233
1491.5952502497373 745.6840830195063 10.0 3.4697616333141923
1491.5069925532014 745.6694962784505 10.0 3.486433533253148
1491.418279041658 745.6548288565776 10.0 3.5031034334097058
1491.329109817125 745.6400807696511 10.0 3.5197797333821654
1491.2394849821162 745.6252520335426 10.0 3.5364553334657103
1491.1494046396406 745.6103426642306 10.0 3.6734765332657844
1491.0588688932028 745.5953526778004 10.0 3.69359346665442
1490.9678778468021 745.5802820904424 10.0 3.7104166666977108
1490.8764316049323 745.565130918452 10.0 3.7270870667416602
1490.7845302725816 745.5498991782285 10.0 3.7437597666867077
1490.6921739552315 745.5345868862746 10.0 3.760441166581586
1490.5993627588573 745.5191940591955 10.0 3.7771162665449083
1490.5060967899274 745.5037207136983 10.0 3.79378576669842
1490.4123761554024 745.4881668665915 10.0 3.810457466635853
1490.3182009627358 745.4725325347844 10.0 3.8271336667239666
1490.2235713198727 745.4568177352862 10.0 3.8438055666629225
1490.1284873352497 745.4410224852058 10.0 3.8604792666155845
1490.0329491177943 745.4251468017511 10.0 3.877519466681406
1489.936956776925 745.4091907022283 10.0 3.894194266758859
1489.84051042255 745.3931542040418 10.0 3.910866666585207
1489.7436101650683 745.3770373246932 10.0 3.9275401667691767
1489.6462561153674 745.3608400817814 10.0 3.944207266671583
1489.5484483848238 745.3445624930015 10.0 3.960895666619763
1489.450187085303 745.3282045761449 10.0 3.977564366767183
1489.3514723291585 745.3117663490987 10.0 3.9942317665554583
1489.252304229231 745.295247829845 10.0 4.010907766642049
1489.1526828988488 745.278649036461 10.0 4.0275802665855736
1489.0526084518267 745.2619699871184 10.0 4.044307166710496
1488.9520810024658 745.2452107000828 10.0 4.060974266612902
1488.851100665553 745.2283711937135 10.0 4.079171566758305
1488.7496675563607 745.2114514864636 10.0 4.095843466697261
1488.647781790646 745.1944515968787 10.0 4.1125152667518705
1488.5454434846501 745.1773715435975 10.0 4.129184666555375
1488.4426527550988 745.1602113453508 10.0 4.145855066599324
1488.3394097192006 745.1429710209618 10.0 4.163270766614005
1488.2357144946473 745.1256505893452 10.0 4.180372266564518
1488.131567199613 745.1082500695076 10.0 4.197039466584101
1488.026967952754 745.0907694805463 10.0 4.213706866605207
1487.9219168732075 745.07320884165 10.0 4.230380666675046
1487.816414080592 745.0555681720978 10.0 4.247055666754022
1487.7104596950064 745.0378474912593 10.0 4.263727066572756
1487.6040538370296 745.0200468185943 10.0 4.280397266615182
1487.4971966277199 745.0021661736525 10.0 4.297073366586119
1487.3898881886141 744.9842055760732 10.0 4.3137432667426765
1487.282128641728 744.9661650455854 10.0 4.330415566684678
1487.1739181095545 744.948044602007 10.0 4.347086166730151
1487.0652567150646 744.9298442652452 10.0 4.363755066646263
1486.9561445817055 744.9115640552956 10.0 4.380427166586742
1486.8465818334012 744.8932039922428 10.0 4.39709846675396
1486.736568594551 744.8747640962595 10.0 4.41379866655916
1486.6261049900297 744.8562443876066 10.0 4.430472266627476
1486.5151911451867 744.837644886633 10.0 4.447139066644013
1486.4038271858453 744.8189656137755 10.0 4.463809966575354
1486.2920132383026 744.8002065895583 10.0 4.480476866709068
1486.179749429329 744.7813678345931 10.0 4.4971483666449785
1486.0670358861667 744.7624493695787 10.0 4.51382096670568
1485.9538727365302 744.7434512153011 10.0 4.53049696655944
1485.8402601086057 744.724373392633 10.0 4.547172366641462
1485.7261981310498 744.7052159225339 10.0 4.563839866546914
1485.6116869329896 744.6859788260498 10.0 4.580544266616926
1485.4967266440217 744.666662124313 10.0 4.597217266680673
1485.3813173942121 744.6472658385421 10.0 4.613892266759649
1485.2654593140953 744.6277899900417 10.0 4.630559966666624
1485.1491525346735 744.6082346002022 10.0 4.647230066591874
1485.0323971874168 744.5885996904998 10.0 4.663900366751477
1484.915193404262 744.5688852824962 10.0 4.6805692666675895
1484.797541317612 744.5490913978387 10.0 4.697692666668445
1484.6794410603359 744.5292180582594 10.0 4.714367866748944
1484.5608927657674 744.5092652855761 10.0 4.732051166705787
1484.441896567705 744.4892331016913 10.0 4.748722466640174
1484.3224526004115 744.4691215285922 10.0 4.765480766771361
1484.2025609986124 744.4489305883508 10.0 4.782151266699657
1484.0822218974965 744.4286603031236 10.0 4.798862966708839
1483.9614354327146 744.4083106951517 10.0 4.8155437665991485
1483.8402017403791 744.3878817867603 10.0 4.832220566691831
1483.718520957064 744.3673736003586 10.0 4.848887666594237
1483.5963932198028 744.3467861584401 10.0 4.865559566766024
1483.4738186660895 744.3261194835819 10.0 4.882227166555822
1483.3507974338772 744.305373598445 10.0 4.899107166565955
1483.2273296615774 744.284548525774 10.0 4.916203766595572
1483.10341548806 744.2636442883967 10.0 4.933357866713777
1482.9790550526518 744.2426609092245 10.0 4.950027866754681
1482.854248495137 744.2215984112519 10.0 4.966701266588643
1482.7289959557556 744.2004568175564 10.0 4.984118666732684
1482.6032975752037 744.1792361512987 10.0 5.001171766547486
1482.4771534946315 744.1579364357221 10.0 5.017856566701084
1482.3505638556444 744.1365576941528 10.0 5.034975266549736
1482.2235288003012 744.1150999499993 10.0 5.051644066581503
1482.0960484711138 744.0935632267527 10.0 5.0683154666330665
1481.9681230110466 744.0719475479865 10.0 5.0849828666541725
1481.839752563516 744.0502529373562 10.0 5.101658366620541
1481.7109372723896 744.0284794185994 10.0 5.1183299666736275
1481.5816772819858 744.006627015536 10.0 5.135002766735852
1481.4519727370728 743.9846957520672 10.0 5.151675866683945
1481.3218237828683 743.9626856521763 10.0 5.168347766622901
1481.1912305650385 743.9405967399281 10.0 5.185950866667554
1481.0601932296981 743.9184290394687 10.0 5.202627066755667
1480.928711923409 743.8961825750258 10.0 5.219299266580492
1480.7967867931802 743.8738573709082 10.0 5.236003266647458
1480.6644179864663 743.8514534515058 10.0 5.252679466735572
1480.5316056511683 743.8289708412894 10.0 5.269352266564965
1480.3983499356316 743.8064095648109 10.0 5.286024566739798
1480.2646509886458 743.7837696467028 10.0 5.302696266677231
1480.1305089594446 743.7610511116782 10.0 5.31936526671052
1479.9959239977043 743.7382539845307 10.0 5.3361748666502535
1479.8608962535436 743.7153782901345 10.0 5.35284646670334
1479.725425877523 743.6924240534437 10.0 5.3695483666379005
1479.589513020644 743.6693912994929 10.0 5.38622466661036
1479.4531578343485 743.6462800533966 10.0 5.402899166569114
1479.3163604705178 743.6230903403492 10.0 5.4195953665766865
1479.1791210814729 743.5998221856249 10.0 5.436947266571224
1479.0414398199725 743.5764756145777 10.0 5.453745666658506
1478.9033168392136 743.553050652641 10.0 5.4704219666309655
1478.76475229283 743.5295473253276 10.0 5.48709586658515
1478.6257463348923 743.5059656582299 10.0 5.503764766734093
1478.4862991199063 743.4823056770193 10.0 5.520983166759834
1478.3464108028134 743.4585674074463 10.0 5.537653666688129
1478.2060815389889 743.4347508753403 10.0 5.554328166646883
1478.0653114842423 743.4108561066099 10.0 5.570999566698447
1477.9241007948162 743.3868831272421 10.0 5.587671166751534
1477.7824496273854 743.3628319633025 10.0 5.604345366591588
1477.6403581390564 743.3387026409354 10.0 5.621015566634014
1477.4978264873669 743.3144951863633 10.0 5.637690066592768
1477.354854830285 743.2902096258871 10.0 5.654356866609305
1477.2114433262084 743.2658459858858 10.0 5.671031366568059
1477.067592133964 743.2414042928165 10.0 5.687797366641462
1476.9233014128067 743.216884573214 10.0 5.704517366597429
1476.7785713224196 743.1922868536909 10.0 5.721192766679451
1476.6334020229124 743.1676111609378 10.0 5.737861066590995
1476.487793674821 743.1428575217225 10.0 5.754534866660833
1476.3417464391073 743.1180259628903 10.0 5.771208566613495
1476.1952604771577 743.093116511364 10.0 5.788051766576245
1476.0483359507832 743.0681291941434 10.0 5.804719166597351
1475.9009730222183 743.0430640383053 10.0 5.821394566679373
1475.75317185412 743.0179210710036 10.0 5.838062566705048
1475.6049326095676 742.992700319469 10.0 5.854766366770491
1475.4562554520621 742.967401811009 10.0 5.871444766642526
1475.3071405455248 742.9420255730076 10.0 5.888121166732162
1475.1575880542975 742.9165716329252 10.0 5.904930866556242
1475.0075981431412 742.8910400182986 10.0 5.921607866650447
1474.8571709772352 742.8654307567408 10.0 5.938276966568083
1474.7063067221775 742.839743875941 10.0 5.955076966667548
1474.5550055439826 742.8139794036645 10.0 5.971748666604981
1474.403267609082 742.7881373677519 10.0 5.988415866624564
1474.2510930843227 742.7622177961202 10.0 6.005085866665468
1474.0984821369673 742.7362207167619 10.0 6.02176096662879
1473.9454349346925 742.7101461577446 10.0 6.038436566712335
1473.7919516455884 742.6839941472116 10.0 6.055112866684794
1473.6380324381587 742.6577647133814 10.0 6.0722165666520596
1473.4836774813189 742.6314578845478 10.0 6.089727066690102
1473.3288869443963 742.6050736890793 10.0 6.106397066731006
1473.1736609971292 742.5786121554194 10.0 6.123207966564223
1473.0179998096655 742.5520733120863 10.0 6.139881366631016
1472.861903552563 742.5254571876733 10.0 6.15656036674045
1472.705372396788 742.4987638108474 10.0 6.173232966568321
1472.5484065137148 742.4719932103508 10.0 6.189905866747722
1472.3910060751248 742.4451454149994 10.0 6.206579566700384
1472.2331712532061 742.4182204536836 10.0 6.2232625666074455
1472.0749022205525 742.3912183553676 10.0 6.239932566648349
1471.916199150163 742.3641391490896 10.0 6.256599466549233
1471.7570622154408 742.3369828639616 10.0 6.273716266732663
1471.5974915901925 742.3097495291692 10.0 6.290392966708168
1471.437487448628 742.2824391739714 10.0 6.307104266714305
1471.277049965359 742.255051827701 10.0 6.324551666621119
1471.116179315399 742.2275875197636 10.0 6.341227066703141
1470.9548756741617 742.2000462796382 10.0 6.35795516660437
1470.7931392174612 742.1724281368768 10.0 6.375455766683444
1470.6309701215105 742.1447331211043 10.0 6.392123566707596
1470.468368562921 742.1169612620183 10.0 6.408795666648075
1470.305334718702 742.0891125893892 10.0 6.42546646669507
1470.14186876626 742.0611871330597 10.0 6.442135966615751
1469.9779708833973 742.0331849229449 10.0 6.4588046667631716
1469.813641248312 742.0051059890325 10.0 6.475578066660091
1469.6488800395969 741.9769503613819 10.0 6.492246366571635
1469.4836874362386 741.9487180701249 10.0 6.508918666746467
1469.3180636176173 741.9204091454648 10.0 6.526249966584146
1469.1520087635056 741.8920236176768 10.0 6.54291826672852
1468.985523054068 741.863561517108 10.0 6.559598766732961
1468.8186066698595 741.8350228741766 10.0 6.576280366629362
1468.6512597918259 741.8064077193725 10.0 6.592952066566795
1468.4834826013023 741.7777160832565 10.0 6.609626366756856
1468.3152752800127 741.7489479964607 10.0 6.626303166616708
1468.146638010069 741.7201034896883 10.0 6.642971866764128
1467.9775709739704 741.6911825937132 10.0 6.659647066611797
1467.8080743546025 741.6621853393799 10.0 6.67632326669991
1467.6381483352368 741.6331117576037 10.0 6.6929983666632324
1467.46779309953 741.6039618793704 10.0 6.709673466626555
1467.2970088315221 741.574735735736 10.0 6.726343066664413
1467.1257957156377 741.5454333578267 10.0 6.743016166612506
1466.9541539366835 741.5160547768388 10.0 6.759695066604763
1466.7820836798483 741.4866000240387 10.0 6.777235466754064
1466.6095851307018 741.4570691307623 10.0 6.7943185665644705
1466.4366584751945 741.4274621284154 10.0 6.8109899666160345
1466.2633038996562 741.3977790484734 10.0 6.827664466574788
1466.0895215907958 741.3680199224809 10.0 6.844337866641581
1465.9153117357005 741.338184782052 10.0 6.861006366554648
1465.7406745218343 741.3082736588699 10.0 6.877674466697499
1465.5656101370382 741.2782865846867 10.0 6.895195766584948
1465.3901187695287 741.2482235913235 10.0 6.91195896663703
1465.2142006078977 741.2180847106702 10.0 6.9286337667144835
1465.037855841111 741.1878699746851 10.0 6.945304966764525
1464.861084658508 741.1575794153954 10.0 6.961980466730893
1464.6838872498008 741.1272130648963 10.0 6.978719166712835
1464.5062638050738 741.0967709553513 10.0 6.995390966767445
1464.3282145147818 741.0662531189921 10.0 7.0120643666014075
1464.1497395697506 741.0356595881183 10.0 7.028737266547978
1463.9708391611753 741.0049903950973 10.0 7.045409766724333
1463.7915134806196 740.9742455723641 10.0 7.062080466654152
1463.6117627200158 740.9434251524216 10.0 7.078752766596153
1463.431587071663 740.9125291678398 10.0 7.095424966653809
1463.250986728227 740.8815576512561 10.0 7.112095066579059
1463.0699618827393 740.850510635375 10.0 7.1287688666488975
1462.8885127285962 740.8193881529681 10.0 7.1454362666700035
1462.706639459558 740.7881902368739 10.0 7.162110566627234
1462.5243422697483 740.7569169199976 10.0 7.178778366651386
1462.3416213536536 740.7255682353109 10.0 7.195453566731885
1462.158476906122 740.6941442158522 10.0 7.212128966581076
1461.9749091223623 740.6626448947262 10.0 7.228801766643301
1461.7909181979437 740.6310703051037 10.0 7.245476766722277
1461.606504328795 740.5994204802215 10.0 7.262147466652095
1461.4216677112029 740.5676954533826 10.0 7.278814566554502
1461.2364085418126 740.5358952579556 10.0 7.2954881666228175
1461.050727017626 740.5040199273749 10.0 7.312156566651538
1460.8646233360012 740.4720694951402 10.0 7.328829966718331
1460.6780976946518 740.4400439948168 10.0 7.345498066628352
1460.491150291646 740.4079434600353 10.0 7.362196966772899
1460.3037813254055 740.3757679244911 10.0 7.378902466734871
1460.1159909947057 740.343517421945 10.0 7.395578166702762
1459.9277794986738 740.3111919862222 10.0 7.412245866609737
1459.7391470367882 740.2787916512129 10.0 7.4289145667571574
1459.5500938088783 740.2463164508719 10.0 7.445583866676316
1459.3606200151232 740.213766419218 10.0 7.462258766638115
1459.1707258560511 740.181141590335 10.0 7.478936266619712
1458.9804115325383 740.1484419983701 10.0 7.495607766555622
1458.7896772458084 740.1156676775352 10.0 7.5122845666483045
1458.5985231974319 740.0828186621054 10.0 7.528952066553757
1458.406949589325 740.0498949864201 10.0 7.545623966725543
1458.2149566237488 740.0168966848819 10.0 7.562292766757309
1458.0225445033086 739.9838237919571 10.0 7.578965166583657
1457.8297134309532 739.9506763421753 10.0 7.595836266642436
1457.636463609974 739.917454370129 10.0 7.612503666663542
1457.4427952440042 739.8841579104741 10.0 7.629178266739473
1457.2487085370176 739.8507869979292 10.0 7.64584506675601
1457.0542036933286 739.8173416672756 10.0 7.662513666553423
1456.8592809175907 739.7838219533576 10.0 7.679182466585189
1456.6639404147961 739.7502278910814 10.0 7.6958527667447925
1456.4681823902745 739.716559515416 10.0 7.7125244666822255
1456.2720070496923 739.6828168613923 10.0 7.7292014665436
1456.0754145990527 739.6489999641035 10.0 7.74587496672757
1455.8784052446936 739.6151088587045 10.0 7.762544966768473
1455.6809791932874 739.5811435804121 10.0 7.779252766631544
1455.4831366518404 739.5471041645047 10.0 7.796060066670179
1455.2848778276914 739.5129906463222 10.0 7.8127310667186975
1455.0862029285115 739.4788030612659 10.0 7.829403066542
1454.887112162303 739.4445414447982 10.0 7.846072066575289
1454.6876057373986 739.4102058324427 10.0 7.862746966769919
1454.48768386246 739.3757962597837 10.0 7.8794161665719
1454.2873467464783 739.3413127624665 10.0 7.896084566600621
1454.086594598772 739.3067553761969 10.0 7.912755466764793
1453.8854276289874 739.2721241367414 10.0 7.929430866613984
1453.6838460470963 739.2374190799266 10.0 7.946097866632044
1453.4818500633965 739.2026402416394 10.0 7.962765366770327
1453.27943988851 739.167787657827 10.0 7.979432666674256
1453.076615733383 739.1328613644963 10.0 7.996104966616258
1452.8733778092844 739.0978613977139 10.0 8.012772966641933
1452.6697263278054 739.0627877936063 10.0 8.029442766681314
1452.4656615008585 739.0276405883593 10.0 8.046111666597426
1452.2611835406765 738.9924198182182 10.0 8.062783266650513
1452.0562926598122 738.9571255194874 10.0 8.079452166566625
1451.8509890711373 738.9217577285303 10.0 8.09612636663951
1451.645272987841 738.8863164817695 10.0 8.112820766633376
1451.4391446234304 738.8508018156862 10.0 8.12948826677166
1451.2326041917283 738.8152137668202 10.0 8.146160466596484
1451.0256519068737 738.7795523717699 10.0 8.16283296677284
1450.8182879833196 738.743817667192 10.0 8.179499866673723
1450.6105126358334 738.7080096898015 10.0 8.196176566649228
1450.4023260794954 738.6721284763713 10.0 8.212869466748089
1450.193728529698 738.6361740637323 10.0 8.229544966714457
1449.9847202021454 738.6001464887731 10.0 8.246215766761452
1449.7753013128518 738.5640457884402 10.0 8.263256366597489
1449.5654720781413 738.5278719997373 10.0 8.279928566655144
1449.3552327146472 738.4916251597255 10.0 8.296605166746303
1449.1445834393105 738.4553053055231 10.0 8.31327256676741
1448.9335244693798 738.4189124743057 10.0 8.329939866671339
1448.7220560224096 738.3824467033054 10.0 8.346611466724426
1448.51017831626 738.3459080298113 10.0 8.363282466772944
1448.2978915690962 738.309296491169 10.0 8.379954266594723
1448.0851959993872 738.2726121247807 10.0 8.396629066672176
1447.8720918259048 738.2358549681048 10.0 8.413324466673657
1447.6585792677233 738.199025058656 10.0 8.430190166691318
1447.444658544218 738.162122434005 10.0 8.44686726666987
1447.230329875065 738.1251471317784 10.0 8.463537566596642
1447.01559348024 738.0880991896584 10.0 8.480205566622317
1446.8004495800178 738.0509786453828 10.0 8.496897766599432
1446.5848983949709 738.0137855367451 10.0 8.513572666561231
1446.3689401459692 737.976519901594 10.0 8.53025856660679
1446.1525750541787 737.9391817778331 10.0 8.54692696663551
1445.935803341061 737.9017712034214 10.0 8.563599966699257
1445.7186252283727 737.8642882163725 10.0 8.580275566549972
1445.5010409381637 737.8267328547548 10.0 8.596951866755262
1445.2830506927771 737.7891051566913 10.0 8.613628166727722
1445.064654714848 737.7514051603594 10.0 8.630301866680384
1444.8458532273032 737.7136329039907 10.0 8.646996666677296
1444.6266464533596 737.6757884258711 10.0 8.663679566700011
1444.4070346165238 737.6378717643404 10.0 8.680348066613078
1444.1870179405912 737.5998829577921 10.0 8.697018466657028
1443.966596649645 737.5618220446737 10.0 8.713693166617304
1443.7457709680557 737.5236890634859 10.0 8.730364866554737
1443.5245411204799 737.485484052783 10.0 8.747038466623053
1443.3029073318594 737.4472070511725 10.0 8.763712666695938
1443.080869827421 737.408858097315 10.0 8.780382266733795
1442.8584288326751 737.370437229924 10.0 8.797057066578418
1442.6355845734145 737.331944487766 10.0 8.813727166736498
1442.4123372757144 737.29337990966 10.0 8.830426866654307
1442.1886871659312 737.2547435344774 10.0 8.84717286657542
1441.9646344707014 737.2160354011422 10.0 8.863842266611755
1441.7401794169411 737.1772555486306 10.0 8.880511066643521
1441.5153222318452 737.1384040159705 10.0 8.897186866728589
1441.290063142886 737.0994808422423 10.0 8.913858466548845
1441.0644023778134 737.0604860665777 10.0 8.930527966702357
1440.8383401646524 737.0214197281601 10.0 8.947203566553071
1440.6118767317041 736.9822818662246 10.0 8.963878966635093
1440.3850123075435 736.9430725200575 10.0 8.98055056668818
1440.1577471210196 736.9037917289962 10.0 8.997221966739744
1439.9300814012536 736.8644395324293 10.0 9.013896466698498
1439.7020153776389 736.8250159697961 10.0 9.03057046676986
1439.4735492798397 736.7855210805868 10.0 9.047370466636494
1439.2446833377905 736.7459549043419 10.0 9.064041066681966
1439.015417781695 736.7063174806527 10.0 9.08071416663006
1438.7857528420254 736.6666088491606 10.0 9.09738736669533
1438.5556887495216 736.6268290495572 10.0 9.114061466651037
1438.3252257351899 736.5869781215838 10.0 9.130954366642982
1438.094364030303 736.5470561050321 10.0 9.147624266566709
1437.8631038663984 736.507063039743 10.0 9.164299566764385
1437.6314454752778 736.4669989656072 10.0 9.180971566587687
1437.3993890890063 736.4268639225647 10.0 9.197641766630113
1437.1669349399115 736.3866579506048 10.0 9.214313166681677
1436.9340832605826 736.3463810897657 10.0 9.230986366746947
1436.7008342838697 736.3060333801349 10.0 9.247656166553497
1436.467188242883 736.2656148618483 10.0 9.264325866708532
1436.2331453709912 736.2251255750909 10.0 9.280994966626167
1435.9987059018222 736.184565560096 10.0 9.297665066551417
1435.7638700692603 736.1439348571449 10.0 9.314338366733864
1435.528638107447 736.1032335065676 10.0 9.331013566581532
1435.2930102507796 736.0624615487418 10.0 9.347686966648325
1435.0569867339098 736.0216190240934 10.0 9.364364066626877
1434.8205677917433 735.980705973096 10.0 9.381034166552126
1434.5837536594393 735.9397224362705 10.0 9.397701866691932
1434.346544572409 735.8986684541856 10.0 9.414392666658387
1434.108940766315 735.8575440674571 10.0 9.431068266741931
1433.8709424770711 735.8163493167481 10.0 9.447739066556096
1433.6325499408404 735.7750842427686 10.0 9.464407866587862
1433.3937633940345 735.7337488862755 10.0 9.481075266608968
1433.1545830733137 735.6923432880725 10.0 9.497748666675761
1432.915009215585 735.6508674890096 10.0 9.514423166634515
1432.6750420580022 735.6093215299834 10.0 9.531097966711968
1432.434681837964 735.5677054519367 10.0 9.547770166769624
1432.193928793114 735.5260192958585 10.0 9.56443836656399
1431.95278316134 735.4842631027836 10.0 9.581105166580528
1431.711245180772 735.4424369137928 10.0 9.597776666749269
1431.4693150897826 735.4005407700124 10.0 9.614459366770461
1431.2269931269855 735.3585747126142 10.0 9.63112636655569
1430.9842795312343 735.3165387828154 10.0 9.647794066695496
1430.741174541623 735.2744330218785 10.0 9.664462766610086
1430.4976783974835 735.232257471111 10.0 9.681132866768166
1430.2537913383858 735.1900121718652 10.0 9.69780706660822
1430.0095136041368 735.1476971655383 10.0 9.71447776677087
1429.7648454347795 735.105312493572 10.0 9.731148166581988
1429.5197870705924 735.0628581974527 10.0 9.747818666743115
1429.2743387520882 735.0203343187108 10.0 9.764486966654658
1429.028500720013 734.9777408989208 10.0 9.781162466621026
1428.7822732153456 734.9350779797018 10.0 9.797864966560155
1428.5356564792971 734.892345602716 10.0 9.814539766637608
1428.2886507533092 734.8495438096697 10.0 9.831211066571996
1428.0412562790539 734.8066726423128 10.0 9.84788416675292
1427.7934732984322 734.7637321424386 10.0 9.864552366547287
1427.545302053574 734.7207223518834 10.0 9.881225966615602
1427.2967427868364 734.6776433125269 10.0 9.89899726654403
1427.0477957408034 734.6344950662917 10.0 9.915667766705155
1426.7984611582851 734.5912776551431 10.0 9.932344366563484
1426.548739282316 734.5479911210891 10.0 9.949017666745931
1426.2986303561556 734.5046355061803 10.0 9.965685466770083
1426.0481346232862 734.4612108525096 10.0 9.98235926660709
1425.7972523274125 734.4177172022119 10.0 9.999029166763648
1425.5459837124613 734.3741545974644 10.0 10.015703766606748
1425.2943290225799 734.3305230804864 10.0 10.032376966672018
1425.0422885021353 734.2868226935385 10.0 10.049051366746426
1424.789862395714 734.2430534789232 10.0 10.06572356657125
1424.5370509481204 734.1992154789843 10.0 10.082394466735423
1424.2838544043766 734.1553087361071 10.0 10.099065366666764
1424.030273009721 734.111333292718 10.0 10.115738866617903
1423.7763070096078 734.0672891912841 10.0 10.13241526670754
1423.521956649706 734.0231764743138 10.0 10.14908846677281
1423.2672221758985 733.978995184356 10.0 10.165757466573268
1423.0121038342813 733.9347453640002 10.0 10.182426066603512
1422.7566018711627 733.8904270558761 10.0 10.199136366602033
1422.5007165330626 733.846040302654 10.0 10.215807466767728
1422.2444480667114 733.8015851470443 10.0 10.232742866734043
1421.9877967190491 733.757061631797 10.0 10.249413066543639
1421.7307627372247 733.7124697997021 10.0 10.26609436655417
1421.4733463685955 733.6678096935894 10.0 10.28276166669093
1421.2155478607253 733.623081356328 10.0 10.299430766608566
1420.957367461385 733.5782848308265 10.0 10.316106866579503
1420.6988054185506 733.5334201600326 10.0 10.332779766758904
1420.4398619804026 733.4884873869331 10.0 10.349446966545656
1420.1805373953257 733.4434865545538 10.0 10.36612006672658
1419.9208319119075 733.3984177059591 10.0 10.38279326655902
1419.6607457789373 733.3532808842522 10.0 10.399470066651702
1419.4002792454062 733.3080761325745 10.0 10.41614136658609
1419.1394325605052 733.2628034941058 10.0 10.432990766596049
1418.8782059736252 733.2174630120643 10.0 10.449667766690254
1418.6165997343558 733.172054729706 10.0 10.46633716672659
1418.3546140924843 733.1265786903248 10.0 10.483007566770539
1418.0922492979955 733.0810349372522 10.0 10.499681066721678
1417.8295056010697 733.0354235138574 10.0 10.516355466563255
1417.5663832520831 732.9897444635469 10.0 10.53302656672895
1417.302882501606 732.9439978297647 10.0 10.54969636676833
1417.0390036004028 732.8981836559916 10.0 10.566366266692057
1416.7747467994304 732.8523019857456 10.0 10.583034966606647
1416.5101123498378 732.8063528625814 10.0 10.600182666676119
1416.2451005029648 732.7603363300905 10.0 10.616849966580048
1415.9797115103418 732.7142524319006 10.0 10.63351916661486
1415.7139456236887 732.6681012116761 10.0 10.65018926677294
1415.447803094914 732.6218827131174 10.0 10.666861166711897
1415.1812841761136 732.5755969799612 10.0 10.683530566748232
1414.9143891195708 732.5292440559799 10.0 10.700200666673481
1414.6471181777547 732.4828239849817 10.0 10.716876666760072
1414.3794716033196 732.4363368108105 10.0 10.73354766657576
1414.1114496491045 732.3897825773457 10.0 10.75021466659382
1413.8430525681315 732.343161328502 10.0 10.767186966724694
1413.5742806136057 732.2964731082291 10.0 10.783856266643852
1413.305134038914 732.2497179605119 10.0 10.800530566601083
1413.0356130976245 732.2028959293702 10.0 10.817200866760686
1412.7657180434853 732.1560070588584 10.0 10.833948766579852
1412.4954491304238 732.1090513930657 10.0 10.850617966614664
1412.2248066125462 732.0620289761152 10.0 10.867293266579509
1411.9537907441363 732.0149398521651 10.0 10.883960466599092
1411.6824017796546 731.9677840654069 10.0 10.900658166734502
1411.4106399737377 731.9205616600668 10.0 10.917334366589785
1411.1385055811975 731.8732726804043 10.0 10.934009066550061
1410.8659988570198 731.8259171707128 10.0 10.950684766750783
1410.5931200563646 731.7784951753193 10.0 10.967353466665372
1410.319869434564 731.7310067385841 10.0 10.984021466691047
1410.0462472471222 731.6834519049008 10.0 11.000693066744134
1409.7722537497143 731.6358307186961 10.0 11.017371766734868
1409.4978891981857 731.5881432244294 10.0 11.034038666635752
1409.223153848551 731.5403894665932 10.0 11.050710566574708
1408.9480479569932 731.4925694897127 10.0 11.067384866764769
1408.6725717798631 731.4446833383452 10.0 11.084056966705248
1408.3967255736786 731.3967310570807 10.0 11.100726866628975
1408.1205095951234 731.3487126905414 10.0 11.11739426665008
1407.843924101046 731.3006282833815 10.0 11.135207066545263
1407.56696934846 731.2524778802868 10.0 11.151875766692683
1407.2896455945418 731.2042615259754 10.0 11.16854396671988
1407.0119530966308 731.1559792651966 10.0 11.185219366569072
1406.7338921122284 731.1076311427314 10.0 11.201890266733244
1406.4554628989968 731.059217203392 10.0 11.218564466573298
1406.1766657147584 731.0107374920219 10.0 11.235232766717672
1405.8975008174953 730.9621920534954 10.0 11.25191446673125
1405.6179684653475 730.913580932718 10.0 11.268587766680866
1405.3380689166136 730.8649041746256 10.0 11.28628936666064
1405.0578024297483 730.8161618241849 10.0 11.302959666587412
1404.7771692633628 730.7673539263928 10.0 11.319630466634408
1404.4961696762232 730.718480526277 10.0 11.33649416663684
1404.2148039272504 730.6695416688946 10.0 11.353164866566658
1403.9330722755187 730.6205373993333 10.0 11.36984196654521
1403.6509749802553 730.5714677627105 10.0 11.386509366566315
1403.3685123008393 730.5223328041732 10.0 11.403176966588944
1403.0856844968007 730.4731325688979 10.0 11.419846166623756
1402.8024918278202 730.4238671020906 10.0 11.436517366673797
1402.5189345537274 730.3745364489868 10.0 11.45318596670404
1402.2350129345011 730.3251406548507 10.0 11.469859566772357
1401.9507272302678 730.2756797649757 10.0 11.486533166607842
1401.666077701301 730.226153824684 10.0 11.50321036670357
1401.3810646080203 730.1765628793265 10.0 11.519885766552761
1401.095688210991 730.1269069742825 10.0 11.536559666739777
1400.8099487709226 730.0771861549599 10.0 11.553233166690916
1400.5238465486682 730.0274004667946 10.0 11.569906566757709
1400.2373818052245 729.9775499552508 10.0 11.586590166669339
1399.9505548017296 729.9276346658205 10.0 11.603265566751361
1399.6633657994635 729.8776546440237 10.0 11.6199390667025
1399.3758150598462 729.8276099354077 10.0 11.636611366644502
1399.0879028444378 729.7775005855477 10.0 11.65328206657432
1398.7996294149368 729.727326640046 10.0 11.669981366721913
1398.51099503318 729.6770881445324 10.0 11.686648666625842
1398.2219999611416 729.6267851446634 10.0 11.703319866675884
1397.932644460932 729.5764176861227 10.0 11.71998666669242
1397.6429287947967 729.5259858146208 10.0 11.73665736662224
1397.352853225117 729.4754895758947 10.0 11.75389346666634
1397.0624180144077 729.424929015708 10.0 11.770564366597682
1396.7716234253169 729.3743041798506 10.0 11.787237266544253
1396.4804697206246 729.3236151141385 10.0 11.803909266600385
1396.1889571632428 729.272861864414 10.0 11.820586366578937
1395.8970860162142 729.2220444765453 10.0 11.837256466737017
1395.6048565427113 729.1711629964261 10.0 11.8541502666194
1395.3122690060359 729.120217469976 10.0 11.870821366552263
1395.019323669618 729.0692079431399 10.0 11.887503466568887
1394.726020797015 729.0181344618882 10.0 11.904179866658524
1394.4323606519117 728.9669970722164 10.0 11.920849266694859
1394.1383434981178 728.9157958201451 10.0 11.937518066726625
