1499.9998812616384 746.9999948890764 5.000012588059273 0.07043010000779759
1499.9995250884588 746.9999794038929 5.0000509146152785 0.2775053333316464
1499.9989315395044 746.9999531063261 5.000115817693571 0.3099040333327139
1499.9981006708701 746.9999155768145 5.000208127988487 0.3265809333388461
1499.997032535737 746.9998664135456 5.00032866893171 0.34325763332890347
1499.9957271844028 746.9998052316774 5.000478256760655 0.3599286333337659
1499.994184664311 746.9997316625919 5.000657700586687 0.37660423332999926
1499.9924050200766 746.9996453531802 5.0008678024631275 0.39358493333566
1499.990388293511 746.9995459651572 5.001109357453064 0.41025733333663084
1499.9881345236422 746.9994331744043 5.001383153696939 0.4269342333282111
1499.9856437467358 746.9993066703406 5.001689972479912 0.4436074333352735
1499.9829159963126 746.9991661553188 5.002030588298982 0.4602842333406443
1499.9799513031633 746.9990113440471 5.002405768929867 0.47695143333112355
1499.9767496953634 746.9988419630349 5.002816275493625 0.4936377333360724
1499.9733111982857 746.9986577500614 5.003262862523019 0.5103127333277371
1499.9696358346102 746.9984584536661 5.0037462780286 0.5269808333396213
1499.9657236243334 746.9982438326605 5.004267263564525 0.5436579333327245
1499.9615745847761 746.9980136556597 5.004826554294086 0.5604114333400503
1499.9571887305901 746.9977677006341 5.0054248790549405 0.5770820333418669
1499.9525660737618 746.9975057544784 5.006062960424061 0.5937774333287962
1499.9477066236168 746.9972276125995 5.006741514782371 0.6104447333345888
1499.9426103868223 746.9969330785207 5.007461252379079 0.6272523333318532
1499.9372773673879 746.9966219635018 5.0082228773956965 0.6439233333367156
1499.931707566666 746.996294086176 5.009027088009749 0.6605974333360791
1499.9259009833513 746.9959492722007 5.009874576458156 0.6776394333282951
1499.9198576134781 746.9955873539226 5.010766029100292 0.6943137333291816
1499.9135774504186 746.995208170057 5.011702126480722 0.7112032333388925
1499.9070604848785 746.99481156538 5.012683543391602 0.7282831333286595
1499.9003067048925 746.9943973904329 5.0137109489347464 0.7449529333389364
1499.89331609582 746.9939655012391 5.014785006583362 0.7616232333384687
1499.886088640338 746.9935157590322 5.015906374243438 0.7783279333380051
1499.8786243184345 746.9930480299952 5.017075704314799 0.7949966333399061
1499.8709231074022 746.9925621850103 5.018293643751809 0.8116662333341083
1499.862984981829 746.9920580994191 5.019560834123738 0.8283516333322041
1499.8548099135903 746.9915356527914 5.020877911674774 0.8456946333317319
1499.8463978718398 746.9909947287051 5.02224550738369 0.8624258333293255
1499.8377488229996 746.990435214533 5.0236642470231585 0.879095733340364
1499.8288627307497 746.9898570012397 5.025134751218722 0.8957707333320286
1499.8197395560178 746.9892599831854 5.026657635507403 0.9124420333391754
1499.8103792569682 746.9886440579388 5.0282335103959666 0.9291103333380306
1499.8007817889898 746.9880091260962 5.029862981418828 0.9457953333330806
1499.7909471046846 746.9873550911088 5.031546649195605 0.9628099333349383
1499.7808751538555 746.9866818591162 5.033285109488323 0.9795989333360922
1499.7705658834927 746.9859893387865 5.035078953258253 0.9962690333341016
1499.7600192377622 746.9852774411631 5.03692876672241 1.0129385333420942
1499.7492351579913 746.9845460795176 5.038835131409683 1.0296119333361275
1499.7382135826556 746.9837951692076 5.040798624216623 1.0462872333300766
1499.7269544473654 746.9830246275411 5.042819817462866 1.0629544333351078
1499.7154576848511 746.9822343736454 5.04489927894621 1.079636633337941
1499.703723224949 746.9814243283416 5.047037571997334 1.0963145333371358
1499.6917509945877 746.9805944140239 5.049235255534168 1.1130501333391294
1499.6795409177716 746.9797445545429 5.051492884115906 1.1297219333355315
1499.6670929155682 746.9788746750945 5.053811007996671 1.1463966333394637
1499.6544069060915 746.977984702112 5.0561901731788295 1.163077733333921
1499.6414828044872 746.9770745631631 5.058630921465951 1.1797498333326075
1499.6283205229176 746.9761441868502 5.061133790515425 1.1964233333419543
1499.6149199705465 746.9751935027149 5.0636993138907265 1.2130967333359877
1499.6012810535224 746.9742224411457 5.066328021113334 1.2297697333415272
1499.5874036749642 746.9732309332898 5.0690204377143 1.2465273333364166
1499.5732877349446 746.9722189109673 5.071777085285486 1.263199433335103
1499.5589331304745 746.9711863065893 5.074598481530439 1.2798664333386114
1499.5443397554873 746.9701330530788 5.077485140314936 1.2965529333305312
1499.529507500822 746.9690590837944 5.080437571717188 1.3132243333384395
1499.5144362542092 746.9679643324566 5.083456282077698 1.3298979333339958
1499.4991259002522 746.9668487330775 5.086541774048785 1.3465732333279448
1499.4835763204135 746.9657122198922 5.089694546643769 1.3633836333319778
1499.4677873929966 746.9645547272929 5.092915095285826 1.3800599333335413
1499.4517589931315 746.9633761897658 5.096203911856499 1.3967267333355267
1499.4354909927572 746.9621765418295 5.099561484743887 1.4133944333298132
1499.4189832606064 746.9609557179765 5.102988298890499 1.4300693333352683
1499.4022356621883 746.9597136526152 5.1064848358407735 1.4628847333369777
1499.3852480597736 746.9584502800157 5.110051573788285 1.479571333329659
1499.3680203123774 746.9571655342561 5.113688987622607 1.4962717333401088
1499.3505522757432 746.9558593491716 5.117397548975864 1.513259133338579
1499.3328438023268 746.9545316583045 5.121177726268958 1.5299362333316822
1499.31489474128 746.953182394856 5.12502998475747 1.5466059333411977
1499.296704938435 746.9518114916401 5.1289547865772445 1.5632811333343852
1499.2782742362867 746.9504188810389 5.132952590789662 1.5802480333368294
