1499.9995344094225 746.9999188759552 20.0 0.09667570004239678
1499.9981392802165 746.9996731629845 20.0 0.3439971334300935
1499.9958169987322 746.9992562969596 20.0 0.39406963321380317
1499.9925698515724 746.9986619946611 20.0 0.4107413333840668
1499.9884000299273 746.9978842418014 20.0 0.42811913322657347
1499.9833096337243 746.99691728156 20.0 0.44479253329336643
1499.9773006756016 746.9957556036076 20.0 0.4614677333738655
1499.9703750847118 746.9943939336011 20.0 0.4781553333159536
1499.9625347103633 746.992827223126 20.0 0.49521453329361975
1499.9537813255056 746.9910506400691 20.0 0.5118817333132029
1499.9441166300671 746.9890595594028 20.0 0.5287636332213879
1499.9335422541494 746.9868495543631 20.0 0.5457613333128393
1499.9220597610858 746.9844163880047 20.0 0.5625431332737207
1499.9096706503692 746.9817560051168 20.0 0.5792144334409386
1499.8963763604547 746.9788645244847 20.0 0.596113633364439
1499.8821782714433 746.9757382314815 20.0 0.6128693332429975
1499.86707770765 746.9723735709769 20.0 0.6295416334178299
1499.8510759400633 746.9687671405488 20.0 0.6467332332395017
1499.834174188699 746.9649156839855 20.0 0.66344053321518
1499.8163736248541 746.9608160850642 20.0 0.6801074333488941
1499.7976753732637 746.956465361597 20.0 0.6969082332216203
1499.7780805141667 746.9518606597303 20.0 0.7135805333964527
1499.7575900852826 746.946999248488 20.0 0.7303425334393978
1499.7362050837041 746.9418785145482 20.0 0.7470151332672685
1499.7139264677096 746.9364959572423 20.0 0.7636870334390551
1499.6907551584968 746.9308491837689 20.0 0.7804724334273487
1499.6666920418438 746.9249359046113 20.0 0.7977607334032655
1499.6417379696982 746.918753929151 20.0 0.8144349332433194
1499.615893761699 746.912301161469 20.0 0.8311081333085895
1499.5891602066333 746.9055755963265 20.0 0.847867833217606
1499.5615380638303 746.8985753153163 20.0 0.8645401333924383
1499.5330280644969 746.8912984831803 20.0 0.8812478333711624
1499.5036309129948 746.8837433442832 20.0 0.897918033413589
1499.4733472880646 746.875908219237 20.0 0.9145882332231849
1499.4421778439958 746.86779150167 20.0 0.9312627334147692
1499.4101232117484 746.8593916551341 20.0 0.9483460332266986
1499.3771840000265 746.8507072101435 20.0 0.9650207334198058
1499.3433607963045 746.8417367613405 20.0 0.9817429333925247
1499.3086541678108 746.8324789647825 20.0 0.9985145332757384
1499.2730646624698 746.8229325353442 20.0 1.0151835333090276
1499.236592809802 746.8130962442318 20.0 1.0318565333727747
1499.1992391217873 746.8029689166026 20.0 1.0485285334289074
1499.1610040936903 746.7925494292865 20.0 1.0652037332765758
1499.121888204851 746.7818367086055 20.0 1.0818799333646894
1499.0818919194414 746.7708297282854 20.0 1.0985475333873183
1499.0410156871894 746.7595275074573 20.0 1.1152152332942933
1498.9992599440725 746.7479291087443 20.0 1.132039133226499
1498.9566251129813 746.7360336364303 20.0 1.1487522332463413
1498.9131116043548 746.7238402347065 20.0 1.1654268333222717
1498.8687198167886 746.7113480859933 20.0 1.1821958334185183
1498.8234501376169 746.6985564093338 20.0 1.2127186332363635
1498.7773029434693 746.6854644588554 20.0 1.2293914332985878
1498.7302786008051 746.6720715222983 20.0 1.2460972333792597
1498.6823774664228 746.6583769196055 20.0 1.2660546333063394
1498.6335998879492 746.6443800015742 20.0 1.2829553333576769
1498.5839462043073 746.6300801485642 20.0 1.3201257332693785
1498.5334167461635 746.6154767692615 20.0 1.3378417333588004
1498.4820118363568 746.6005692994952 20.0 1.3545097333844751
1498.4297317903086 746.5853572011043 20.0 1.3714309332426637
1498.3765769164152 746.5698399608536 20.0 1.3881010334007442
1498.322547516424 746.5540170893954 20.0 1.4047707333229482
1498.267643885793 746.5378881202755 20.0 1.4255526333581656
1498.2118663140345 746.5214526089824 20.0 1.4422222333960235
1498.155215085046 746.5047101320363 20.0 1.4588982332497835
1498.0976904774238 746.4876602861175 20.0 1.475782833294943
1498.0392927647665 746.4703026872319 20.0 1.4926232332363725
1497.980022215963 746.4526369699121 20.0 1.5093091332819313
1497.9198790954686 746.4346627864529 20.0 1.5259966333396733
1497.8588636635711 746.4163798061793 20.0 1.542664433363825
1497.7969761766426 746.3977877147453 20.0 1.5594041333533823
1497.7342168873827 746.3788862134635 20.0 1.5762366333510727
1497.6705860450502 746.3596750186629 20.0 1.5929089332930744
1497.606083895685 746.3401538610741 20.0 1.6095805333461612
1497.540710682321 746.320322485241 20.0 1.6262552333064377
1497.474466645189 746.3001806489575 20.0 1.6429396332241595
1497.4073520219113 746.2797281227279 20.0 1.659613833297044
1497.3393670476878 746.258964689251 20.0 1.6762883332557976
1497.270511955475 746.2378901429262 20.0 1.6929553332738578
1497.2007869761553 746.2165042893797 20.0 1.7096234334167093
1497.130192338701 746.1948069450126 20.0 1.7262951333541423
1497.0587282703298 746.1727979365667 20.0 1.742983733303845
1496.9863949966548 746.1504771007096 20.0 1.7599919333588332
1496.913192741827 746.1278442836381 20.0 1.7766603333875537
1496.8391217286724 746.1048993406969 20.0 1.7933335332199931
1496.7641821788222 746.0816421360154 20.0 1.810010833432898
1496.6883743128387 746.0580725421587 20.0 1.8266794332303107
1496.6116983503346 746.0341904397944 20.0 1.8435023333877325
1496.5341545100878 746.0099957173728 20.0 1.8603003332391381
1496.4557430101506 745.9854882708214 20.0 1.876973433420062
1496.3764640679556 745.9606680032522 20.0 1.8936478332616389
1496.2963179004144 745.9355348246814 20.0 1.9103192333132029
1496.215304724015 745.9100886517615 20.0 1.9269875332247466
1496.1334247549128 745.8843294075241 20.0 1.9436589332763106
1496.0506782090185 745.8582570211344 20.0 1.9603354332502931
1495.9670653020821 745.8318714276555 20.0 1.9779497333802283
1495.8825862497733 745.8051725678239 20.0 1.9956689332611859
1495.7972412677582 745.7781603878328 20.0 2.0123445333447307
1495.7110305717722 745.7508348391264 20.0 2.029019833309576
1495.623954377691 745.7231958782018 20.0 2.045695033390075
1495.5360129015976 745.6952434664199 20.0 2.06236893334426
1495.447206359846 745.6669775698247 20.0 2.079054333269596
1495.357534969123 745.6383981589689 20.0 2.0957267333287746
1495.2669989465064 745.6095052087487 20.0 2.1124022332951427
1495.1755985095217 745.5802986982445 20.0 2.1290756333619356
1495.0833338761952 745.5507786105687 20.0 2.145794933428988
1494.9902052651055 745.5209449327201 20.0 2.162470533279702
1494.8962128954322 745.4907976554442 20.0 2.179284133249894
1494.8013569870027 745.4603367731 20.0 2.1959543332923204
1494.7056377603374 745.4295622835319 20.0 2.2126230334397405
1494.6090554366915 745.3984741879472 20.0 2.2292992332950234
1494.5116102380966 745.3670724907988 20.0 2.245967533439398
1494.4133023873997 745.3353571996737 20.0 2.262635133229196
1494.3141321082992 745.3033283251846 20.0 2.2793081332929432
1494.214099625382 745.2709858808676 20.0 2.295982233248651
1494.1132051641569 745.2383298830835 20.0 2.312651133397594
1494.011448951086 745.2053603509236 20.0 2.3293181334156543
1493.9088312136175 745.1720773061193 20.0 2.3459901332389563
1493.8053521802137 745.1384807729555 20.0 2.3626613332889974
1493.7010120803795 745.1045707781882 20.0 2.3793585333041847
1493.5958111446898 745.0703473509647 20.0 2.396160633303225
1493.4897496048147 745.0358105227481 20.0 2.412832233356312
1493.3828276935437 745.0009603272445 20.0 2.429499533260241
1493.27504564481 744.9657968003331 20.0 2.4461679332889616
1493.1664036937113 744.93031998 20.0 2.4628371333237737
1493.0569020765324 744.8945299062741 20.0 2.47959263343364
1492.9465410307646 744.8584266211657 20.0 2.4962672332767397
1492.835320795125 744.8220101686084 20.0 2.512956333346665
