1499.999763457169 746.999979589354 10.0 0.09831949998624623
1499.9990540398487 746.9999177490951 10.0 0.3056845332030207
1499.9978720550864 746.9998127416263 10.0 0.375802333233878
1499.9962177974269 746.9996629035696 10.0 0.39612996648065746
1499.9940915494697 746.9994666426006 10.0 0.4128982664551586
1499.991493582402 746.999222434419 10.0 0.43044946645386517
1499.9884241565092 746.9989288198483 10.0 0.4471162664704025
1499.9848835216626 746.9985844020589 10.0 0.4653590666130185
1499.9808719177884 746.9981878439106 10.0 0.4820350664667785
1499.9763895753135 746.9977378654078 10.0 0.4987048665061593
1499.971436715596 746.9972332412635 10.0 0.5153759664390236
1499.9660135513336 746.996672798568 10.0 0.5320443664677441
1499.9601202869583 746.9960554145563 10.0 0.5487198664341122
1499.9537571190103 746.9953800144708 10.0 0.565391666488722
1499.9469242364999 746.9946455695164 10.0 0.5820750666316599
1499.9396218212507 746.9938510949014 10.0 0.598750366596505
1499.9318500482304 746.9929956479632 10.0 0.6155970664694905
1499.9236090858656 746.9920783263732 10.0 0.6322726665530354
1499.9148990963452 746.9910982664192 10.0 0.6489918665029109
1499.905720235909 746.9900546413602 10.0 0.6656753665301949
1499.8960726551254 746.9889466598523 10.0 0.6823493666015565
1499.885956499156 746.9877735644412 10.0 0.6990178665146232
1499.87537190801 746.9865346301194 10.0 0.7156900665722787
1499.864319016787 746.9852291629448 10.0 0.732378966640681
1499.8527979559099 746.9838564987184 10.0 0.749054666608572
1499.8408088513472 746.9824160017184 10.0 0.7657269665505737
1499.828351824827 746.9809070634885 10.0 0.7844557664357126
1499.8154269940405 746.9793291016775 10.0 0.8011295665055513
1499.802034472838 746.9776815589294 10.0 0.8178447664249688
1499.788174371415 746.9759639018192 10.0 0.8345159664750099
1499.7738467964925 746.9741756198364 10.0 0.8511834666132927
1499.7590518514878 746.9723162244095 10.0 0.8681002664379776
1499.7437896366785 746.9703852479744 10.0 0.8847755666356534
1499.72806024936 746.9683822430806 10.0 0.9014438665471971
1499.7118637839956 746.966306781537 10.0 0.9181183665059507
1499.6952003323606 746.9641584535935 10.0 0.9347860664129257
1499.6780699836804 746.9619368671578 10.0 0.9514556664507836
1499.660472824762 746.9596416470449 10.0 0.9681254664901644
1499.6424089401207 746.9572724342603 10.0 0.9848653664812446
1499.6238784121003 746.9548288853118 10.0 1.0015342666301876
1499.6048813209898 746.9523106715523 10.0 1.018304466502741
1499.5854177451336 746.9497174785492 10.0 1.0350058665499091
1499.5654877610375 746.9470490054829 10.0 1.0516727664507926
1499.545091443471 746.9443049645679 10.0 1.0683460666332394
1499.5242288655634 746.9414850805018 10.0 1.0850218664854765
1499.5029000988975 746.9385890899355 10.0 1.1016926665324718
1499.4811052135985 746.935616740967 10.0 1.1183607664424926
1499.4588442784195 746.9325677926571 10.0 1.1350321664940566
1499.4361173608224 746.9294420145646 10.0 1.1517009665258229
1499.412924527057 746.926239186303 10.0 1.168376466492191
1499.3892658422349 746.9229590971144 10.0 1.1858568664174527
1499.3651413704015 746.919601545463 10.0 1.2025327666196972
1499.3405511746043 746.9161663386452 10.0 1.2192061664536595
1499.3154953169592 746.9126532924163 10.0 1.2551296665333211
1499.2899738587118 746.9090622306337 10.0 1.271799566457048
1499.2639868602992 746.9053929849148 10.0 1.2885408664587885
1499.2375343814062 746.9016453943098 10.0 1.3054519665893167
1499.2106164810211 746.8978193049882 10.0 1.3221221666317433
1499.183233217488 746.8939145699392 10.0 1.3388001665007323
1499.155384648557 746.8899310486842 10.0 1.355469966540113
1499.1270708314335 746.885868607002 10.0 1.372468866640702
1499.0982918228233 746.8817271166657 10.0 1.3891370664350688
1499.0690476789775 746.877506455191 10.0 1.4058091666083783
1499.0393384557347 746.8732065055946 10.0 1.4224950664211065
1499.0091642085608 746.8688271561635 10.0 1.439167466480285
1498.9785249925892 746.8643683002344 10.0 1.4558438665699214
1498.9474208626564 746.8598298359816 10.0 1.4728292664512992
1498.9158518733384 746.8552116662147 10.0 1.4894975665956736
1498.8838180789846 746.8505136981845 10.0 1.5061713664326817
1498.8513195337503 746.8457358433978 10.0 1.5228455665055662
1498.8183562916272 746.8408780174394 10.0 1.539519566576928
1498.7849284064746 746.8359401398021 10.0 1.5561864664778113
1498.7510359320463 746.8309221337237 10.0 1.5728567666374147
1498.7166789220191 746.8258239260313 10.0 1.5895330666098744
1498.681857430018 746.820645446992 10.0 1.606205866439268
1498.6465715096422 746.8153866301702 10.0 1.6228737665805966
1498.610821214488 746.8100474122906 10.0 1.6396385664120317
1498.574606598172 746.8046277331074 10.0 1.6563116665929556
1498.5379277143536 746.7991275352788 10.0 1.6729858664330095
1498.500784616755 746.7935467642471 10.0 1.6896574664860964
1498.463177359182 746.7878853681243 10.0 1.7063585664145648
1498.4251059955427 746.7821432975812 10.0 1.7230282665695995
1498.386570579866 746.776320505743 10.0 1.7397000666242093
1498.3475711663189 746.7704169480882 10.0 1.7563767665997148
1498.3081078092239 746.7644325823518 10.0 1.773446066537872
1498.2681805630746 746.7583673684337 10.0 1.7903227666392922
1498.2277894825513 746.7522212683095 10.0 1.8069947664625943
1498.186934622535 746.7459942459466 10.0 1.8236636666115373
1498.1456160381229 746.7396862672224 10.0 1.8412926665041596
1498.10383378464 746.7332972998473 10.0 1.8579662665724754
1498.0615879176537 746.7268273132905 10.0 1.8746363664977252
1498.0188784929846 746.7202762787084 10.0 1.8913090664427727
1497.9757055667199 746.713644168877 10.0 1.9080153664108366
1497.9320691952225 746.7069309581265 10.0 1.924685966456309
1497.8879694351442 746.7001366222792 10.0 1.9413526665885001
1497.843406343434 746.6932611385894 10.0 1.9580274664331228
1497.798379977349 746.6863044856867 10.0 1.974696166580543
1497.752890394463 746.679266643521 10.0 1.9920975666027516
1497.706937652677 746.6721475933101 10.0 2.0087715664412826
1497.6605218102256 746.6649473174897 10.0 2.0258467665407807
1497.6136429256871 746.6576657996652 10.0 2.0425186664797366
1497.5663010579904 746.650303024566 10.0 2.0592004666104913
1497.5184962664225 746.6428589780013 10.0 2.075907266465947
1497.4702286106365 746.635333646818 10.0 2.0925916666164994
1497.421498150657 746.6277270188605 10.0 2.1092638664413244
1497.3723049468883 746.6200390829318 10.0 2.1268585664220154
1497.3226490601191 746.6122698287572 10.0 2.1435292665846646
1497.2725305515296 746.604419246948 10.0 2.1602033665403724
1497.2219494826963 746.5964873289684 10.0 2.176875466480851
1497.1709059155985 746.5884740671024 10.0 2.193544566631317
1497.1193999126226 746.5803794544237 10.0 2.2102203664835542
1497.0674315365675 746.5722034847648 10.0 2.226892466424033
1497.015000850649 746.5639461526896 10.0 2.2438129666261375
1496.9621079185042 746.5556074534655 10.0 2.2605208666063845
1496.908752804197 746.5471873830376 10.0 2.27719586645253
1496.8549355722207 746.5386859380035 10.0 2.2938683666288853
1496.8006562875028 746.5301031155897 10.0 2.3105454666074365
1496.7459150154082 746.5214389136285 10.0 2.3279176666401327
1496.6907118217432 746.5126933305363 10.0 2.3445931666065007
1496.6350467727589 746.5038663652923 10.0 2.3617806665133685
1496.5789199351539 746.4949580174188 10.0 2.3784479664172977
1496.5223313760782 746.4859682869615 10.0 2.3951157664414495
1496.4652811631356 746.4768971744716 10.0 2.4117844665888697
1496.4077693643862 746.467744680988 10.0 2.42859556642361
1496.34979604835 746.45851080802 10.0 2.4452696666121483
1496.2913612840086 746.4491955575319 10.0 2.461941566551104
1496.232465140808 746.4397989319269 10.0 2.478617266518995
1496.1731076886606 746.4303209340327 10.0 2.4957875665277243
1496.1132889979478 746.420761567087 10.0 2.512455166550353
1496.0530091395217 746.4111208347241 10.0 2.5291257665958256
1495.9922681847072 746.4013987409619 10.0 2.5458401665091515
1495.931066205304 746.3915952901896 10.0 2.562516566598788
1495.869403273588 746.3817104871553 10.0 2.5791845666244626
1495.8072794623133 746.3717443369551 10.0 2.595859766472131
1495.7446948447136 746.361696845022 10.0 2.6125357665587217
1495.681649494504 746.3515680171154 10.0 2.629204666474834
1495.618143485882 746.341357859311 10.0 2.645880266558379
1495.5541768935293 746.3310663779913 10.0 2.6625567665323615
1495.4897497926124 746.3206935798365 10.0 2.6792405664455146
1495.4248622587847 746.3102394718157 10.0 2.6959157665260136
1495.3595143681869 746.2997040611782 10.0 2.712582566542551
1495.2937061974485 746.2890873554458 10.0 2.729256466496736
1495.2274378236884 746.2783893624047 10.0 2.745929366443306
1495.1607093245161 746.2676100900987 10.0 2.7625983664765954
1495.0935207780328 746.2567495468214 10.0 2.77926806663163
1495.0258722628319 746.24580774111 10.0 2.7959426664747298
1494.9577638579995 746.2347846817381 10.0 2.812932866625488
1494.889195643116 746.2236803777106 10.0 2.829602166544646
1494.820167698256 746.2124948382566 10.0 2.84627806651406
1494.7506801039892 746.2012280728243 10.0 2.862953266594559
1494.6807329413814 746.1898800910753 10.0 2.8796516666188836
1494.610326291994 746.1784509028797 10.0 2.896326966583729
1494.5394602378854 746.1669405183106 10.0 2.9129997664131224
1494.4681348616111 746.1553489476398 10.0 2.929675466613844
1494.3963502462248 746.1436762013328 10.0 2.9465000664349645
1494.3241064752772 746.1319222900446 10.0 2.963174066506326
1494.2514036328182 746.1200872246154 10.0 2.9800353664904833
1494.178241803396 746.1081710160665 10.0 2.9967081665527076
1494.104621072058 746.0961736755967 10.0 3.0133857664186507
1494.0305415243506 746.084095214578 10.0 3.030052466550842
1493.9560032463196 746.071935644553 10.0 3.0468743664678186
1493.8810063245107 746.0596949772306 10.0 3.06354696652852
1493.8055508459693 746.047373224483 10.0 3.080220866482705
1493.7296368982404 746.0349703983427 10.0 3.0968964665662497
1493.6532645693699 746.0224865109996 10.0 3.1135734664276242
1493.576433947903 746.0099215747977 10.0 3.130324366502464
1493.499145122886 745.9972756022328 10.0 3.146996066439897
1493.4213981838643 745.9845486059496 10.0 3.1636655665934086
1493.343193220885 745.9717405987393 10.0 3.180336266523227
1493.2645303244947 745.958851593537 10.0 3.197007466573268
1493.1854095857402 745.9458816034197 10.0 3.2136799665167928
1493.1058310961691 745.9328306416037 10.0 3.230348566547036
1493.025794947829 745.9196987214426 10.0 3.2470153665635735
1492.9453012332672 745.9064858564254 10.0 3.263683966593817
1492.8643500455319 745.8931920601744 10.0 3.2803535666316748
1492.7829414781706 745.8798173464432 10.0 3.2970442664809525
1492.701075625231 745.8663617291153 10.0 3.3137203664518893
1492.6187525812602 745.8528252222019 10.0 3.3303956664167345
1492.5359724413054 745.8392078398405 10.0 3.347795266425237
1492.4527353009125 745.8255095962932 10.0 3.364465066464618
1492.369041256127 745.8117305059452 10.0 3.381132266484201
1492.2848904034936 745.7978705833035 10.0 3.397912566550076
1492.2002828400553 745.7839298429952 10.0 3.415127366548404
1492.115218663354 745.7699082997665 10.0 3.43231886648573
1492.02969797143 745.7558059684809 10.0 3.4489915664307773
1491.9437208628221 745.7416228641184 10.0 3.465659466572106
1491.8572874365664 745.7273590017742 10.0 3.482326766476035
1491.7703977921965 745.7130143966574 10.0 3.498998666414991
1491.683052029744 745.6985890640901 10.0 3.515675766626373
1491.5952502497373 745.6840830195063 10.0 3.5323501664679497
1491.5069925532014 745.6694962784505 10.0 3.5490178666077554
1491.418279041658 745.6548288565776 10.0 3.5656846666242927
1491.329109817125 745.6400807696511 10.0 3.5832240665331483
1491.2394849821162 745.6252520335426 10.0 3.5998946665786207
1491.1494046396406 745.6103426642306 10.0 3.6165666666347533
1491.0588688932028 745.5953526778004 10.0 3.63323346641846
1490.9678778468021 745.5802820904424 10.0 3.649908666498959
1490.8764316049323 745.565130918452 10.0 3.666582466568798
1490.7845302725816 745.5498991782285 10.0 3.683249566471204
1490.6921739552315 745.5345868862746 10.0 3.6999163664877415
1490.5993627588573 745.5191940591955 10.0 3.716592666460201
1490.5060967899274 745.5037207136983 10.0 3.733259966596961
1490.4123761554024 745.4881668665915 10.0 3.7499292665161192
1490.3182009627358 745.4725325347844 10.0 3.766600666567683
1490.2235713198727 745.4568177352862 10.0 3.7832880665082484
1490.1284873352497 745.4410224852058 10.0 3.7999568665400147
1490.0329491177943 745.4251468017511 10.0 3.8166344666387886
1489.936956776925 745.4091907022283 10.0 3.833303866442293
1489.84051042255 745.3931542040418 10.0 3.849977066507563
1489.7436101650683 745.3770373246932 10.0 3.866648466559127
1489.6462561153674 745.3608400817814 10.0 3.883317766478285
1489.5484483848238 745.3445624930015 10.0 3.9000895665958524
1489.450187085303 745.3282045761449 10.0 3.9167594665195793
1489.3514723291585 745.3117663490987 10.0 3.9334271664265543
1489.252304229231 745.295247829845 10.0 3.9500945664476603
1489.1526828988488 745.278649036461 10.0 3.9671675665304065
1489.0526084518267 745.2619699871184 10.0 3.983841566601768
1488.9520810024658 745.2452107000828 10.0 4.00051216641441
1488.851100665553 745.2283711937135 10.0 4.017189466627315
1488.7496675563607 745.2114514864636 10.0 4.033857966540381
1488.647781790646 745.1944515968787 10.0 4.050526666454971
1488.5454434846501 745.1773715435975 10.0 4.067199466517195
1488.4426527550988 745.1602113453508 10.0 4.083866166416556
1488.3394097192006 745.1429710209618 10.0 4.100560866529122
1488.2357144946473 745.1256505893452 10.0 4.117327466607094
1488.131567199613 745.1082500695076 10.0 4.133999566547573
1488.026967952754 745.0907694805463 10.0 4.150675966637209
1487.9219168732075 745.07320884165 10.0 4.167344466550276
1487.816414080592 745.0555681720978 10.0 4.18403246649541
1487.7104596950064 745.0378474912593 10.0 4.200707366457209
1487.6040538370296 745.0200468185943 10.0 4.2173757664859295
1487.4971966277199 745.0021661736525 10.0 4.234050166560337
1487.3898881886141 744.9842055760732 10.0 4.25116546661593
1487.282128641728 744.9661650455854 10.0 4.267838766565546
1487.1739181095545 744.948044602007 10.0 4.285273066489026
1487.0652567150646 744.9298442652452 10.0 4.3019492665771395
1486.9561445817055 744.9115640552956 10.0 4.318618766497821
1486.8465818334012 744.8932039922428 10.0 4.335290966555476
1486.736568594551 744.8747640962595 10.0 4.351963366614655
1486.6261049900297 744.8562443876066 10.0 4.368633566424251
1486.5151911451867 744.837644886633 10.0 4.3853091665077955
1486.4038271858453 744.8189656137755 10.0 4.401984566589817
1486.2920132383026 744.8002065895583 10.0 4.418676666449755
1486.179749429329 744.7813678345931 10.0 4.435355166438967
1486.0670358861667 744.7624493695787 10.0 4.452025166479871
1485.9538727365302 744.7434512153011 10.0 4.4687834666110575
1485.8402601086057 744.724373392633 10.0 4.485457666451111
1485.7261981310498 744.7052159225339 10.0 4.502133866539225
1485.6116869329896 744.6859788260498 10.0 4.518891466548666
1485.4967266440217 744.666662124313 10.0 4.536348366411403
1485.3813173942121 744.6472658385421 10.0 4.553018866572529
1485.2654593140953 744.6277899900417 10.0 4.569690366508439
1485.1491525346735 744.6082346002022 10.0 4.586494266521186
1485.0323971874168 744.5885996904998 10.0 4.603167466586456
1484.915193404262 744.5688852824962 10.0 4.619838966522366
1484.797541317612 744.5490913978387 10.0 4.636817666469142
1484.6794410603359 744.5292180582594 10.0 4.6534893666394055
1484.5608927657674 744.5092652855761 10.0 4.670182966627181
1484.441896567705 744.4892331016913 10.0 4.686852966435254
1484.3224526004115 744.4691215285922 10.0 4.703521866584197
1484.2025609986124 744.4489305883508 10.0 4.720190866617486
1484.0822218974965 744.4286603031236 10.0 4.737553766462952
1483.9614354327146 744.4083106951517 10.0 4.754594066413119
1483.8402017403791 744.3878817867603 10.0 4.771270266501233
1483.718520957064 744.3673736003586 10.0 4.787943566450849
1483.5963932198028 744.3467861584401 10.0 4.805507266428322
1483.4738186660895 744.3261194835819 10.0 4.822175066452473
1483.3507974338772 744.305373598445 10.0 4.8388781666290015
1483.2273296615774 744.284548525774 10.0 4.855552066583186
1483.10341548806 744.2636442883967 10.0 4.872286766534671
1482.9790550526518 744.2426609092245 10.0 4.888960666488856
1482.854248495137 744.2215984112519 10.0 4.905637266580015
1482.7289959557556 744.2004568175564 10.0 4.922686166595668
1482.6032975752037 744.1792361512987 10.0 4.939360566437244
1482.4771534946315 744.1579364357221 10.0 4.956090966472402
1482.3505638556444 744.1365576941528 10.0 4.972759266616777
1482.2235288003012 744.1150999499993 10.0 4.991085466463119
1482.0960484711138 744.0935632267527 10.0 5.007754566613585
1481.9681230110466 744.0719475479865 10.0 5.024425466544926
1481.839752563516 744.0502529373562 10.0 5.04153456655331
1481.7109372723896 744.0284794185994 10.0 5.0582041665911674
1481.5816772819858 744.006627015536 10.0 5.074871366610751
1481.4519727370728 743.9846957520672 10.0 5.091543066548184
1481.3218237828683 743.9626856521763 10.0 5.10853556660004
1481.1912305650385 743.9405967399281 10.0 5.125204266514629
1481.0601932296981 743.9184290394687 10.0 5.141881766496226
1480.928711923409 743.8961825750258 10.0 5.15855626645498
1480.7967867931802 743.8738573709082 10.0 5.175230466527864
1480.6644179864663 743.8514534515058 10.0 5.1920651665423065
1480.5316056511683 743.8289708412894 10.0 5.208737166598439
1480.3983499356316 743.8064095648109 10.0 5.225407066522166
1480.2646509886458 743.7837696467028 10.0 5.2420839664991945
1480.1305089594446 743.7610511116782 10.0 5.258830266539007
1479.9959239977043 743.7382539845307 10.0 5.275585766416043
1479.8608962535436 743.7153782901345 10.0 5.292287466581911
1479.725425877523 743.6924240534437 10.0 5.308961366536096
1479.589513020644 743.6693912994929 10.0 5.3256310664583
1479.4531578343485 743.6462800533966 10.0 5.34230536641553
1479.3163604705178 743.6230903403492 10.0 5.358983166515827
1479.1791210814729 743.5998221856249 10.0 5.375650466419756
1479.0414398199725 743.5764756145777 10.0 5.392478866502643
1478.9033168392136 743.553050652641 10.0 5.409150266554207
1478.76475229283 743.5295473253276 10.0 5.425826666411012
1478.6257463348923 743.5059656582299 10.0 5.4424958664458245
1478.4862991199063 743.4823056770193 10.0 5.459214066620916
1478.3464108028134 743.4585674074463 10.0 5.475898366421461
1478.2060815389889 743.4347508753403 10.0 5.493113266536966
1478.0653114842423 743.4108561066099 10.0 5.509783566463739
1477.9241007948162 743.3868831272421 10.0 5.526513566495851
1477.7824496273854 743.3628319633025 10.0 5.543839966412634
1477.6403581390564 743.3387026409354 10.0 5.560785266570747
1477.4978264873669 743.3144951863633 10.0 5.577460666419938
1477.354854830285 743.2902096258871 10.0 5.594134566606954
1477.2114433262084 743.2658459858858 10.0 5.610810566460714
1477.067592133964 743.2414042928165 10.0 5.627482166513801
1476.9233014128067 743.216884573214 10.0 5.6441573665943
1476.7785713224196 743.1922868536909 10.0 5.660825066501275
1476.6334020229124 743.1676111609378 10.0 5.677497766446322
1476.487793674821 743.1428575217225 10.0 5.694170166505501
1476.3417464391073 743.1180259628903 10.0 5.710843166569248
1476.1952604771577 743.093116511364 10.0 5.727510566590354
1476.0483359507832 743.0681291941434 10.0 5.744183166418225
1475.9009730222183 743.0430640383053 10.0 5.760859766509384
1475.75317185412 743.0179210710036 10.0 5.777530566556379
1475.6049326095676 742.992700319469 10.0 5.794201866490766
1475.4562554520621 742.967401811009 10.0 5.8108750665560365
1475.3071405455248 742.9420255730076 10.0 5.827547266613692
1475.1575880542975 742.9165716329252 10.0 5.844216766534373
1475.0075981431412 742.8910400182986 10.0 5.861550766509026
1474.8571709772352 742.8654307567408 10.0 5.878224866464734
1474.7063067221775 742.839743875941 10.0 5.89489536662586
1474.5550055439826 742.8139794036645 10.0 5.911569066578522
1474.403267609082 742.7881373677519 10.0 5.928237466607243
1474.2510930843227 742.7622177961202 10.0 5.9456414664164186
1474.0984821369673 742.7362207167619 10.0 5.962389666587114
1473.9454349346925 742.7101461577446 10.0 5.979056466603652
1473.7919516455884 742.6839941472116 10.0 5.995726366527379
1473.6380324381587 742.6577647133814 10.0 6.012402866501361
1473.4836774813189 742.6314578845478 10.0 6.029074066551402
1473.3288869443963 742.6050736890793 10.0 6.045793166616932
1473.1736609971292 742.5786121554194 10.0 6.062468266580254
1473.0179998096655 742.5520733120863 10.0 6.079141766531393
1472.861903552563 742.5254571876733 10.0 6.09583616652526
1472.705372396788 742.4987638108474 10.0 6.112511566607282
1472.5484065137148 742.4719932103508 10.0 6.129190866602585
1472.3910060751248 742.4451454149994 10.0 6.145935666514561
1472.2331712532061 742.4182204536836 10.0 6.162603866541758
1472.0749022205525 742.3912183553676 10.0 6.17933246656321
1471.916199150163 742.3641391490896 10.0 6.196001966483891
1471.7570622154408 742.3369828639616 10.0 6.212668666616082
1471.5974915901925 742.3097495291692 10.0 6.2293397665489465
1471.437487448628 742.2824391739714 10.0 6.246008666465059
1471.277049965359 742.255051827701 10.0 6.262681566411629
1471.116179315399 742.2275875197636 10.0 6.279348466545343
1470.9548756741617 742.2000462796382 10.0 6.296027466421947
1470.7931392174612 742.1724281368768 10.0 6.312704066513106
1470.6309701215105 742.1447331211043 10.0 6.329378366470337
1470.468368562921 742.1169612620183 10.0 6.346054366556928
1470.305334718702 742.0891125893892 10.0 6.362728966632858
1470.14186876626 742.0611871330597 10.0 6.379446966573596
1469.9779708833973 742.0331849229449 10.0 6.396115066483617
1469.813641248312 742.0051059890325 10.0 6.412788266548887
1469.6488800395969 741.9769503613819 10.0 6.429456066573039
1469.4836874362386 741.9487180701249 10.0 6.446131366537884
1469.3180636176173 741.9204091454648 10.0 6.462808266514912
1469.1520087635056 741.8920236176768 10.0 6.479479666566476
1468.985523054068 741.863561517108 10.0 6.496777866501361
1468.8186066698595 741.8350228741766 10.0 6.513983666431159
1468.6512597918259 741.8064077193725 10.0 6.5306637664325535
1468.4834826013023 741.7777160832565 10.0 6.547337266616523
1468.3152752800127 741.7489479964607 10.0 6.564007666427642
1468.146638010069 741.7201034896883 10.0 6.580688966438174
1467.9775709739704 741.6911825937132 10.0 6.597360666608438
1467.8080743546025 741.6621853393799 10.0 6.614035566570237
1467.6381483352368 741.6331117576037 10.0 6.630712266545743
1467.46779309953 741.6039618793704 10.0 6.647381866583601
1467.2970088315221 741.574735735736 10.0 6.664051866624504
1467.1257957156377 741.5454333578267 10.0 6.680719966534525
1466.9541539366835 741.5160547768388 10.0 6.697973666479811
1466.7820836798483 741.4866000240387 10.0 6.714645266532898
1466.6095851307018 741.4570691307623 10.0 6.731312866555527
1466.4366584751945 741.4274621284154 10.0 6.747993866447359
1466.2633038996562 741.3977790484734 10.0 6.765510466415435
1466.0895215907958 741.3680199224809 10.0 6.782178366556764
1465.9153117357005 741.338184782052 10.0 6.798850866500288
1465.7406745218343 741.3082736588699 10.0 6.815519266529009
1465.5656101370382 741.2782865846867 10.0 6.832188666565344
1465.3901187695287 741.2482235913235 10.0 6.848859366495162
1465.2142006078977 741.2180847106702 10.0 6.865531666437164
1465.037855841111 741.1878699746851 10.0 6.882200966589153
1464.861084658508 741.1575794153954 10.0 6.899405266623944
1464.6838872498008 741.1272130648963 10.0 6.9160771665629
1464.5062638050738 741.0967709553513 10.0 6.932752066524699
1464.3282145147818 741.0662531189921 10.0 6.94942496647127
1464.1497395697506 741.0356595881183 10.0 6.966096866410226
1463.9708391611753 741.0049903950973 10.0 6.982770566595718
1463.7915134806196 740.9742455723641 10.0 6.999470766633749
1463.6117627200158 740.9434251524216 10.0 7.016139666549861
1463.431587071663 740.9125291678398 10.0 7.032816166523844
1463.250986728227 740.8815576512561 10.0 7.049489566590637
1463.0699618827393 740.850510635375 10.0 7.066163366427645
1462.8885127285962 740.8193881529681 10.0 7.0828377665020525
1462.706639459558 740.7881902368739 10.0 7.099513966590166
1462.5243422697483 740.7569169199976 10.0 7.116190066561103
1462.3416213536536 740.7255682353109 10.0 7.132861066609621
1462.158476906122 740.6941442158522 10.0 7.149534666445106
1461.9749091223623 740.6626448947262 10.0 7.166205766610801
1461.7909181979437 740.6310703051037 10.0 7.182881866581738
1461.606504328795 740.5994204802215 10.0 7.199554666411132
1461.4216677112029 740.5676954533826 10.0 7.216269466560334
1461.2364085418126 740.5358952579556 10.0 7.232940766494721
1461.050727017626 740.5040199273749 10.0 7.249609166523442
1460.8646233360012 740.4720694951402 10.0 7.266285166610032
1460.6780976946518 740.4400439948168 10.0 7.283125966554508
1460.491150291646 740.4079434600353 10.0 7.299794066464528
1460.3037813254055 740.3757679244911 10.0 7.316469066543505
1460.1159909947057 740.343517421945 10.0 7.333145566517487
1459.9277794986738 740.3111919862222 10.0 7.349825066514313
1459.7391470367882 740.2787916512129 10.0 7.3665124664548784
1459.5500938088783 740.2463164508719 10.0 7.383182666497305
1459.3606200151232 740.213766419218 10.0 7.399850166635588
1459.1707258560511 740.181141590335 10.0 7.416524166474119
1458.9804115325383 740.1484419983701 10.0 7.433200866449624
1458.7896772458084 740.1156676775352 10.0 7.450245066545904
1458.5985231974319 740.0828186621054 10.0 7.466919466620311
1458.406949589325 740.0498949864201 10.0 7.483586466638371
1458.2149566237488 740.0168966848819 10.0 7.500255066435784
1458.0225445033086 739.9838237919571 10.0 7.519239966524765
1457.8297134309532 739.9506763421753 10.0 7.53590796655044
1457.636463609974 739.917454370129 10.0 7.552577166585252
1457.4427952440042 739.8841579104741 10.0 7.569250466534868
1457.2487085370176 739.8507869979292 10.0 7.5859264666214585
1457.0542036933286 739.8173416672756 10.0 7.602600966580212
1456.8592809175907 739.7838219533576 10.0 7.619269966613501
1456.6639404147961 739.7502278910814 10.0 7.636328766588122
1456.4681823902745 739.716559515416 10.0 7.653000066522509
1456.2720070496923 739.6828168613923 10.0 7.669668966438621
1456.0754145990527 739.6489999641035 10.0 7.686338566476479
1455.8784052446936 739.6151088587045 10.0 7.70301146642305
1455.6809791932874 739.5811435804121 10.0 7.719738966552541
1455.4831366518404 739.5471041645047 10.0 7.7364128665067255
1455.2848778276914 739.5129906463222 10.0 7.753079566638917
1455.0862029285115 739.4788030612659 10.0 7.769750066567212
1454.887112162303 739.4445414447982 10.0 7.78642276651226
1454.6876057373986 739.4102058324427 10.0 7.803099466487765
1454.48768386246 739.3757962597837 10.0 7.819769766414538
1454.2873467464783 739.3413127624665 10.0 7.836444066604599
1454.086594598772 739.3067553761969 10.0 7.853111766511574
1453.8854276289874 739.2721241367414 10.0 7.869785866467282
1453.6838460470963 739.2374190799266 10.0 7.886456766631454
1453.4818500633965 739.2026402416394 10.0 7.903128766454756
1453.27943988851 739.167787657827 10.0 7.919799866620451
1453.076615733383 739.1328613644963 10.0 7.936467566527426
1452.8733778092844 739.0978613977139 10.0 7.953137666452676
1452.6697263278054 739.0627877936063 10.0 7.969814166426659
1452.4656615008585 739.0276405883593 10.0 7.986486666603014
1452.2611835406765 738.9924198182182 10.0 8.003155066631734
1452.0562926598122 738.9571255194874 10.0 8.01982526644133
1451.8509890711373 738.9217577285303 10.0 8.03650186653249
1451.645272987841 738.8863164817695 10.0 8.053174666594714
1451.4391446234304 738.8508018156862 10.0 8.069863966433331
1451.2326041917283 738.8152137668202 10.0 8.086537266615778
1451.0256519068737 738.7795523717699 10.0 8.103212866466492
1450.8182879833196 738.743817667192 10.0 8.119886766420677
1450.6105126358334 738.7080096898015 10.0 8.136554766446352
1450.4023260794954 738.6721284763713 10.0 8.153225566493347
1450.193728529698 738.6361740637323 10.0 8.16990236658603
1449.9847202021454 738.6001464887731 10.0 8.186569966608658
1449.7753013128518 738.5640457884402 10.0 8.203240366419777
1449.5654720781413 738.5278719997373 10.0 8.219908866565675
1449.3552327146472 738.4916251597255 10.0 8.236578866606578
1449.1445834393105 738.4553053055231 10.0 8.253252166556194
1448.9335244693798 738.4189124743057 10.0 8.2699192664586
1448.7220560224096 738.3824467033054 10.0 8.286675466457382
1448.51017831626 738.3459080298113 10.0 8.303369666449726
1448.2978915690962 738.309296491169 10.0 8.320044466527179
1448.0851959993872 738.2726121247807 10.0 8.336716866586357
1447.8720918259048 738.2358549681048 10.0 8.353782766498625
1447.6585792677233 738.199025058656 10.0 8.37045386643149
1447.444658544218 738.162122434005 10.0 8.387178066419438
1447.230329875065 738.1251471317784 10.0 8.403849866474047
1447.01559348024 738.0880991896584 10.0 8.420517966616899
1446.8004495800178 738.0509786453828 10.0 8.437185366638005
1446.5848983949709 738.0137855367451 10.0 8.45385896647349
1446.3689401459692 737.976519901594 10.0 8.470534166553989
1446.1525750541787 737.9391817778331 10.0 8.487238466506824
1445.935803341061 737.9017712034214 10.0 8.50390756642446
1445.7186252283727 737.8642882163725 10.0 8.520580066600814
1445.5010409381637 737.8267328547548 10.0 8.537253266433254
1445.2830506927771 737.7891051566913 10.0 8.553928166627884
1445.064654714848 737.7514051603594 10.0 8.570599066559225
1444.8458532273032 737.7136329039907 10.0 8.587272766511887
1444.6266464533596 737.6757884258711 10.0 8.603940166532993
1444.4070346165238 737.6378717643404 10.0 8.620615566615015
1444.1870179405912 737.5998829577921 10.0 8.637302866438404
1443.966596649645 737.5618220446737 10.0 8.65397786651738
1443.7457709680557 737.5236890634859 10.0 8.670675766421482
1443.5245411204799 737.485484052783 10.0 8.68734816648066
1443.3029073318594 737.4472070511725 10.0 8.704250966431573
1443.080869827421 737.408858097315 10.0 8.720978066558018
1442.8584288326751 737.370437229924 10.0 8.737645666580647
1442.6355845734145 737.331944487766 10.0 8.7544513666071
1442.4123372757144 737.29337990966 10.0 8.771120666526258
1442.1886871659312 737.2547435344774 10.0 8.787793466588482
1441.9646344707014 737.2160354011422 10.0 8.804463566513732
1441.7401794169411 737.1772555486306 10.0 8.821132166543975
1441.5153222318452 737.1384040159705 10.0 8.837801366578788
1441.290063142886 737.0994808422423 10.0 8.854470766615123
1441.0644023778134 737.0604860665777 10.0 8.871143266558647
1440.8383401646524 737.0214197281601 10.0 8.887810966465622
1440.6118767317041 736.9822818662246 10.0 8.90447776648216
1440.3850123075435 736.9430725200575 10.0 8.921149866422638
1440.1577471210196 736.9037917289962 10.0 8.937817066442221
1439.9300814012536 736.8644395324293 10.0 8.954485666472465
1439.7020153776389 736.8250159697961 10.0 8.971158666536212
1439.4735492798397 736.7855210805868 10.0 8.98782966658473
1439.2446833377905 736.7459549043419 10.0 9.004498566500843
1439.015417781695 736.7063174806527 10.0 9.02117156656459
1438.7857528420254 736.6666088491606 10.0 9.037842266494408
1438.5556887495216 736.6268290495572 10.0 9.05451036663726
1438.3252257351899 736.5869781215838 10.0 9.071181666571647
1438.094364030303 736.5470561050321 10.0 9.087858366547152
1437.8631038663984 736.507063039743 10.0 9.104534366633743
1437.6314454752778 736.4669989656072 10.0 9.121263766428456
1437.3993890890063 736.4268639225647 10.0 9.137937566498294
1437.1669349399115 736.3866579506048 10.0 9.154801366617903
1436.9340832605826 736.3463810897657 10.0 9.171473566442728
1436.7008342838697 736.3060333801349 10.0 9.18814476649277
1436.467188242883 736.2656148618483 10.0 9.204847666434944
1436.2331453709912 736.2251255750909 10.0 9.221522566629574
1435.9987059018222 736.184565560096 10.0 9.238194766454399
1435.7638700692603 736.1439348571449 10.0 9.254865466617048
1435.528638107447 736.1032335065676 10.0 9.271541166584939
1435.2930102507796 736.0624615487418 10.0 9.28822136647068
1435.0569867339098 736.0216190240934 10.0 9.304892466636375
1434.8205677917433 735.980705973096 10.0 9.321956866420805
1434.5837536594393 735.9397224362705 10.0 9.338652866426855
1434.346544572409 735.8986684541856 10.0 9.355321566574275
1434.108940766315 735.8575440674571 10.0 9.371994266519323
1433.8709424770711 735.8163493167481 10.0 9.38866306655109
1433.6325499408404 735.7750842427686 10.0 9.405331966467202
1433.3937633940345 735.7337488862755 10.0 9.422007966553792
1433.1545830733137 735.6923432880725 10.0 9.438677366590127
1432.915009215585 735.6508674890096 10.0 9.45534426649101
1432.6750420580022 735.6093215299834 10.0 9.472011166624725
1432.434681837964 735.5677054519367 10.0 9.48868756648153
1432.193928793114 735.5260192958585 10.0 9.505364966578782
1431.95278316134 735.4842631027836 10.0 9.52204016642645
1431.711245180772 735.4424369137928 10.0 9.53871366661042
1431.4693150897826 735.4005407700124 10.0 9.555384466424584
1431.2269931269855 735.3585747126142 10.0 9.572104866616428
1430.9842795312343 735.3165387828154 10.0 9.588799466611817
1430.741174541623 735.2744330218785 10.0 9.605472766561434
1430.4976783974835 735.232257471111 10.0 9.622189566493034
1430.2537913383858 735.1900121718652 10.0 9.638860766543075
1430.0095136041368 735.1476971655383 10.0 9.655533966608346
1429.7648454347795 735.105312493572 10.0 9.672210466582328
1429.5197870705924 735.0628581974527 10.0 9.68888586643152
1429.2743387520882 735.0203343187108 10.0 9.705556666478515
1429.028500720013 734.9777408989208 10.0 9.722229066537693
1428.7822732153456 734.9350779797018 10.0 9.738900966476649
1428.5356564792971 734.892345602716 10.0 9.755576166557148
1428.2886507533092 734.8495438096697 10.0 9.772617166629061
1428.0412562790539 734.8066726423128 10.0 9.78928896645084
1427.7934732984322 734.7637321424386 10.0 9.805959466611966
1427.545302053574 734.7207223518834 10.0 9.822628966532648
1427.2967427868364 734.6776433125269 10.0 9.839303266489878
1427.0477957408034 734.6344950662917 10.0 9.855970366625115
1426.7984611582851 734.5912776551431 10.0 9.872641866561025
1426.548739282316 734.5479911210891 10.0 9.889318266417831
1426.2986303561556 734.5046355061803 10.0 9.905995266512036
1426.0481346232862 734.4612108525096 10.0 9.92266246653162
1425.7972523274125 734.4177172022119 10.0 9.9393319664523
1425.5459837124613 734.3741545974644 10.0 9.95601026643999
1425.2943290225799 734.3305230804864 10.0 9.972683066502213
1425.0422885021353 734.2868226935385 10.0 9.989352766424417
1424.789862395714 734.2430534789232 10.0 10.006026966497302
1424.5370509481204 734.1992154789843 10.0 10.022697266424075
1424.2838544043766 734.1553087361071 10.0 10.03936466644518
1424.030273009721 734.111333292718 10.0 10.056032466469333
1423.7763070096078 734.0672891912841 10.0 10.072707566432655
1423.521956649706 734.0231764743138 10.0 10.089379266602919
1423.2672221758985 733.978995184356 10.0 10.106049766531214
1423.0121038342813 733.9347453640002 10.0 10.12272506649606
1422.7566018711627 733.8904270558761 10.0 10.13939516642131
1422.5007165330626 733.846040302654 10.0 10.15606466657482
1422.2444480667114 733.8015851470443 10.0 10.172762966481969
1421.9877967190491 733.757061631797 10.0 10.189563966589049
1421.7307627372247 733.7124697997021 10.0 10.206237766426057
1421.4733463685955 733.6678096935894 10.0 10.222911966498941
1421.2155478607253 733.623081356328 10.0 10.239587566582486
1420.957367461385 733.5782848308265 10.0 10.256260266527534
1420.6988054185506 733.5334201600326 10.0 10.2729287664406
1420.4398619804026 733.4884873869331 10.0 10.28960196650587
1420.1805373953257 733.4434865545538 10.0 10.30627796659246
1419.9208319119075 733.3984177059591 10.0 10.322960666613653
1419.6607457789373 733.3532808842522 10.0 10.339629666414112
1419.4002792454062 733.3080761325745 10.0 10.356301966588944
1419.1394325605052 733.2628034941058 10.0 10.373083466431126
1418.8782059736252 733.2174630120643 10.0 10.389925966504961
1418.6165997343558 733.172054729706 10.0 10.406594466418028
1418.3546140924843 733.1265786903248 10.0 10.423267566598952
1418.0922492979955 733.0810349372522 10.0 10.439934466499835
1417.8295056010697 733.0354235138574 10.0 10.456707966513932
1417.5663832520831 732.9897444635469 10.0 10.473377666436136
1417.302882501606 732.9439978297647 10.0 10.490053466521204
1417.0390036004028 732.8981836559916 10.0 10.506720966426656
1416.7747467994304 732.8523019857456 10.0 10.523392966482788
1416.5101123498378 732.8063528625814 10.0 10.540065866429359
1416.2451005029648 732.7603363300905 10.0 10.556736166588962
1415.9797115103418 732.7142524319006 10.0 10.573410466546193
1415.7139456236887 732.6681012116761 10.0 10.590085866628215
1415.447803094914 732.6218827131174 10.0 10.606760766590014
1415.1812841761136 732.5755969799612 10.0 10.623431166633964
1414.9143891195708 732.5292440559799 10.0 10.640102366451174
1414.6471181777547 732.4828239849817 10.0 10.656769566470757
1414.3794716033196 732.4363368108105 10.0 10.67344156652689
1414.1114496491045 732.3897825773457 10.0 10.690110366558656
1413.8430525681315 732.343161328502 10.0 10.706783766625449
1413.5742806136057 732.2964731082291 10.0 10.72345326654613
1413.305134038914 732.2497179605119 10.0 10.740122166462243
1413.0356130976245 732.2028959293702 10.0 10.756791566498578
1412.7657180434853 732.1560070588584 10.0 10.773463966557756
1412.4954491304238 732.1090513930657 10.0 10.790135166607797
1412.2248066125462 732.0620289761152 10.0 10.806809466565028
1411.9537907441363 732.0149398521651 10.0 10.823482366511598
1411.6824017796546 731.9677840654069 10.0 10.840154266450554
1411.4106399737377 731.9205616600668 10.0 10.856826966628432
1411.1385055811975 731.8732726804043 10.0 10.87349966657348
1410.8659988570198 731.8259171707128 10.0 10.89017596654594
1410.5931200563646 731.7784951753193 10.0 10.906849066494033
1410.319869434564 731.7310067385841 10.0 10.923518566414714
1410.0462472471222 731.6834519049008 10.0 10.94018766656518
1409.7722537497143 731.6358307186961 10.0 10.95685746660456
1409.4978891981857 731.5881432244294 10.0 10.973531066440046
1409.223153848551 731.5403894665932 10.0 10.990201766602695
1408.9480479569932 731.4925694897127 10.0 11.006868866505101
1408.6725717798631 731.4446833383452 10.0 11.023541066562757
1408.3967255736786 731.3967310570807 10.0 11.04021616652608
1408.1205095951234 731.3487126905414 10.0 11.056892966618761
1407.843924101046 731.3006282833815 10.0 11.073565666563809
1407.56696934846 731.2524778802868 10.0 11.090236766496673
1407.2896455945418 731.2042615259754 10.0 11.106913366587833
1407.0119530966308 731.1559792651966 10.0 11.123587366426364
1406.7338921122284 731.1076311427314 10.0 11.140255566453561
1406.4554628989968 731.059217203392 10.0 11.156925066607073
1406.1766657147584 731.0107374920219 10.0 11.173595866421238
1405.8975008174953 730.9621920534954 10.0 11.190266566583887
1405.6179684653475 730.913580932718 10.0 11.206954266410321
1405.3380689166136 730.8649041746256 10.0 11.223626866471022
1405.0578024297483 730.8161618241849 10.0 11.240297266514972
1404.7771692633628 730.7673539263928 10.0 11.256969566456974
1404.4961696762232 730.718480526277 10.0 11.273641666630283
1404.2148039272504 730.6695416688946 10.0 11.290309666423127
1403.9330722755187 730.6205373993333 10.0 11.30697686644271
1403.6509749802553 730.5714677627105 10.0 11.323646166594699
1403.3685123008393 730.5223328041732 10.0 11.340319566428661
1403.0856844968007 730.4731325688979 10.0 11.356992066605017
1402.8024918278202 730.4238671020906 10.0 11.37366486643441
1402.5189345537274 730.3745364489868 10.0 11.390339566627517
1402.2350129345011 730.3251406548507 10.0 11.407057866454124
1401.9507272302678 730.2756797649757 10.0 11.423729366622865
1401.666077701301 730.226153824684 10.0 11.440406266599894
1401.3810646080203 730.1765628793265 10.0 11.457079666433856
1401.095688210991 730.1269069742825 10.0 11.473752666497603
1400.8099487709226 730.0771861549599 10.0 11.490423866547644
1400.5238465486682 730.0274004667946 10.0 11.507092066574842
1400.2373818052245 729.9775499552508 10.0 11.523760666605085
1399.9505548017296 729.9276346658205 10.0 11.54043766646646
1399.6633657994635 729.8776546440237 10.0 11.55710496660322
1399.3758150598462 729.8276099354077 10.0 11.57377646653913
1399.0879028444378 729.7775005855477 10.0 11.590451866621152
1398.7996294149368 729.727326640046 10.0 11.6071242664475
1398.51099503318 729.6770881445324 10.0 11.623797866515815
1398.2219999611416 729.6267851446634 10.0 11.640465366421267
1397.932644460932 729.5764176861227 10.0 11.658088066615164
1397.6429287947967 729.5259858146208 10.0 11.674756966531277
1397.352853225117 729.4754895758947 10.0 11.691425666445866
1397.0624180144077 729.424929015708 10.0 11.708102266537026
1396.7716234253169 729.3743041798506 10.0 11.724777366500348
1396.4804697206246 729.3236151141385 10.0 11.741449566558003
1396.1889571632428 729.272861864414 10.0 11.758119366597384
1395.8970860162142 729.2220444765453 10.0 11.774790066527203
1395.6048565427113 729.1711629964261 10.0 11.791456966428086
1395.3122690060359 729.120217469976 10.0 11.808226166525856
1395.019323669618 729.0692079431399 10.0 11.824896066449583
1394.726020797015 729.0181344618882 10.0 11.841569666517898
1394.4323606519117 728.9669970722164 10.0 11.858244866598397
1394.1383434981178 728.9157958201451 10.0 11.874918666435406
1393.843969599569 728.8645307517199 10.0 11.891586366575211
1393.5492392203246 728.813201913011 10.0 11.90826016641222
1393.254152624568 728.7618093501131 10.0 11.925210266606882
1392.958710076605 728.7103531091459 10.0 11.941886266460642
1392.6629118408634 728.6588332362529 10.0 11.958556566620246
1392.366758181892 728.6072497776021 10.0 11.975229866569862
1392.0702493643598 728.5556027793854 10.0 11.991901666624472
1391.7733856530558 728.5038922878186 10.0 12.008674666518345
1391.4761673128874 728.4521183491414 10.0 12.02617636648938
1391.1785946088796 728.4002810096171 10.0 12.042846566531807
1390.880667806175 728.3483803155323 10.0 12.059518666472286
1390.5823871700325 728.2964163131971 10.0 12.07622356642969
1390.2837529658261 728.244389048945 10.0 12.093028566567227
1389.984765459045 728.192298569132 10.0 12.1097855665721
1389.6854249152923 728.1401449201376 10.0 12.126453866483644
1389.3857316002839 728.0879281483635 10.0 12.14312126650475
1389.0856857798483 728.0356483002346 10.0 12.159789766417816
1388.7852877199255 727.9833054221978 10.0 12.176462266594172
1388.4845376865665 727.9308995607227 10.0 12.193189666606486
1388.183435945932 727.8784307623008 10.0 12.209868966601789
1387.8819827642917 727.825899073446 10.0 12.226545366458595
1387.5801784080245 727.7733045406937 10.0 12.243214366491884
1387.278023143616 727.7206472106016 10.0 12.259881666628644
1386.9755172376595 727.6679271297485 10.0 12.27655636658892
1386.6726609568534 727.6151443447351 10.0 12.293230166425928
1386.369454568002 727.5622989021832 10.0 12.30989936646074
1386.0658983380142 727.509390848736 10.0 12.326569966506213
1385.7619925339022 727.4564202310576 10.0 12.343238966539502
1385.4577374227813 727.4033870958331 10.0 12.359908966580406
1385.1531332718687 727.3502914897684 10.0 12.3765820665285
1384.848180348483 727.2971334595902 10.0 12.393266566563398
1384.542878920044 727.2439130520455 10.0 12.409938066499308
1384.2372292540704 727.1906303139018 10.0 12.426607966423035
1383.9312316181804 727.1372852919467 10.0 12.44327566656284
1383.6248862800903 727.083878032988 10.0 12.459945266600698
1383.3181935076138 727.0304085838534 10.0 12.476672766497359
1383.0111535686615 726.9768769913904 10.0 12.493340466637164
1382.7037667312395 726.9232833024664 10.0 12.510014666477218
1382.3960332634495 726.869627563968 10.0 12.526682866504416
1382.0879534334872 726.8159098228014 10.0 12.543351866537705
1381.779527509642 726.7621301258919 10.0 12.560026466613635
1381.4707557602965 726.708288520184 10.0 12.576700166566297
1381.1616384539245 726.6543850526415 10.0 12.593372566625476
1380.8521758590916 726.6004197702464 10.0 12.61005126661621
1380.5423682444539 726.54639272 10.0 12.62671826663427
1380.232215878757 726.4923039489216 10.0 12.643386466428638
1379.9217190308357 726.4381535040495 10.0 12.660152266500518
1379.6108779696126 726.38394143244 10.0 12.676890766480938
1379.2996929640983 726.3296677811675 10.0 12.693583466578275
1378.9881642833896 726.2753325973243 10.0 12.71025536651723
1378.6762921966692 726.220935928021 10.0 12.726929066469893
1378.3640769732053 726.1664778203857 10.0 12.743601066526026
1378.0515188823501 726.111958321564 10.0 12.760622266447172
1377.7386181935397 726.057377478719 10.0 12.777288966579363
1377.4253751762924 726.0027353390312 10.0 12.798979266546667
1377.1117901002094 725.9480319496984 10.0 12.815655566519126
1376.7978632349727 725.8932673579352 10.0 12.832327366573736
1376.4835948503453 725.8384416109733 10.0 12.848999966634437
1376.1689852161694 725.783554756061 10.0 12.865669766440988
1375.8540346023665 725.7286068404635 10.0 12.882343966513872
1375.5387432789366 725.6735979114623 10.0 12.89918106654659
1375.223111515957 725.6185280163552 10.0 12.916732766432688
1374.907139583582 725.5633972024565 10.0 12.933404366485775
1374.5908277520416 725.5082055170965 10.0 12.95008276659064
1374.2741762916412 725.4529530076213 10.0 12.966757466550916
1373.9571854727608 725.3976397213931 10.0 12.983435166534036
1373.639855565854 725.3422657057896 10.0 13.000105066457763
1373.322186841448 725.286831008204 10.0 13.01677496661432
1373.0041795701413 725.2313356760451 10.0 13.03383576660417
1372.6858340226047 725.1757797567368 10.0 13.050503466511145
1372.3671504695792 725.1201632977184 10.0 13.067170266527683
1372.0481291818764 725.064486346444 10.0 13.083841366460547
1371.7287704303767 725.0087489503827 10.0 13.101095966529101
1371.4090744860293 724.9529511570182 10.0 13.117773266509175
1371.0890416198513 724.897093013849 10.0 13.134445266565308
1370.7686721029263 724.841174568388 10.0 13.151121866423637
1370.447966206405 724.7851958681625 10.0 13.167790566571057
1370.126924201503 724.7291569607139 10.0 13.184457266470417
1369.805546359501 724.6730578935977 10.0 13.2011340665631
1369.4838329517436 724.6168987143834 10.0 13.217805466614664
1369.161784249639 724.5606794706543 10.0 13.23447566642426
1368.8394005246578 724.5044002100075 10.0 13.251176866469905
1368.5166820483328 724.4480609800532 10.0 13.267844966612756
1368.1936290922577 724.3916618284156 10.0 13.284517566440627
1367.8702419280864 724.3352028027319 10.0 13.301192066632211
1367.546520827533 724.2786839506524 10.0 13.318087166640908
1367.22246606237 724.2221053198405 10.0 13.334761266596615
1366.8980779044282 724.1654669579724 10.0 13.351433966541663
1366.5733566255963 724.1087689127372 10.0 13.368101766565815
1366.2483024978194 724.0520112318364 10.0 13.384818766498938
1365.9229157930986 723.9951939629843 10.0 13.401492666453123
1365.5971967834903 723.9383171539073 10.0 13.418162766611204
1365.2711457411056 723.881380852344 10.0 13.434838266577572
1364.9447629381093 723.8243851060454 10.0 13.45150896650739
1364.6180486467194 723.767329962774 10.0 13.468194766435772
1364.2910031392064 723.7102154703048 10.0 13.484868166502565
1363.963626687892 723.6530416764236 10.0 13.501561666605994
1363.6359195651494 723.5958086289287 10.0 13.5182383665815
1363.3078820434018 723.5385163756291 10.0 13.534907966619357
1362.979514395122 723.4811649643456 10.0 13.551578066544607
1362.650816892831 723.4237544429099 10.0 13.56824526656419
1362.3217898090988 723.3662848591649 10.0 13.58491846662946
1361.992433416542 723.3087562609644 10.0 13.60165866650641
1361.6627479878243 723.251168696173 10.0 13.618331766454503
1361.332733795655 723.1935222126657 10.0 13.635020066518337
1361.002391112789 723.1358168583284 10.0 13.651689166435972
1360.671720212025 723.0780526810573 10.0 13.668360566487536
1360.3407213662065 723.0202297287589 10.0 13.685211166506633
1360.009394848219 722.9623480493495 10.0 13.70188416657038
1359.677740930991 722.9044076907561 10.0 13.718557166634127
1359.3457598874922 722.8464087009149 10.0 13.735227666562423
1359.013451990734 722.7883511277722 10.0 13.75190036650747
1358.6808175137674 722.730235019284 10.0 13.768590566469356
1358.347856729683 722.6720604234156 10.0 13.78526086662896
1358.0145699116104 722.6138273881417 10.0 13.80193656659685
1357.680957332717 722.5555359614464 10.0 13.818610166432336
1357.3470192662082 722.4971861913228 10.0 13.83528466662392
1357.0127559853256 722.4387781257731 10.0 13.851963166613132
1356.6781677633471 722.3803118128083 10.0 13.868647266412154
1356.3432548735857 722.321787300448 10.0 13.885321966605261
1356.008017589389 722.2632046367207 10.0 13.902602966409177
1355.6724561841388 722.2045638696633 10.0 13.919279366498813
1355.33657093125 722.1458650473209 10.0 13.935953266452998
1355.0003621041697 722.0871082177468 10.0 13.952620466472581
1354.6638299763774 722.0282934290029 10.0 13.969294666545466
1354.3269748213834 721.9694207291586 10.0 13.985963566461578
1353.9897969127283 721.9104901662912 10.0 14.00263106659986
1353.6522965239828 721.851501788486 10.0 14.019299266627058
1353.3144739287466 721.7924556438355 10.0 14.035969566553831
1352.9763294006477 721.7333517804402 10.0 14.052727366564795
1352.6378632133417 721.6741902464075 10.0 14.069397866493091
1352.2990756405113 721.6149710898524 10.0 14.086067366413772
1351.9599669558654 721.5556943588965 10.0 14.102735966444016
1351.620537433139 721.4963601016691 10.0 14.119410566519946
1351.280787346091 721.4369683663057 10.0 14.136087166611105
1350.940716968506 721.3775192009489 10.0 14.152770266635343
1350.600326574191 721.3180126537478 10.0 14.169440666446462
1350.2596164369766 721.2584487728581 10.0 14.186134966555983
1349.918586830715 721.1988276064416 10.0 14.20280486647971
1349.5772380292804 721.1391492026667 10.0 14.2194805664476
1349.2355703065678 721.0794136097076 10.0 14.236181966494769
1348.8935839364924 721.0196208757446 10.0 14.252853866433725
1348.5512791929887 720.9597710489642 10.0 14.269521066453308
1348.2086563500102 720.899864177558 10.0 14.286189466482028
1347.8657156815289 720.8399003097238 10.0 14.30327666644007
1347.5224574615336 720.7798794936647 10.0 14.319952266523615
1347.1788819640303 720.719801777589 10.0 14.336623966461048
1346.8349894630414 720.6596672097107 10.0 14.353297866415232
1346.4907802326043 720.5994758382485 10.0 14.369972666492686
1346.1462545467714 720.5392277114264 10.0 14.386640866519883
1345.8014126796095 720.4789228774731 10.0 14.403314966475591
1345.4562549051984 720.4185613846222 10.0 14.41998986643739
1345.1107814976313 720.358143281112 10.0 14.436797666596249
1344.764992731013 720.2976686151852 10.0 14.453467966523021
1344.4188888794604 720.237137435089 10.0 14.470161266624928
1344.0724702171005 720.176549789075 10.0 14.486832166556269
1343.725737018071 720.1159057253988 10.0 14.503508366411552
1343.378689556519 720.05520529232 10.0 14.520176366437227
1343.0313281066003 719.9944485381023 10.0 14.536848266609013
1342.6836529424793 719.9336355110133 10.0 14.553523166570812
1342.3356643383274 719.8727662593241 10.0 14.570248366566375
1341.9873625683233 719.8118408313093 10.0 14.586921266512945
1341.6387479066518 719.7508592752472 10.0 14.603633966529742
1341.2898206275033 719.6898216394194 10.0 14.620302866445854
1340.9405810050732 719.6287279721106 10.0 14.637276466470212
1340.591029313561 719.5675783216086 10.0 14.653946766629815
1340.24116582717 719.5063727362044 10.0 14.670614366419613
1339.8909908201067 719.4451112641916 10.0 14.68728176644072
1339.5405045665793 719.3837939538668 10.0 14.703959366539493
1339.1897073407983 719.3224208535288 10.0 14.72063436661847
1338.838599416975 719.2609920114795 10.0 14.737302966415882
1338.4871810693212 719.1995074760227 10.0 14.753975866595283
1338.1354525720483 719.1379672954649 10.0 14.77139586652629
1337.783414199367 719.0763715181143 10.0 14.788087066495791
1337.4310662254863 719.0147201922816 10.0 14.80475496663712
1337.0784089246133 718.9530133662792 10.0 14.821431566495448
1336.7254425709523 718.8912510884212 10.0 14.838101166533306
1336.3721674387039 718.8294334070235 10.0 14.854780766414478
1336.018583802065 718.7675603704039 10.0 14.871454366482794
1335.6646919352274 718.7056320268811 10.0 14.888127366546541
1335.310492112378 718.6436484247755 10.0 14.904796166578308
1334.9559846076972 718.5816096124088 10.0 14.921468566637486
1334.6011696953597 718.5195156381035 10.0 14.938143866602331
1334.246047649532 718.4573665501833 10.0 14.954840566497296
1333.8906187443733 718.395162396973 10.0 14.971509766532108
1333.5348832540344 718.3329032267977 10.0 14.98830786650069
1333.1788414526566 718.2705890879836 10.0 15.004976766416803
1332.8224936143715 718.2082200288571 10.0 15.022550166584551
1332.4658400133007 718.1457960977453 10.0 15.039231666596606
1332.1088809235548 718.0833173429755 10.0 15.05590026662685
1331.7516166192327 718.0207838128753 10.0 15.072571866447106
1331.3940473744208 717.958195555772 10.0 15.089245766634122
1331.036173463193 717.8955526199935 10.0 15.105912666535005
1330.67799515961 717.8328550538672 10.0 15.122581366449594
1330.3195127377178 717.7701029057204 10.0 15.13925106660463
1329.9607264715482 717.7072962238798 10.0 15.155925466446206
1329.6016366351175 717.6444350566718 10.0 15.172599566634744
1329.2422435024262 717.5815194524223 10.0 15.189271566458046
1328.882547347458 717.5185494594563 10.0 15.206007466418669
1328.5225484441798 717.4555251260981 10.0 15.222682466497645
1328.1622470665407 717.3924465006712 10.0 15.239351066527888
1327.8016434884712 717.3293136314979 10.0 15.256024966482073
1327.4407379838833 717.2661265668995 10.0 15.272692966507748
1327.079530826669 717.2028853551958 10.0 15.289361266419291
1326.7180222907007 717.1395900447055 10.0 15.306036866502836
1326.356212649829 717.0762406837457 10.0 15.3227079664357
1325.9941021778843 717.012837320632 10.0 15.339382066624239
1325.6316911486742 716.9493800036781 10.0 15.356059066485614
1325.2689798359843 716.8858687811962 10.0 15.372731966432184
1324.9059685135765 716.8223037014965 10.0 15.389402666594833
1324.542657455189 716.7586848128869 10.0 15.406072966521606
1324.1790469345362 716.6950121636736 10.0 15.422747766599059
1323.815137225307 716.6312858021603 10.0 15.439420266542584
1323.4509286011646 716.5675057766483 10.0 15.45609046658501
1323.0864213357468 716.5036721354365 10.0 15.472761066630483
1322.721615702664 716.4397849268215 10.0 15.4894340664614
1322.3565119754992 716.3758441990968 10.0 15.50610076659359
1321.991110427808 716.3118500005535 10.0 15.522767666494474
1321.6254113331172 716.2478023794794 10.0 15.539440266555175
1321.2594149649244 716.1837013841596 10.0 15.55610826658085
1320.8931215966977 716.1195470628761 10.0 15.57277636649087
1320.5265315018748 716.0553394639076 10.0 15.589451766572893
1320.1596449538627 715.9910786355294 10.0 15.606128166429698
1319.7924622260366 715.9267646260137 10.0 15.623491166625172
1319.42498359174 715.8623974836286 10.0 15.640160666545853
1319.057209324284 715.797977256639 10.0 15.656969866482541
1318.6891396969463 715.733503993306 10.0 15.673637066502124
1318.3207749829705 715.6689777418869 10.0 15.690310766454786
1317.9521154555664 715.6043985506349 10.0 15.707009266596287
1317.5831613879086 715.539766467799 10.0 15.723685666453093
1317.2139130531364 715.4750815416244 10.0 15.740358366630971
1316.8443707243528 715.4103438203517 10.0 15.757033766480163
