1499.999881308582 746.9999948870847 4.999957660540604 0.07458449993282557
1499.999525436256 746.9999794076949 4.999828804647601 0.28273293329402804
1499.9989326707055 746.9999531506218 4.999610697596526 0.31477143336087465
1499.9981032999733 746.9999157226482 4.999300633258887 0.3314479333348572
1499.997037612666 746.9998667478718 4.998895933945555 0.3481259332038462
1499.9957358981565 746.9998058670573 4.998393950252331 0.36480233329348266
1499.9941984467805 746.999732737018 4.997792060907698 0.38151823333464563
1499.992425550031 746.999647030025 4.997087672622746 0.3981929332949221
1499.990417500747 746.9995484332427 4.99627821994328 0.414864533348009
1499.9881745932998 746.9994366481895 4.9953611651041 0.431531933369115
1499.9856971237746 746.9993113902236 4.994333997885445 0.44829963333904743
1499.9829853901492 746.9991723880505 4.9931942354715995 0.46498723328113556
1499.9800396924693 746.9990193832542 4.9919394223116536 0.48166193324141204
1499.97686033302 746.9988521298487 4.990567129982403 0.4983912331517786
1499.9734476164945 746.9986703938504 4.9890749570533846 0.5154871332924813
1499.9698018501579 746.9984739528693 4.987460528954031 0.5322660333476961
1499.965923344011 746.9982625957197 4.985721497842937 0.549016633303836
1499.961812410948 746.9980361220478 4.983855542479221 0.5656887332443148
1499.957469366913 746.9977943419772 4.981860368095963 0.5823561332654208
1499.9528945310535 746.9975370757696 4.979733706275719 0.5990233332850039
1499.9480882258695 746.9972641535026 4.97747331482808 0.6156901333015412
1499.943050777362 746.9969754147606 4.975076977669264 0.6323610332328826
1499.9377825151776 746.9966707083416 4.972542504703734 0.649108833167702
1499.9322837727502 746.9963498919765 4.9698677317078035 0.6657811333425343
1499.9265548874414 746.9960128320618 4.967050520215241 0.6827597331721336
1499.9205962006765 746.9956594034047 4.964088757404821 0.6994287332054228
1499.91440805808 746.9952894889807 4.960980355989828 0.7167588332667947
1499.9079908096076 746.9949029797011 4.9577232541094824 0.7334327332209796
1499.9013448096757 746.9944997741927 4.95431541522227 0.7518299331422895
1499.8944704172895 746.9940797785874 4.950754828001158 0.768507833359763
1499.8873679961678 746.9936429063216 4.947039506230669 0.7851759332697839
1499.8800379148665 746.9931890779449 4.9431674887057975 0.8018523333594203
1499.8724805468992 746.9927182209384 4.939136839132747 0.8185471333563328
1499.8646962708563 746.9922302695411 4.934945646031467 0.8355083332862705
1499.8566854705216 746.9917251645846 4.930592022639961 0.8521804332267493
1499.8484485349873 746.9912028533357 4.926074106820348 0.8691201333422214
1499.8399858587659 746.9906632893465 4.921390060966659 0.8857914332766086
1499.8312978419017 746.9901064323114 4.916538071914337 0.9024677332490683
1499.8223848900795 746.9895322479316 4.911516350851421 0.9191389332991093
1499.8132474147317 746.9889407077845 4.906323133231394 0.935817233286798
1499.8038858331429 746.9883317892014 4.900956678687671 0.9524867332074791
1499.7943005685536 746.9877054751493 4.895415270949691 0.9691850333474576
1499.7844920502614 746.9870617541189 4.889697217760612 0.9858525332529098
1499.7744607137213 746.9864006200185 4.8838008507965665 1.0025224331766367
1499.7642070006427 746.9857220720716 4.877724525587461 1.0191926332190633
1499.7537313590872 746.9850261147207 4.871466621439296 1.0358593333512545
1499.7430342435616 746.9843127575348 4.865025541357979 1.0525263333693147
1499.732116115112 746.9835820151217 4.85839971197461 1.0692031332291663
1499.7209774414148 746.982833907044 4.851587583472216 1.085872933268547
1499.709618696867 746.9820684577392 4.844587629513904 1.1025453333277255
1499.6980403626735 746.9812856964437 4.837398347172417 1.1192175331525505
1499.6862429269345 746.9804856571202 4.830018256861064 1.1358852332923561
1499.6742268847306 746.979668378388 4.8224459022659945 1.1525544333271682
1499.661992738206 746.9788339034571 4.814679850279809 1.1803536333609372
1499.6495409966512 746.9779822800649 4.806718690936465 1.1970265333075076
1499.6368721765834 746.9771135604158 4.798561037347463 1.213754233205691
1499.6239868018263 746.9762278011233 4.7902055256392835 1.2304270332679152
1499.610885403587 746.9753250631551 4.78165081489206 1.2471018333453685
1499.5975685205335 746.9744054117798 4.77289558707945 1.2637760331854224
1499.584036698869 746.9734689165165 4.763938547009695 1.2804550332948565
1499.5702904924067 746.972515651086 4.754778422267831 1.2976153332274407
1499.5563304626403 746.9715456933646 4.74541396315904 1.3142856331542134
1499.5421571788168 746.9705591253389 4.735843942653102 1.331026433268562
1499.5277712180055 746.9695560330626 4.726067156329947 1.3478831332176924
1499.5131731651663 746.9685365066157 4.716082422326252 1.3645606331992894
1499.4983636132174 746.9675006400639 4.7058885812830935 1.3812356332782656
1499.4833431631002 746.9664485314204 4.695484496294602 1.3979091332294047
1499.468112423845 746.9653802826085 4.684869052857619 1.4145789332687855
1499.4526720126332 746.9642959994256 4.674041158822309 1.4312475332990289
1499.4370225548603 746.9631957915085 4.662999744343732 1.447918533347547
1499.4211646841964 746.9620797722988 4.651743761834326 1.4645856332499534
1499.4050990426458 746.9609480590107 4.640272185917293 1.481259633321315
1499.3888262806058 746.9598007725982 4.628584013380857 1.4979294333606958
1499.372347056924 746.9586380377247 4.616678263133382 1.5146022331900895
1499.3556620389534 746.9574599827313 4.604553976159307 1.5312694332096726
1499.3387719026086 746.9562667396076 4.592210215475904 1.5479537332430482
1499.3216773324195 746.955058443962 4.579646066090804 1.5666993332561105
1499.304379021583 746.9538352349929 4.566860634960298 1.5833736332133412
1499.286877672015 746.9525972554601 4.553853050948368 1.6000407333485782
1499.269173994401 746.9513446516569 4.540622464786443 1.6167087331414223
1499.251268708245 746.9500775733824 4.52716804903384 1.6333777331747115
1499.233162541918 746.9487961739139 4.513488998038889 1.6500524333678186
1499.2148562327045 746.94750060998 4.4995845279007 1.6667247333098203
1499.1963505268486 746.9461910417328 4.4854538764315635 1.683396833250299
1499.1776461795992 746.944867632722 4.471096303119956 1.7006056332029402
1499.1587439552532 746.9435305498672 4.456511089094132 1.7172825331799686
1499.1396446271985 746.9421799634316 4.44169753708628 1.7339523332193494
1499.120348977956 746.940816046995 4.426654971397223 1.750622633146122
1499.1008577992188 746.9394389774268 4.411382737861638 1.7672952332068235
1499.0811718918933 746.9380489348594 4.395880203813776 1.783971933182329
1499.0612920661365 746.9366461026607 4.3801467580536615 1.8006435332354158
1499.0412191413939 746.9352306674075 4.364181810813757 1.81738163321279
1499.0209539464354 746.9338028188575 4.347984793726052 1.8350199332926422
1499.0004973193913 746.932362749922 4.331555159789583 1.8517643332015723
1498.9798501077862 746.930910656638 4.314892383338343 1.8684575331863016
1498.9590131685716 746.92944673814 4.297995960009567 1.88516203337349
1498.9379873681594 746.9279711966313 4.280865406712381 1.9018329333048314
1498.916773582452 746.926484237356 4.263500261596774 1.9190664333291352
1498.895372696873 746.9249860685691 4.245900084022905 1.9357751333154738
1498.8737856063965 746.923476901507 4.228064454530688 1.9524528332985938
1498.852013215575 746.9219569503582 4.209992974809665 1.9691197331994772
1498.8300564385663 746.9204264322325 4.1916852676691345 1.985787533223629
1498.8079161991602 746.9188855671302 4.173140977008517 2.002460533287376
1498.7855934308036 746.9173345779111 4.154359767787936 2.0191320332232863
1498.7630890766245 746.9157736902625 4.135341325999007 2.035802333150059
1498.740404089455 746.9142031326674 4.1160853586358 2.052479033358395
1498.7175394318542 746.9126231363712 4.096591593665967 2.0691517333034426
1498.6944960761282 746.911033935349 4.076859780002013 2.085821933345869
1498.6712750043516 746.9094357662715 4.056889687472689 2.1025713332928717
1498.647877208386 746.9078288684706 4.0366811067944965 2.1192430332303047
1498.6243036898984 746.9062134839047 4.016233849543274 2.1359175331890583
1498.6005554603785 746.904589857123 3.995547748125859 2.1525842333212495
1498.5766335411552 746.9029582352298 3.9746226557518005 2.1692536333575845
1498.5525389634115 746.9013188678472 3.9534584464051035 2.1859278331976384
1498.5282727681995 746.8996720070782 3.9320550148159925 2.2026004332583398
1498.5038360064532 746.8980179074688 3.910412276432674 2.2192702332977206
1498.4792297390009 746.8963568259694 3.8885301673930814 2.2359503332991153
1498.4544550365772 746.8946890218955 3.866408644496582 2.252622133353725
1498.429512979833 746.8930147568882 3.8440476851756356 2.2692966333124787
1498.4044046593447 746.8913342948733 3.821447287467379 2.285970233147964
1498.3791311756238 746.8896479020208 3.7986074699851287 2.302645033225417
1498.3536936391235 746.8879558467025 3.7755282718897796 2.319345033261925
1498.328093170246 746.8862583994501 3.752209752861084 2.336018033325672
1498.302330899347 746.8845558329117 3.728651993068795 2.3526855332311243
1498.2764079667418 746.8828484218086 3.70485509314366 2.3693579332903028
1498.250325522708 746.8811364428904 3.680819174148246 2.3860299333464354
1498.2240847274884 746.8794201748899 3.65654437754758 2.402705133194104
1498.1976867512935 746.877699898478 3.6320308651795945 2.419378333259374
1498.1711327743012 746.8759758962166 3.6072788192253538 2.4366670332383364
1498.1444239866573 746.8742484525117 3.5822884421790544 2.453339633299038
1498.1175615884745 746.8725178535659 3.5570599568177794 2.470006733201444
1498.0905467898294 746.8707843873296 3.5315936061709907 2.4866811332758516
1498.0633808107607 746.8690483434524 3.505889653489751 2.5033491333015263
1498.0360648812643 746.8673100132327 3.479948382215652 2.5200233331415802
1498.0086002412884 746.8655696895677 3.453770095949441 2.5366979332175106
1497.9809881407277 746.8638276669025 3.427355118419328 2.5533782332204282
1497.9532298394165 746.8620842411777 3.4007037934489635 2.5700451333541423
1497.9253266071207 746.8603397097777 3.373816484925063 2.586715733166784
1497.897279723529 746.8585943714772 3.3466935767646793 2.6033860333263874
1497.8690904782427 746.8568485263878 3.319335472882095 2.6200554333627224
1497.8407601707652 746.8551024759032 3.2917425971553294 2.63672813330777
1497.8122901104903 746.8533565226448 3.263915393392245 2.6535825333558023
1497.7836816166894 746.8516109704058 3.235854325296238 2.6702502332627773
1497.7549360184971 746.8498661240948 3.2075598764315054 2.6869268333539367
1497.7260546548976 746.8481222896792 3.1790325501878676 2.7036131331697106
1497.6970388747077 746.8463797741277 3.1502728697451414 2.720356833189726
1497.6678900365616 746.8446388853523 3.1212813780370485 2.737029833253473
1497.638609508892 746.8428999321491 3.092058637714644 2.753697433276102
1497.6091986699116 746.8411632241396 3.062605231109258 2.770364433294162
1497.5796589075944 746.8394290717107 3.0329217601949345 2.787034133216366
1497.549991619654 746.8376977859541 3.0030088465503577 2.80385303334333
1497.5201982135231 746.8359696786055 2.9728671313202533 2.820520233362913
1497.4902801063297 746.8342450619828 2.9424972751762546 2.837188333272934
1497.4602387248742 746.8325242489241 2.9118999582772194 2.853855333290994
1497.4300755056054 746.8308075527251 2.8810758802289906 2.870632433332503
1497.3997918945936 746.8290952870759 2.8500257600435868 2.8873005332425237
1497.3693893475054 746.8273877659971 2.818750336097812 2.9040451331529766
1497.3388693295753 746.8256853037757 2.787250366091277 2.9207160333171487
1497.308233315578 746.8239882149004 2.7555266270038192 2.937579033197835
1497.277482789798 746.8222968139964 2.723579915052311 2.9542534332722425
1497.2466192459995 746.8206114157596 2.6914110456468476 2.9709257332142442
1497.2156441873954 746.8189323348903 2.659020853346307 2.988702733302489
1497.184559126614 746.8172598860269 2.6264101918132656 3.005375933367759
1497.153365585666 746.8155943836787 2.5935799337682695 3.0220487331971526
1497.12206509591 746.813936142158 2.5605309709434425 3.0387219332624227
1497.0906591980172 746.8122854755129 2.527264214035431 3.055396533338353
1497.059149441934 746.8106426974584 2.4937805926576697 3.07207093317993
1497.027537386846 746.8090081213078 2.4600810552919645 3.088738033315167
1496.9958246011379 746.8073820599036 2.426166569239381 3.1054130331613123
1496.9640126623556 746.805764825548 2.3920381205704317 3.1220799332950264
1496.9321031571644 746.8041567299331 2.3576967140745566 3.1387491333298385
1496.9000976813088 746.8025580840706 2.323143373208882 3.15542453317903
1496.8679978395687 746.8009691982214 2.2883791400462585 3.1720989332534373
1496.8358052457168 746.7993903818248 2.2534050752225654 3.1890288332942873
1496.8035215224736 746.7978219434269 2.218222257883275 3.2056974333245307
1496.7711483014627 746.7962641906099 2.182831785629274 3.22237093327567
1496.7386872231632 746.79471742992 2.147234774461925 3.23904243321158
1496.7061399368629 746.7931819667951 2.1114323587273773 3.2557127333711833
1496.6735081006098 746.7916581054936 2.0754256910601043 3.2723865332081914
1496.6407933811622 746.7901461490209 2.039215942325671 3.2890591332688928
1496.6079974539387 746.7886463990571 2.0028043015627235 3.3057309333235025
1496.5751220029658 746.7871591558849 1.9661919759241948 3.3223985333461314
1496.5421687208266 746.7856847183153 1.9293801906177188 3.3390701331663877
1496.5091393086059 746.7842233836157 1.8923701888452515 3.3557414333336055
1496.4760354758369 746.7827754474354 1.8551632317418898 3.372410033363849
1496.442858940445 746.7813412037331 1.8177605983138863 3.389279533177614
1496.4096114286913 746.7799209447028 1.7801635853758526 3.4059507332276553
1496.376294675115 746.7785149607004 1.74237350748715 3.4226199332624674
1496.3429104224754 746.7771235401696 1.7043916968874577 3.4392992332577705
1496.309460421691 746.7757469695683 1.6662195034315208 3.455970033304766
1496.2759464317808 746.774385533295 1.6278582945230688 3.472732733236626
1496.2423702198012 746.7730395136143 1.5893094550479037 3.48995523317717
1496.2087335607844 746.7717091905836 1.5505743873061535 3.506624833215028
1496.175038237674 746.7703948419786 1.511654510943687 3.523292133351788
