1499.9998812569468 746.9999948892754 5.0 0.07475950010120869
1499.9995250544032 746.9999794035759 5.0 0.2889963334891945
1499.998931431126 746.9999531023294 5.0 0.32109393342398107
1499.9981004243723 746.9999155637712 5.0 0.3377788334619254
1499.9970320699695 746.9998663841424 5.0 0.3544522332958877
1499.9957264023822 746.9998051769213 5.0 0.3711194333154708
1499.9941834547772 746.9997315720886 5.0 0.38779483339749277
1499.992403259084 746.9996452154234 5.0 0.4044625333044678
1499.9903858460548 746.999545767829 5.0 0.4211301333270967
1499.98813124532 746.9994329046885 5.0 0.4377971333451569
1499.9856394854419 746.9993063152472 5.0 0.4544929333496839
1499.982910593968 746.9991657020206 5.0 0.47116863331757486
1499.9799445974786 746.9990107802296 5.0 0.48784023337066174
1499.9767415216354 746.998841277258 5.0 0.5047165334690362
1499.973301391226 746.9986569321342 5.0 0.5218482334166765
1499.9696242302077 746.9984574950345 5.0 0.5385204334743321
1499.9657100617494 746.9982427268079 5.0 0.5557785334531218
1499.9615589082707 746.9980123985212 5.0 0.5724500333890319
1499.9571707914802 746.9977662910228 5.0 0.5891558334697038
1499.9525457324119 746.9975041945266 5.0 0.6058299334254116
1499.9476837514605 746.9972259082123 5.0 0.622504333499819
1499.9425848684145 746.9969312398429 5.0 0.6392094334587455
1499.9372491024878 746.9966200053996 5.0 0.6558835334144533
1499.931676472351 746.9962920287309 5.0 0.6725587334949523
1499.9258669961603 746.9959471412177 5.0 0.6892306334339082
1499.9198206915853 746.9955851814522 5.0 0.705898933345452
1499.9135375758367 746.9952059949305 5.0 0.7230379334650934
1499.9070176656912 746.9948094337589 5.0 0.7397365334909409
1499.9002609775166 746.9943953563715 5.0 0.7564217334147543
1499.8932675272952 746.9939636272613 5.0 0.7730929334647954
1499.8860373306459 746.993514116722 5.0 0.7897603334859014
1499.8785704028464 746.9930467006008 5.0 0.8068612334318459
1499.870866758854 746.9925612600615 5.0 0.8235348335001618
1499.8629264133247 746.9920576813591 5.0 0.8402236334513873
1499.8547493806325 746.9915358556221 5.0 0.8569202334620059
1499.8463356748878 746.9909956786455 5.0 0.8735875333659351
1499.8376853099542 746.9904370506918 5.0 0.8910973332822323
1499.8287982994655 746.989859876301 5.0 0.9077672334387898
1499.8196746568417 746.9892640641089 5.0 0.9244396334979683
1499.810314395304 746.9886495266719 5.0 0.9411080332938582
1499.800717527889 746.9880161803014 5.0 0.9577803334686905
1499.7908840674634 746.987363944903 5.0 0.9744559333194047
1499.780814026737 746.986692743824 5.0 0.9911486334167421
1499.7705074182757 746.9860025037075 5.0 1.0078854335006326
1499.759964254513 746.9852931543512 5.0 1.0245559334289283
1499.749184547763 746.9845646285743 5.0 1.0412335332948714
1499.73816831023 746.9838168620885 5.0 1.0579015333205462
1499.726915554021 746.9830497933751 5.0 1.0745746332686394
1499.7154262911542 746.9822633635677 5.0 1.0934859334956855
1499.7037005335706 746.9814575163389 5.0 1.1101576334331185
1499.691738293142 746.980632197793 5.0 1.1268272334709764
1499.6795395816805 746.9797873563626 5.0 1.1435074333567172
1499.6671044109473 746.9789229427096 5.0 1.160174933495
1499.654432792661 746.9780389096304 5.0 1.1941841333173215
1499.6415247385053 746.977135211966 5.0 1.2108517333399504
1499.6283802601363 746.9762118065146 5.0 1.227523933397606
1499.6149993691904 746.9752686519489 5.0 1.244199333479628
1499.6013820772907 746.9743057087364 5.0 1.2611202334519476
1499.5875283960538 746.9733229390637 5.0 1.2777941334061325
1499.5734383370961 746.9723203067631 5.0 1.2944699334912002
1499.5591119120404 746.9712977772435 5.0 1.3112241334747523
1499.5445491325206 746.9702553174232 5.0 1.3278914333786815
1499.5297500101883 746.9691928956661 5.0 1.34456383343786
1499.5147145567175 746.9681104817206 5.0 1.3612348334863782
1499.4994427838103 746.967008046661 5.0 1.3779186333995312
1499.4839347032014 746.9658855628314 5.0 1.3945956334937364
1499.4681903266626 746.9647430037923 5.0 1.411262333393097
1499.4522096660073 746.9635803442684 5.0 1.4279349334537983
1499.4359927330956 746.9623975601006 5.0 1.4446081332862377
1499.4195395398374 746.9611946281981 5.0 1.4612768334336579
1499.4028500981963 746.9599715264934 5.0 1.4779488334897906
1499.3859244201942 746.9587282338994 5.0 1.4946256333496422
1499.3687625179145 746.9574647302677 5.0 1.5119242332875729
1499.3513644035052 746.9561809963498 5.0 1.528597433352843
1499.3337300891824 746.9548770137583 5.0 1.5452665332704782
1499.3158595872335 746.9535527649313 5.0 1.5619347332976758
1499.2977529100203 746.9522082330975 5.0 1.578601733315736
1499.2794100699819 746.950843402243 5.0 1.595271333353594
1499.2608310796368 746.9494582570793 5.0 1.6119476333260536
1499.2420159515866 746.9480527830134 5.0 1.6286231332924217
1499.222964698518 746.946626966118 5.0 1.6453227333258837
1499.2036773332047 746.945180793104 5.0 1.6619961333926767
1499.1841538685107 746.9437142512937 5.0 1.6786716333590448
1499.1643943173917 746.9422273285954 5.0 1.6953453333117068
1499.1443986928978 746.9407200134785 5.0 1.712483033305034
1499.1241670081747 746.9391922949504 5.0 1.729158933274448
1499.103699276467 746.9376441625341 5.0 1.7458274334203452
1499.0829955111187 746.9360756062463 5.0 1.7625001333653927
1499.0620557255754 746.9344866165776 5.0 1.779173233313486
1499.0408799333863 746.9328771844721 5.0 1.7958447334822267
1499.0194681482058 746.9312473013089 5.0 1.8125114333815873
1498.9978203837945 746.9295969588841 5.0 1.8291838334407657
1498.9759366540213 746.9279261493932 5.0 1.8458534334786236
1498.9538169728642 746.926234865415 5.0 1.8625294333323836
1498.9314613544122 746.9245230998956 5.0 1.8792267334647477
1498.908869812867 746.9227908461331 5.0 1.895915933419019
1498.8860423625422 746.9210380977634 5.0 1.9126023333519697
1498.8629790178672 746.9192648487458 5.0 1.929408133495599
1498.8396797933867 746.9174710933505 5.0 1.9460865333676338
1498.816144703762 746.9156568261452 5.0 1.9627550332807004
1498.7923737637718 746.9138220419832 5.0 1.9795271332841367
1498.7683669883145 746.9119667359915 5.0 1.9962042334955186
1498.7441243924072 746.9100909035602 5.0 2.0128805334679782
1498.719645991188 746.9081945403311 5.0 2.029556433437392
1498.6949317999163 746.9062776421881 5.0 2.046227633487433
1498.6699818339741 746.9043402052469 5.0 2.06290203332901
1498.644796108866 746.9023822258458 5.0 2.0795751332771033
1498.619374640221 746.900403700537 5.0 2.096245033433661
1498.5937174437918 746.8984046260776 5.0 2.1129128334578127
1498.5678245354568 746.8963849994217 5.0 2.1296357333194464
1498.5416959312201 746.8943448177121 5.0 2.146305233472958
1498.5153316472124 746.8922840782732 5.0 2.1629799334332347
1498.4887316996915 746.8902027786037 5.0 2.179654633393511
1498.4618961050423 746.8881009163694 5.0 2.1963298334740102
1498.4348248797787 746.885978489397 5.0 2.213000433286652
1498.4075180405425 746.8838354956673 5.0 2.229673333466053
1498.379975604105 746.8816719333097 5.0 2.246349733322859
1498.3521975873675 746.8794878005958 5.0 2.2630264332983643
1498.3241840073606 746.8772830959343 5.0 2.279702233383432
1498.295934881246 746.8750578178656 5.0 2.2963750334456563
1498.2674502263162 746.8728119650564 5.0 2.313049433287233
1498.2387300599949 746.870545536295 5.0 2.3297320334240794
1498.2097743998374 746.8682585304871 5.0 2.3464173334650695
1498.1805832635312 746.8659509466504 5.0 2.3630875332746655
1498.151156668896 746.8636227839112 5.0 2.3797604334540665
1498.1214946338844 746.8612740414997 5.0 2.396429233485833
1498.0915971765814 746.8589047187464 5.0 2.4130993334110826
1498.0614643152062 746.8565148150784 5.0 2.429862733464688
1498.0310960681106 746.8541043300155 5.0 2.446538433432579
1498.0004924537805 746.8516732631671 5.0 2.463228433392942
1497.969653490836 746.8492216142284 5.0 2.4798955332953483
1497.9385791980312 746.846749382978 5.0 2.4965667333453894
1497.9072695942548 746.8442565692742 5.0 2.5132395334076136
1497.8757246985301 746.8417431730525 5.0 2.5299067334271967
1497.8439445300153 746.8392091943226 5.0 2.546579633373767
1497.8119291080036 746.8366546331661 5.0 2.5632730333600193
1497.7796784519237 746.8340794897333 5.0 2.5799826334696263
1497.7471925813393 746.8314837642417 5.0 2.5966541334055364
1497.71447151595 746.8288674569728 5.0 2.61332863336429
1497.681515275591 746.8262305682705 5.0 2.630003633443266
1497.6483238802332 746.8235730985385 5.0 2.6466933332849294
1497.6148973499835 746.8208950482386 5.0 2.663410033332184
1497.5812357050852 746.8181964178887 5.0 2.6800822333898395
1497.5473389659173 746.8154772080605 5.0 2.6967580334749073
1497.5132071529956 746.8127374193787 5.0 2.713427033275366
1497.4788402869722 746.809977052518 5.0 2.730095533421263
1497.4442383886353 746.8071961082026 5.0 2.7472231334540993
1497.4094014789105 746.8043945872038 5.0 2.7645314333494753
1497.3743295788593 746.801572490339 5.0 2.781199233373627
1497.3390227096802 746.7987298184703 5.0 2.7978699333034456
1497.3034808927089 746.7958665725024 5.0 2.8145456332713366
1497.2677041494173 746.7929827533823 5.0 2.8312169334385544
1497.231692501415 746.7900783620972 5.0 2.8478881334885955
1497.195445970448 746.7871533996739 5.0 2.8645577332936227
1497.1589645783997 746.7842078671772 5.0 2.8812290334608406
1497.1222483472905 746.781241765709 5.0 2.897897933376953
1497.085297299278 746.7782550964071 5.0 2.9153927334118634
1497.0481114566567 746.7752478604444 5.0 2.9320640333462507
1497.0106908418586 746.7722200590279 5.0 2.9487342333886772
1496.9730354774529 746.7691716933973 5.0 2.9658399333711714
1496.9351453861457 746.766102764825 5.0 2.982778533361852
1496.8970205907808 746.7630132746142 5.0 2.999490533489734
1496.8586611143394 746.759903224099 5.0 3.0161613333038986
1496.8200669799394 746.7567726146431 5.0 3.0328365333843976
1496.7812382108366 746.753621447639 5.0 3.0495088333263993
1496.742174830424 746.7504497245078 5.0 3.0662026333156973
1496.7028768622315 746.7472574466977 5.0 3.0828790334053338
1496.6633443299268 746.7440446156843 5.0 3.0995484334416687
1496.6235772573148 746.7408112329691 5.0 3.1168329333886504
1496.5835756683377 746.7375573000795 5.0 3.1335077334661037
1496.543339587075 746.734282818568 5.0 3.1501862334553152
1496.5028690377435 746.7309877900113 5.0 3.1668596332892776
1496.4621640446971 746.7276722160105 5.0 3.183534033363685
1496.4212246324275 746.7243360981901 5.0 3.2002085333224386
1496.3800508255633 746.7209794381973 5.0 3.216885133413598
1496.3386426488703 746.7176022377023 5.0 3.233570233453065
1496.2970001272515 746.7142044983971 5.0 3.2502395333722234
1496.2551232857475 746.7107862219955 5.0 3.2669205334968865
1496.2130121495356 746.7073474102325 5.0 3.283611833350733
1496.1706667439305 746.703888064864 5.0 3.3002796333748847
1496.128087094384 746.7004081876664 5.0 3.316996933426708
1496.0852732264848 746.6969077804362 5.0 3.333664133446291
1496.042225165959 746.6933868449895 5.0 3.3503429333213717
1495.9989429386694 746.6898453831623 5.0 3.36702603334561
1495.955426570616 746.6862833968092 5.0 3.383697933284566
1495.9116760879358 746.6827008878042 5.0 3.4003661333117634
1495.8676915169026 746.6790978580394 5.0 3.417049733456224
1495.823472883927 746.6754743094253 5.0 3.433722033398226
1495.7790202155566 746.6718302438906 5.0 3.4504513333085924
1495.7343335384758 746.6681656633813 5.0 3.4671206334605813
1495.6894128795057 746.6644805698612 5.0 3.483958733500913
1495.6442582656039 746.6607749653115 5.0 3.5006259332876652
1495.5988697238652 746.6570488517301 5.0 3.517297933343798
1495.5532472815205 746.6533022311319 5.0 3.533970733406022
1495.5073909659377 746.6495351055484 5.0 3.5506469334941357
1495.4613008046208 746.6457474770275 5.0 3.567323633469641
1495.4149768252107 746.6419393476333 5.0 3.5840003334451467
1495.3684190554843 746.6381107194461 5.0 3.6006717334967107
1495.3216275233553 746.6342615945618 5.0 3.617548633366823
1495.2746022568735 746.6303919750923 5.0 3.6342219333164394
1495.2273432842248 746.6265018631647 5.0 3.650898633291945
1495.1798506337318 746.6225912609218 5.0 3.667573133483529
1495.1321243338527 746.6186601705215 5.0 3.684245133306831
1495.0841644131824 746.6147085941368 5.0 3.700914233457297
1495.0359709004513 746.6107365339557 5.0 3.717586333397776
1494.987543824526 746.606743992181 5.0 3.73425913346
1494.9388832144093 746.6027309710303 5.0 3.751011733431369
1494.8899890992395 746.5986974727356 5.0 3.76784083340317
1494.8408615082908 746.5946434995435 5.0 3.7845079333055764
1494.7915004709732 746.5905690537151 5.0 3.801227933494374
1494.7419060168324 746.5864741375254 5.0 3.8178966334089637
1494.6920781755498 746.582358753264 5.0 3.8345703333616257
1494.6420169769422 746.5782229032342 5.0 3.8513794334139675
1494.5917224509622 746.5740665897533 5.0 3.868050533346832
1494.5411946276975 746.5698898151527 5.0 3.8847207333892584
1494.4904335373712 746.5656925817774 5.0 3.9013917334377766
1494.4394392103422 746.5614748919862 5.0 3.918064633384347
1494.388211677104 746.5572367481515 5.0 3.9348810333758593
1494.3367509682857 746.5529781526591 5.0 3.951556433457881
1494.2850571146514 746.5486991079085 5.0 3.9682282332796603
1494.2331301471002 746.5443996163126 5.0 3.984904033364728
1494.180970096666 746.5400796802975 5.0 4.001572133274749
1494.128576994518 746.5357393023025 5.0 4.018239633413032
1494.07595087196 746.5313784847805 5.0 4.034913633484393
1494.0230917604308 746.526997230197 5.0 4.051851533353329
1493.9699996915037 746.5225955410311 5.0 4.068537033395842
1493.9166746968867 746.5181734197746 5.0 4.0852066334337
1493.8631168084223 746.5137308689325 5.0 4.101881833281368
1493.8093260580874 746.5092678910225 5.0 4.118558433372527
1493.7553024779936 746.5047844885754 5.0 4.135232833446935
1493.7010461003865 746.5002806641347 5.0 4.151903733378276
1493.6465569576465 746.4957564202567 5.0 4.168579233344644
1493.5918350822874 746.4912117595105 5.0 4.185249833390117
1493.536880506958 746.4866466844779 5.0 4.201927033485845
1493.4816932644403 746.4820611977533 5.0 4.218596733408049
1493.4262733876512 746.4774553019437 5.0 4.235272633377463
1493.3706209096408 746.4728289996686 5.0 4.251945733325556
1493.3147358635933 746.4681822935605 5.0 4.268616333371028
1493.2586182828265 746.4635151862639 5.0 4.28593743336387
1493.202268200792 746.4588276804358 5.0 4.302608533296734
1493.1456856510752 746.4541197787458 5.0 4.319280533352867
1493.0888706673943 746.4493914838761 5.0 4.335973833454773
1493.0318232836019 746.4446427985208 5.0 4.35264513338916
1492.9745435336831 746.4398737253867 5.0 4.369315933436155
1492.9170314517569 746.4350842671929 5.0 4.385987433372065
1492.8592870720754 746.4302744266706 5.0 4.402654933277518
1492.8013104290235 746.4254442065634 5.0 4.4193243333138525
1492.7431015571194 746.420593609627 5.0 4.43599253334105
1492.6846604910145 746.4157226386294 5.0 4.452660033479333
1492.6259872654925 746.4108312963509 5.0 4.469331833301112
1492.5670819154705 746.4059195855838 5.0 4.486002133460715
1492.5079444759979 746.4009875091325 5.0 4.502813533414155
1492.448574982257 746.3960350698137 5.0 4.519758633337915
1492.3889734695626 746.391062270456 5.0 4.536431733286008
1492.329139973362 746.3860691139001 5.0 4.553131833439693
1492.2690745292348 746.3810556029989 5.0 4.5702104333322495
1492.208777172893 746.3760217406171 5.0 4.586899833288044
1492.148247940181 746.3709675296317 5.0 4.6035753334872425
1492.0874868670749 746.3658929729313 5.0 4.620251933345571
1492.0264939896833 746.3607980734167 5.0 4.636923433281481
1491.9652693442467 746.3556828340008 5.0 4.653806333430111
1491.9038129671374 746.3505472576082 5.0 4.670641733333468
1491.8421248948594 746.3453913471755 5.0 4.6876380334142596
1491.7802051640488 746.340215105651 5.0 4.7043134334962815
1491.718053811473 746.3350185359953 5.0 4.7210922334343195
1491.655670874031 746.3298016411806 5.0 4.737765033496544
1491.5930563887537 746.3245644241908 5.0 4.75443803332746
1491.530210392803 746.3193068880221 5.0 4.771136433351785
1491.4671329234718 746.314029035682 5.0 4.787812433438376
1491.4038240181849 746.3087308701902 5.0 4.804516633274034
1491.340283714498 746.3034123945779 5.0 4.821191433351487
1491.2765120500974 746.2980736118883 5.0 4.837868633447215
1491.212509062801 746.2927145251763 5.0 4.854749633464962
1491.1482747905573 746.2873351375085 5.0 4.871908733388409
1491.0838092714453 746.2819354519634 5.0 4.88858133344911
1491.019112543675 746.2765154716309 5.0 4.905249133473262
1490.954184645587 746.2710751996129 5.0 4.921948733273894
1490.8890256156524 746.2656146390229 5.0 4.938623233465478
1490.8236354924725 746.260133792986 5.0 4.955290833488107
1490.758014314779 746.2546326646392 5.0 4.97196253342554
1490.6921621214342 746.249111257131 5.0 4.98863093345426
1490.6260789514301 746.2435695736214 5.0 5.005555333336815
1490.559764843889 746.2380076172823 5.0 5.022231133421883
1490.4932198380632 746.2324253912972 5.0 5.039336633402854
1490.4264439733347 746.2268228988611 5.0 5.056004433427006
1490.3594372892153 746.2212001431807 5.0 5.072901233332232
1490.2921998253466 746.2155571274742 5.0 5.089570733485743
1490.2247316214998 746.2098938549714 5.0 5.106247033458203
1490.1570327175757 746.2042103289136 5.0 5.1229420334566385
1490.0891031536041 746.198506552554 5.0 5.139620733447373
1490.0209429697445 746.192782529157 5.0 5.156306733377278
1489.9525522062856 746.1870382619984 5.0 5.173040033318102
1489.883930903645 746.1812737543661 5.0 5.1897960333153605
1489.8150791023697 746.175489009559 5.0 5.206468933494762
1489.7459968431353 746.1696840308877 5.0 5.223142633447424
1489.6766841667466 746.1638588216742 5.0 5.239816333400086
1489.6071411141365 746.1580133852524 5.0 5.256484833313152
1489.5373677263676 746.152147724967 5.0 5.273154233349487
1489.4673640446301 746.1462618441747 5.0 5.28982593328692
1489.397130110243 746.1403557462434 5.0 5.306497933343053
1489.326665964654 746.1344294345524 5.0 5.323182933498174
1489.2559716494386 746.1284829124928 5.0 5.339852733304724
1489.1850472063009 746.1225161834667 5.0 5.356525933369994
1489.1138926770725 746.1165292508879 5.0 5.37319953343831
1489.0425081037135 746.1105221181814 5.0 5.389866233337671
1488.970893528312 746.1044947887838 5.0 5.406542033422738
1488.8990489930834 746.0984472661429 5.0 5.423214533366263
1488.8269745403709 746.0923795537179 5.0 5.4399898333940655
1488.7546702126456 746.0862916549796 5.0 5.456735833315179
1488.682136052506 746.08018357341 5.0 5.4740457334555686
1488.6093721026775 746.0740553125023 5.0 5.49071523337625
1488.5363784060137 746.0679068757613 5.0 5.507385433418676
1488.4631550054946 746.061738266703 5.0 5.524060833500698
1488.3897019442277 746.0555494888547 5.0 5.540734733454883
1488.3160192654475 746.0493405457551 5.0 5.557410633424297
1488.2421070125151 746.0431114409541 5.0 5.574088633293286
1488.1679652289188 746.036862178013 5.0 5.590832733316347
1488.0935939582732 746.0305927605044 5.0 5.607508233282715
1488.01899324432 746.024303192012 5.0 5.624178233323619
1487.9441631309269 746.0179934761309 5.0 5.640845433343202
1487.8691036620883 746.0116636164674 5.0 5.657555933343247
1487.7938148819246 746.0053136166393 5.0 5.6742232334800065
1487.7182968346829 745.9989434802753 5.0 5.690896633313969
1487.6425495647359 745.9925532110154 5.0 5.7075661334674805
1487.5665731165825 745.9861428125109 5.0 5.7242335334885865
1487.4903675348473 745.9797122884244 5.0 5.740903233410791
1487.413932864281 745.9732616424294 5.0 5.7575849334243685
1487.3372691497595 745.9667908782109 5.0 5.774254133459181
1487.260376436285 745.960299999465 5.0 5.790923933498561
1487.1832547689844 745.9537890098989 5.0 5.807593933306634
1487.1059041931105 745.9472579132309 5.0 5.824268233496696
1487.0283247540413 745.9407067131908 5.0 5.840943033341318
1486.9505164972795 745.9341354135192 5.0 5.857621233444661
1486.8724794684533 745.927544017968 5.0 5.874290533363819
1486.7942137133157 745.9209325303001 5.0 5.890960133401677
1486.7157192777447 745.9143009542896 5.0 5.907628633314744
1486.6369962077426 745.9076492937219 5.0 5.924296733457595
1486.558044549437 745.9009775523931 5.0 5.940974433440715
1486.4788643490795 745.8942857341107 5.0 5.957650233292952
1486.399455653046 745.8875738426932 5.0 5.974323133472353
1486.3198185078375 745.8808418819701 5.0 5.991119633428752
1486.2399529600784 745.8740898557822 5.0 6.0077873333357275
1486.1598590565175 745.8673177679811 5.0 6.024462233297527
1486.0795368440274 745.8605256224296 5.0 6.041135133476928
1485.998986369605 745.8537134230013 5.0 6.057810333324596
1485.9182076803709 745.8468811735811 5.0 6.074490233324468
1485.8372008235688 745.8400288780648 5.0 6.09116703341715
1485.7559658465664 745.8331565403594 5.0 6.108238833490759
1485.6745027968548 745.8262641643825 5.0 6.124913533451036
1485.5928117220485 745.8193517540631 5.0 6.141585233388469
1485.5108926698854 745.8124193133409 5.0 6.158260533353314
1485.428745688226 745.8054668461667 5.0 6.174933033296838
1485.346370825054 745.7984943565024 5.0 6.191606733482331
1485.2637681284762 745.7915018483204 5.0 6.208279333310202
1485.1809376467222 745.7844893256046 5.0 6.224953933386132
1485.097879428144 745.7774567923494 5.0 6.241629333468154
1485.0145935212165 745.7704042525605 5.0 6.25830573332496
1484.9310799745367 745.7633317102542 5.0 6.274978033499792
1484.8473388368243 745.7562391694578 5.0 6.291645733406767
1484.763370156921 745.7491266342096 5.0 6.3086720334831625
1484.6791739837906 745.7419941085586 5.0 6.325341433286667
1484.594750366519 745.734841596565 5.0 6.342012033332139
1484.5100993543142 745.7276691022996 5.0 6.3586991333868355
1484.4252209965057 745.720476629844 5.0 6.375380833400413
1484.3401153425448 745.7132641832909 5.0 6.392050433438271
1484.2547824420042 745.7060317667436 5.0 6.529777233488858
1484.1692223445782 745.6987793843165 5.0 6.549601366743445
1484.0834351000826 745.6915070401345 5.0 6.566296566743404
1483.9974207584542 745.6842147383336 5.0 6.582969966577366
1483.9111793697507 745.6769024830604 5.0 6.602567066671327
1483.8247109841514 745.6695702784725 5.0 6.619235566584393
1483.7380156519557 745.662218128738 5.0 6.635906366631389
1483.6510934235846 745.6548460380361 5.0 6.6525758667849
1483.563944349579 745.6474540105565 5.0 6.669243966694921
1483.476568480601 745.6400420504998 5.0 6.685911966720596
1483.3889658674323 745.6326101620772 5.0 6.702585666673258
1483.3011365609757 745.6251583495108 5.0 6.719273266615346
1483.2130806122539 745.6176866170334 5.0 6.735946166794747
1483.1247980724097 745.6101949688884 5.0 6.752613766584545
1483.0362889927057 745.6026834093301 5.0 6.769637866644189
1482.9475534245246 745.5951519426233 5.0 6.786309766583145
1482.8585914193684 745.5876005730435 5.0 6.802977766608819
1482.7694030288592 745.580029304877 5.0 6.8196444667410105
1482.6799883047383 745.5724381424208 5.0 6.8363163666799664
1482.5903472988666 745.5648270899824 5.0 6.853031666716561
1482.500480063224 745.5571961518799 5.0 6.8698470667004585
1482.4103866499092 745.5495453324423 5.0 6.886520266765729
1482.320067111141 745.5418746360091 5.0 6.903189266799018
1482.2295214992562 745.5341840669302 5.0 6.919860166730359
1482.1387498667107 745.5264736295663 5.0 6.9365355665795505
1482.0477522660788 745.5187433282889 5.0 6.953207766637206
1481.9565287500538 745.5109931674798 5.0 6.969883366720751
1481.865079371447 745.5032231515314 5.0 6.986615066649392
1481.7734041831884 745.4954332848469 5.0 7.003371466649696
1481.6815032383256 745.4876235718395 5.0 7.020040666684508
1481.589376590025 745.4797940169337 5.0 7.0367119666188955
1481.4970242915704 745.4719446245641 5.0 7.053382966667414
1481.4044463963635 745.4640753991758 5.0 7.070055766729638
1481.311642957924 745.4561863452246 5.0 7.086725166765973
1481.218614029889 745.4482774671767 5.0 7.103399966610596
1481.1253596660129 745.4403487695088 5.0 7.120068766642362
1481.0318799201675 745.4324002567081 5.0 7.136742966715246
1480.9381748463422 745.4244319332723 5.0 7.15341126662679
1480.8442444986433 745.4164438037095 5.0 7.170077966758981
1480.7500889312937 745.4084358725383 5.0 7.186746866675094
1480.6557081986336 745.4004081442879 5.0 7.203496566740796
1480.5611023551198 745.3923606234976 5.0 7.220168966799974
1480.4662714553256 745.3842933147173 5.0 7.236843866761774
1480.371215553941 745.3762062225073 5.0 7.253516566706821
1480.2759347057722 745.3680993514386 5.0 7.2701840666122735
1480.1804289657418 745.359972706092 5.0 7.286867666756734
1480.0846983888882 745.3518262910591 5.0 7.303535866783932
1479.9887430303663 745.3436601109418 5.0 7.320208866614848
1479.8925629454463 745.3354741703522 5.0 7.336885666707531
1479.7961581895147 745.3272684739131 5.0 7.353554266737774
1479.699528818073 745.3190430262573 5.0 7.370230066590011
1479.602674886739 745.3107978320281 5.0 7.38690696679987
1479.505596451245 745.3025328958792 5.0 7.40357536659576
1479.4082935674394 745.2942482224742 5.0 7.420244966633618
1479.310766291285 745.2859438164875 5.0 7.437054566573352
1479.2130146788602 745.2776196826035 5.0 7.453741566743702
1479.1150387863577 745.269275825517 5.0 7.470692366594449
1479.0168386700852 745.260912249933 5.0 7.487365166656673
1478.9184143864652 745.2525289605668 5.0 7.5040376666001976
1478.8197659920345 745.2441259621439 5.0 7.520712866680697
1478.7208935434444 745.2357032594002 5.0 7.537389266770333
1478.6217970974603 745.2272608570815 5.0 7.554064766736701
1478.5224767109619 745.2187987599442 5.0 7.570733266649768
1478.4229324409425 745.2103169727545 5.0 7.58740976662375
1478.3231643445097 745.2018155002892 5.0 7.604081366676837
1478.2231724788846 745.1932943473348 5.0 7.620753766736016
1478.1229569014022 745.1847535186886 5.0 7.637453666655347
1478.0225176695103 745.1761930191575 5.0 7.654378566658124
1477.921854840771 745.1676128535588 5.0 7.671045866794884
1477.8209684728588 745.1590130267199 5.0 7.687720366753638
1477.7198586235618 745.1503935434783 5.0 7.704406066797674
1477.6185253507808 745.1417544086819 5.0 7.7210764666087925
1477.5169687125297 745.1330956271881 5.0 7.737751366803423
1477.4151887669348 745.124417203865 5.0 7.754427866777405
1477.3131855722352 745.1157191435906 5.0 7.771105166757479
1477.2109591867822 745.1070014512527 5.0 7.787772566778585
1477.10850966904 745.0982641317495 5.0 7.804444466717541
1477.0058370775841 745.089507189989 5.0 7.8211215666960925
1476.9029414711028 745.0807306308895 5.0 7.837796266656369
1476.7998229083962 745.0719344593792 5.0 7.854471866739914
1476.696481448376 745.0631186803963 5.0 7.871174766682088
1476.5929171500657 745.054283298889 5.0 7.887848366750404
1476.4891300726001 745.0454283198155 5.0 7.904519066680223
1476.385120275226 745.0365537481441 5.0 7.92118896660395
1476.2808878173007 745.0276595888529 5.0 7.937858166638762
1476.1764327582932 745.0187458469301 5.0 7.954526466783136
1476.0717551577834 745.0098125273738 5.0 7.971199066611007
1475.966855075462 745.000859635192 5.0 7.987872166791931
1475.8617325711305 744.9918871754028 5.0 8.004541066708043
1475.756387704701 744.982895153034 5.0 8.021212966647
1475.650820536196 744.9738835731233 5.0 8.037884566700086
1475.5450311257487 744.9648524407186 5.0 8.054557466646656
1475.439019533602 744.9558017608773 5.0 8.071232066722587
1475.3327858201096 744.946731538667 5.0 8.08790236664936
1475.2263300457344 744.937641779165 5.0 8.104648766573519
1475.1196522710495 744.9285324874585 5.0 8.121316366596147
1475.0127525567377 744.9194036686445 5.0 8.137993566691875
1474.9056309635914 744.9102553278298 5.0 8.15466186660342
1474.7982875525122 744.901087470131 5.0 8.171329866629094
1474.690722384511 744.8919001006747 5.0 8.187998166773468
1474.5829355207081 744.882693224597 5.0 8.204665866680443
1474.4749270223328 744.8734668470441 5.0 8.221359266666695
1474.366696950723 744.8642209731719 5.0 8.238028866704553
1474.2582453673258 744.8549556081458 5.0 8.25474126660265
1474.1495723336964 744.8456707571412 5.0 8.271414566785097
1474.040677911499 744.8363664253432 5.0 8.288091466762125
1473.9315621625055 744.8270426179465 5.0 8.3047684666235
1473.8222251485968 744.8176993401557 5.0 8.321437766775489
1473.7126669317613 744.808336597185 5.0 8.338109166594222
1473.6028875740956 744.7989543942582 5.0 8.354784166673198
1473.4928871378038 744.789552736609 5.0 8.371455766726285
1473.3826656851982 744.7801316294807 5.0 8.388130266685039
1473.2722232786982 744.7706910781261 5.0 8.40479866671376
