1499.9998808064922 747.0 4.999982583527277 0.07080710004083812
1499.9995232540052 747.0 4.999929146911825 0.2880665333941579
1499.9989273796593 747.0 4.99983795629211 0.31771243340335786
1499.9980932213477 747.0 4.999707338588699 0.334388833376579
1499.9970208178577 747.0 4.999535679418702 0.351061133434996
1499.9957102089872 747.0 4.999321421083503 0.3677303333533928
1499.9941614356576 747.0 4.9990630606272175 0.38439783337526023
1499.9923745400224 747.0 4.998759147963364 0.4010659334016964
1499.9903495655722 747.0 4.998408284067385 0.41777753341011703
1499.9880865572356 747.0 4.998009119232688 0.4344501333544031
1499.9855855614771 747.0 4.997560351387975 0.4511256334371865
1499.9828466263912 747.0 4.997060724473715 0.46779623336624354
1499.979869801793 747.0 4.9965090268756835 0.4844714334467426
1499.976655139306 747.0 4.9959040899135525 0.5015387333696708
1499.9732026924469 747.0 4.995244786382606 0.518213733448647
1499.9695125167063 747.0 4.994530029146717 0.5348839333746582
1499.9655846696278 747.0 4.993758769780778 0.5515579334460199
1499.9614192108838 747.0 4.992929997260848 0.5682273333659396
1499.9570162023488 747.0 4.992042736700343 0.584908033371903
1499.952375708169 747.0 4.991096048130651 0.6015796334249899
1499.9474977948314 747.0 4.990089025324608 0.6182541333837435
1499.9423825312285 747.0 4.98902079466133 0.6349210334010422
1499.9370299887216 747.0 4.987890514030945 0.6515977333765477
1499.931440241202 747.0 4.986697371777829 0.6682650333968922
1499.9256133651488 747.0 4.985440585680986 0.684938233345747
1499.9195494396872 747.0 4.984119401970263 0.701606533373706
1499.9132485466412 747.0 4.9827330943771555 0.7182832333492115
1499.9067107705866 747.0 4.981280963218968 0.7349562334129587
1499.8999361989027 747.0 4.979762334515172 0.7516519334167242
1499.8929249218193 747.0 4.9781765591348215 0.7688255334505811
1499.885677032465 747.0 4.976523011973932 0.785492533352226
1499.8781926269123 747.0 4.97480109116178 0.8021726333536208
1499.87047180422 747.0 4.973010217295092 0.8188488334417343
1499.8625146664765 747.0 4.9711498326991554 0.8355204333784059
1499.8543213188395 747.0 4.969219400714894 0.8521965333493426
1499.845891869575 747.0 4.9672184050110015 0.8688708334229887
1499.8372264300951 747.0 4.965146348920246 0.885586233343929
1499.8283251149933 747.0 4.963002754799104 0.9022760334191844
1499.8191880420793 747.0 4.96078716340989 0.9190056334482506
1499.8098153324129 747.0 4.958499133324608 0.9356730333529413
1499.8002071103351 747.0 4.956138240349743 0.9523401333717629
1499.7903635035 747.0 4.953704076971266 0.9690077333943918
1499.7802846429036 747.0 4.95119625181914 0.9856811333447695
1499.769970662912 747.0 4.94861438915064 1.002348633366637
1499.7594217012902 747.0 4.9459581283518235 1.0190269333543256
1499.7486378992264 747.0 4.943227123456516 1.0357014334294945
1499.7376194013586 747.0 4.940421042682193 1.0523747333791107
1499.7263663557985 747.0 4.93753956798216 1.0695250333519652
1499.7148789141545 747.0 4.934582394613472 1.0861929333768785
1499.7031572315539 747.0 4.931549230720017 1.1028676334535703
1499.6912014666646 747.0 4.9284397969302445 1.1195438334252685
1499.6790117817154 747.0 4.925253825969023 1.1362161333672702
1499.6665883425155 747.0 4.921991062283119 1.1529996334575117
1499.6539313184735 747.0 4.918651261679835 1.169673633412458
1499.6410408826152 747.0 4.915234190978319 1.1863465333590284
1499.627917211601 747.0 4.91173962767313 1.2030157333938405
1499.6145604857418 747.0 4.908167359609596 1.219688133453019
1499.6009708890153 747.0 4.904517184670577 1.2367783334339038
1499.5871486090812 747.0 4.90078891047421 1.253449633368291
1499.5730938372942 747.0 4.896982354082269 1.2701218334259465
1499.5588067687195 747.0 4.893097341718742 1.2867963333847001
1499.5442876021439 747.0 4.889133708498293 1.3034682334400713
1499.5295365400898 747.0 4.8850912981642365 1.3201423333957791
1499.5145537888263 747.0 4.880969962835705 1.3368115334305912
1499.49933955838 747.0 4.876769562763676 1.3534832333680242
1499.483894062546 747.0 4.872489966095559 1.3701601333450526
1499.468217518898 747.0 4.868131048648021 1.3868351334240288
1499.452310148798 747.0 4.8636926936877805 1.4035116333980113
1499.4361721774048 747.0 4.859174791720079 1.420187033363618
1499.4198038336829 747.0 4.854577240284559 1.436891533434391
1499.4032053504102 747.0 4.84989994375829 1.4535628333687782
1499.3863769641862 747.0 4.84514281316569 1.4826395333511755
1499.369318915438 747.0 4.840305765995104 1.499312633415684
1499.352031448428 747.0 4.835388726021787 1.5159889333881438
1499.3345148112594 747.0 4.830391623137097 1.5326623334549367
1499.3167692558823 747.0 4.825314393183649 1.5493302333634347
1499.2987950380987 747.0 4.82015697779623 1.5660000334028155
1499.2805924175682 747.0 4.814919324248283 1.5826670334208757
1499.262161657812 747.0 4.809601385303749 1.5993426333880052
1499.243503026217 747.0 4.804203119074077 1.616111533367075
1499.2246167940402 747.0 4.7987244888802385 1.6327850334346294
1499.2055032364115 747.0 4.793165463119544 1.6494570333743468
1499.1861626323375 747.0 4.7875260151371135 1.6661296334350482
1499.1665952647038 747.0 4.781806123101824 1.6828020333778113
1499.146801420278 747.0 4.776005769886583 1.6994690333958715
1499.1267813897111 747.0 4.770124942952768 1.7161422333447263
1499.1065354675404 747.0 4.764163634238694 1.7328176334267482
1499.0860639521898 747.0 4.758121840051957 1.7494880333542824
1499.065367145972 747.0 4.7519995609655235 1.7661579333944246
1499.0444453550895 747.0 4.745796801717435 1.7828250334132463
1499.0232988896344 747.0 4.73951357111399 1.7994949334533885
1499.0019280635897 747.0 4.733149881936289 1.8162438333965838
1498.9803331948294 747.0 4.726705750850022 1.832915933453478
1498.9585146051177 747.0 4.720181198318382 1.849585433374159
1498.9364726201093 747.0 4.713576248517997 1.8663645334308967
1498.9142075693485 747.0 4.706890929257767 1.8830402333987877
1498.8917197862688 747.0 4.7001252719005135 1.8998208333505318
1498.8690096081914 747.0 4.693279311287329 1.916494533419609
1498.8460773763238 747.0 4.686353085664544 1.9331670333631337
1498.8229234357586 747.0 4.6793466366132135 1.949838533415459
1498.7995481354722 747.0 4.672260008981024 1.966513333376497
1498.7759518283212 747.0 4.665093250816551 1.9831875334493816
1498.7521348710427 747.0 4.65784641330578 1.9999553334200755
1498.7280976242498 747.0 4.650519550710796 2.0166220334358513
1498.70384045243 747.0 4.6431127203105875 2.033292133361101
1498.6793637239425 747.0 4.635625982343869 2.0502994334092364
1498.654667811015 747.0 4.628059399953864 2.066974433371797
1498.629753089741 747.0 4.620413039134978 2.0836497334530577
1498.6046199400755 747.0 4.61268696868128 2.1003247334156185
1498.579268745833 747.0 4.6048812601367475 2.1169986333698034
1498.5536998946823 747.0 4.596995987747201 2.133685833425261
1498.5279137781442 747.0 4.5890312284138695 2.1503562333527952
1498.5019107915866 747.0 4.58098706164853 2.1670281334081665
1498.47569133422 747.0 4.572863569530165 2.1836948334239423
1498.4492558090944 747.0 4.564660836663083 2.2004276333609596
1498.4226046230938 747.0 4.5563789501364464 2.2171014334307984
1498.395738186932 747.0 4.548017999485171 2.2337756333872676
1498.3686569151478 747.0 4.5395780766521225 2.250442633405328
1498.3413612261 747.0 4.531059275951592 2.2671183333732188
1498.3138515419623 747.0 4.522461694033981 2.2837912334362045
1498.2861282887186 747.0 4.513785429851669 2.3004656333941966
1498.2581918961569 747.0 4.505030584626013 2.317138433456421
1498.2300427978644 747.0 4.496197261815438 2.3338133334182203
1498.2016814312215 747.0 4.487285567084587 2.3504810334416106
1498.1731082373963 747.0 4.478295608274482 2.3671529333805665
1498.1443236613386 747.0 4.469227495373666 2.3838230334222317
1498.1153281517743 747.0 4.460081340490292 2.400493933353573
1498.0861221611983 747.0 4.4508572578251195 2.4171632333891466
1498.0567061458694 747.0 4.441555363645389 2.433830733411014
1498.0270805658033 747.0 4.432175776259541 2.450505533372052
1497.997245884766 747.0 4.422718615992756 2.467178933438845
1497.9672025702675 747.0 4.413184005163272 2.4838525333907455
1497.936951093555 747.0 4.403572068059464 2.5005669334204867
1497.906491929606 747.0 4.3938829309176555 2.5175319333793595
1497.8758255571215 747.0 4.384116721900626 2.534207733348012
1497.8449524585185 747.0 4.374273571076803 2.5512810334330425
1497.8138731199233 747.0 4.364353610400105 2.5679545333841816
1497.782588031164 747.0 4.354356973690411 2.584623833419755
1497.7510976857634 747.0 4.34428379661464 2.6012971333693713
1497.719402580931 747.0 4.334134216668412 2.617970733437687
1497.6875032175556 747.0 4.323908373158273 2.6346454333979636
1497.6554001001978 747.0 4.3136064071844595 2.651316033443436
1497.6230937370822 747.0 4.30322846162419 2.6679845333565027
1497.590584640089 747.0 4.292774681115454 2.684652433381416
1497.5578733247467 747.0 4.282245212041287 2.7013226334238425
1497.5249603102234 747.0 4.271640202514514 2.7179967333795503
1497.491846119319 747.0 4.260959802362937 2.7346691334387287
1497.4585312784568 747.0 4.25020416311496 2.7516129333525896
1497.425016317675 747.0 4.23937343798563 2.768287133425474
1497.3913017706186 747.0 4.228467781863072 2.784956533345394
1497.3573881745303 747.0 4.217487351295321 2.8016309334198013
1497.3232760702422 747.0 4.206432304477512 2.8183042333694175
1497.288966002167 747.0 4.195302801239437 2.834997233352624
1497.2544585182889 747.0 4.184099003033446 2.8516725334338844
1497.2197541701555 747.0 4.17282107292267 2.8683489334071055
1497.1848535128677 747.0 4.16146917556957 2.8851491333916783
1497.1497571050713 747.0 4.150043477224794 2.9018192334333435
1497.1144655089477 747.0 4.1385441457163195 2.918486933456734
1497.0789792902044 747.0 4.126971350438885 2.935155133367516
1497.0432990180661 747.0 4.115325262343695 2.951822933391668
1497.007425265265 747.0 4.103606053928383 2.968499533366412
1496.9713586080313 747.0 4.09181389922723 2.9851677333936095
1496.9350996260835 747.0 4.07994897380162 3.0018346334109083
1496.8986489026188 747.0 4.068011454730732 3.018521433346905
1496.8620070243037 747.0 4.056001520602456 3.0351981334388256
1496.8251745812638 747.0 4.043919351504518 3.0518696333747357
1496.788152167074 747.0 4.031765129015818 3.068537133396603
1496.7509403787487 747.0 4.019539036197959 3.085216833394952
1496.7135398167313 747.0 4.0072412575869745 3.1018935333704576
1496.6759510848844 747.0 3.994871979185227 3.1185633334098384
1496.6381747904795 747.0 3.982431388453492 3.135237133363262
1496.600211544187 747.0 3.969919674303205 3.1519538334105164
1496.5620619600654 747.0 3.957337027088868 3.1686302333837375
1496.5237266555514 747.0 3.944683638600614 3.1852971334010363
1496.4852062514487 747.0 3.931959702056919 3.201968433451839
1496.446501371918 747.0 3.9191654120974504 3.2186422334052622
1496.4076126444663 747.0 3.906300964776061 3.2353146333480254
1496.368540699936 747.0 3.893366557553904 3.2519997333874926
1496.329286172494 747.0 3.880362389292676 3.268671033438295
1496.2898496996213 747.0 3.867288660247983 3.285343333380297
1496.2502319221019 747.0 3.854145572062812 3.302015433437191
1496.2104334840114 747.0 3.840933327761121 3.3186877333791927
1496.170455032707 747.0 3.8276521317415253 3.335362533456646
1496.1302972188148 747.0 3.814302189771089 3.3520337333902717
1496.08996069622 747.0 3.80088370897921 3.368701633415185
1496.049446122055 747.0 3.7873968978515924 3.3853703334461898
1496.0087541566884 747.0 3.7738419662243126 3.402043633395806
1495.967885463713 747.0 3.760219125277961 3.4187197333667427
1495.9268407099353 747.0 3.7465285875318663 3.4353937334381044
1495.885620565363 747.0 3.732770566838394 3.4520650333724916
1495.8442257031945 747.0 3.7189452783773156 3.4687368334271014
1495.802656799806 747.0 3.705052938650247 3.4854067333508283
1495.760914534741 747.0 3.69109376547515 3.5020797334145755
1495.7189995906976 747.0 3.677067977980894 3.5187507333466783
1495.676912653517 747.0 3.662975796601881 3.5354255334241316
1495.6346544121723 747.0 3.6488174430727183 3.5520998333813623
1495.592225558755 747.0 3.634593140422948 3.5687722334405407
1495.5496267884644 747.0 3.6203031129718264 3.5854501334251836
1495.5068587995952 747.0 3.6059475863231465 3.602123233373277
1495.4639222935248 747.0 3.591526787360107 3.6188251334242523
1495.4208179747018 747.0 3.5770409442402213 3.635494533344172
1495.377546550633 747.0 3.562490286390267 3.6522056333487853
1495.3341087318724 747.0 3.5478750445012706 3.66887433337979
1495.2905052320073 747.0 3.5331954505235266 3.6855411333963275
1495.2467367676463 747.0 3.51845173766165 3.7022118334425613
1495.202804058408 747.0 3.5036441403696577 3.7191205334383994
1495.1587078269067 747.0 3.488772894346076 3.735795033397153
1495.1144487987413 747.0 3.473838236529078 3.752467133454047
1495.0700277024812 747.0 3.4588404050916433 3.7691384333884344
1495.0254452696552 747.0 3.4437796394367384 3.786015033372678
1494.9807022347372 747.0 3.4286561801925184 3.8026852334151044
1494.9357993351348 747.0 3.4134702692075485 3.819354333449155
1494.8907373111751 747.0 3.3982221495460423 3.8360281334025785
1494.8455169060926 747.0 3.3829120654831133 3.852697833441198
1494.8001388660161 747.0 3.367540262500043 3.8693743334151804
1494.7546039399556 747.0 3.3521069872795604 3.8860498333815485
1494.7089128797888 747.0 3.336612487701132 3.9027225334430113
1494.663066440249 747.0 3.3210570128362624 3.919393033371307
1494.6170653789106 747.0 3.305440812943802 3.9360700333490968
1494.570910456177 747.0 3.289764139465263 3.9527438334189355
1494.5246024352666 747.0 3.274027245020139 3.9694405334303156
1494.4781420821996 747.0 3.258230383401233 3.9861140333814546
1494.4315301657846 747.0 3.2423738095699846 4.002782333409414
1494.3847674576052 747.0 3.2264577796518004 4.019450033432804
1494.337854732007 747.0 3.2104825509313892 4.0361229333793744
1494.2907927660826 747.0 3.194448381848093 4.052797333453782
1494.2435823396602 747.0 3.1783555319912185 4.069472033414058
1494.1962242352874 747.0 3.1622042620953676 4.086146333371289
1494.1487192382197 747.0 3.1459948340357657 4.102821333450265
1494.1010681364055 747.0 3.129727510823584 4.119685633457266
1494.0532717204726 747.0 3.113402556601259 4.136353733367287
1494.0053307837147 747.0 3.0970202366378086 4.15305343340151
1493.9572461220769 747.0 3.0805808173241367 4.169726033345796
1493.909018534142 747.0 3.0640845661683374 4.186394933378324
1493.8606488211171 747.0 3.047531751790987 4.203062533400953
1493.8121377868188 747.0 3.0309226439204298 4.219734233454801
1493.763486237659 747.0 3.014257513388054 4.236401733360253
1493.7146949826315 747.0 2.9975366321235595 4.253079533344135
1493.6657648332978 747.0 2.980760273150213 4.269755533430725
1493.6166966037717 747.0 2.963928710580095 4.286429633386433
1493.567491110707 747.0 2.947042219609332 4.303264433401637
1493.518149173281 747.0 2.930101076513322 4.3199362334562466
1493.4686716131823 747.0 2.91310555864194 4.336612833430991
1493.4190592545945 747.0 2.896055944414738 4.353285733377561
1493.369312924183 747.0 2.8789525133161264 4.3699624333530664
1493.3194334510804 747.0 2.8617955458905433 4.3866365334251896
1493.269421666871 747.0 2.844585323737609 4.403313033399172
1493.2192784055776 747.0 2.8273221295072655 4.419979933416471
1493.169004503646 747.0 2.8100062468949005 4.436706433421932
1493.1186007999304 747.0 2.7926379606364566 4.453383033396676
1493.0680681356794 747.0 2.7752175565035224 4.470055533456616
1493.0174073545204 747.0 2.757745321298409 4.486727933399379
1492.9666193024452 747.0 2.7402215428492096 4.503400633344427
1492.9157048277955 747.0 2.72264651000484 4.520077133434825
1492.8646647812473 747.0 2.7050205126300626 4.537341933348216
1492.8135000157968 747.0 2.687343841600494 4.554589833365753
1492.7622113867449 747.0 2.669616788797592 4.572078533354215
1492.7107997516823 747.0 2.6518396471036265 4.588749633403495
1492.6592659704752 747.0 2.634012710396629 4.605833233450539
1492.607610905249 747.0 2.616136273545326 4.6226440333994105
1492.5558354203743 747.0 2.598210632404052 4.639312733430415
1492.503940382451 747.0 2.580236083807643 4.6559882333967835
1492.451926660294 747.0 2.5622129255663078 4.672662733355537
1492.399795124917 747.0 2.5441414564604865 4.6893322333926335
1492.347546649518 747.0 2.5260219762356817 4.706009533372708
1492.295182109464 747.0 2.5078547855972726 4.7226802334189415
1492.2427023822747 747.0 2.489640186205309 4.7393519333563745
1492.1901083476089 747.0 2.4713784806692836 4.756019133375958
1492.1374008872474 747.0 2.4530699725428846 4.772699333378114
1492.0845808850786 747.0 2.4347149663187264 4.78937293344643
1492.0316492270829 747.0 2.4163137674230613 4.80604513338767
1491.9786068013166 747.0 2.397866682210466 4.8227173334453255
1491.9254544978974 747.0 2.3793740179585128 4.83938983338885
1491.8721932089882 747.0 2.3608360828624133 4.856117833405733
1491.8188238287812 747.0 2.342253186029646 4.8727864334359765
1491.7653472534832 747.0 2.3236256374745574 4.889456233358942
1491.7117643812994 747.0 2.304953748112947 4.906132333446294
1491.6580761124173 747.0 2.286237829756624 4.922804333386011
1491.6042833489917 747.0 2.26747819510795 4.939477333449759
1491.5503869951285 747.0 2.2486751577543513 4.956156033440493
1491.4963879568695 747.0 2.229829032162818 4.972833033418283
1491.442287142176 747.0 2.210940133674373 4.989506233367138
1491.3880854609126 747.0 2.192008778498526 5.006462933379225
1491.3337838248328 747.0 2.1730352837077014 5.023136333446018
1491.2793831475612 747.0 2.154019967231645 5.040429533459246
1491.224884344579 747.0 2.134963147851808 5.057102333405055
1491.1702883332075 747.0 2.115865145195713 5.074024433386512
1491.115596032592 747.0 2.096726279731291 5.090692733414471
1491.060808363686 747.0 2.0775468727612023 5.107371333404444
1491.0059262492348 747.0 2.058327246417133 5.124041333445348
1490.9509506137601 747.0 2.0390677236540693 5.140728033380583
1490.8958823835433 747.0 2.0197686282445497 5.157399433432147
1490.840722486609 747.0 2.0004302847728965 5.174069333355874
1490.7854718527099 747.0 1.981053018629423 5.190737933386117
1490.73013141331 747.0 1.961637156004622 5.207413133350201
1490.674702101568 747.0 1.9421830238833284 5.224091933458112
1490.6191848523224 747.0 1.922690950038864 5.240761533379555
1490.5635806020732 747.0 1.9031612630271568 5.257436533458531
1490.5078902889672 747.0 1.8835942921808415 5.2741061333799735
1490.4521148527813 747.0 1.863990367603336 5.290774633409455
1490.3962552349055 747.0 1.8443498201628976 5.3074419334298
1490.3403123783278 747.0 1.8246729814866576 5.324150333413854
1490.2842872276162 747.0 1.8049601839546328 5.340824833372608
1490.228180728904 747.0 1.7852117606937181 5.357495133415796
1490.1719938298716 747.0 1.7654280455716556 5.3741633334429935
1490.1157274797313 747.0 1.7456093731909827 5.390830833348446
1490.0593826292106 747.0 1.7257560788829602 5.407506933435798
1490.002960230535 747.0 1.7058684987014778 5.424177433364093
1489.9464612374124 747.0 1.6859469694169398 5.440846133395098
1489.8898866050156 747.0 1.6659918285101285 5.4575178334489465
1489.8332372899663 747.0 1.6460034141660485 5.474190733395517
1489.7765142503185 747.0 1.6259820652677484 5.490859533427283
1489.719718445542 747.0 1.6059281213901233 5.507943033357151
1489.6628508365047 747.0 1.5858419227936962 5.524613633402623
1489.6059123854575 747.0 1.5657238104183786 5.541289233369753
1489.5489040560162 747.0 1.545574125877212 5.557965333457105
1489.491826813146 747.0 1.5253932114500877 5.574633233365603
1489.4346816231437 747.0 1.5051814100774477 5.591305633424781
1489.3774694536214 747.0 1.4849390653539658 5.607979633379728
1489.32019127349 747.0 1.4646665215222079 5.624955833423883
1489.2628480529422 747.0 1.444364123466273 5.6418117333669215
1489.2054407634355 747.0 1.4240322167054158 5.658479933394119
1489.1479703776754 747.0 1.4036711473876482 5.675250633386895
1489.0904378695989 747.0 1.3832812622833226 5.691923833452165
1489.032844214357 747.0 1.3628629087786963 5.708621733356267
1488.9751903882989 747.0 1.3424164348694763 5.725288633373566
1488.9174773689538 747.0 1.3219421891543455 5.741963433451019
1488.859706135015 747.0 1.3014405208284707 5.7586385334143415
1488.801877666322 747.0 1.280911779676992 5.775309033459052
1488.7439929438453 747.0 1.2603563160684927 5.791976533364505
1488.686052949667 747.0 1.2397744809484532 5.809178433381021
1488.628058666966 747.0 1.2191666258326854 5.825851133442484
1488.5700110799994 747.0 1.1985331028007495 5.842524233390577
1488.511911174087 747.0 1.1778742644893534 5.859198033344001
1488.4537599355924 747.0 1.1571904640857344 5.875864833360538
1488.3955583519082 747.0 1.1364820553210246 5.8925399334402755
1488.337307411437 747.0 1.115749392463597 5.909208233351819
1488.2790081035753 747.0 1.094992830312397 5.925891233375296
1488.2206614186964 747.0 1.0742127241902555 5.942558233393356
1488.162268348133 747.0 1.0534094299371866 5.9592261334182695
1488.1038298841604 747.0 1.032583303903668 5.975898833363317
1488.0453470199793 747.0 1.0117347029439059 5.99256673338823
1487.9868207496982 747.0 0.9908639844090827 6.009237433434464
1487.928252068317 747.0 0.9699715061405908 6.025910233380273
1487.8696419717096 747.0 0.9490576264632489 6.043403633404523
1487.8109914566064 747.0 0.928122704178504 6.060070833424106
1487.7523015205775 747.0 0.9071670985576177 6.076744033372961
1487.6935731620154 747.0 0.8861911693348378 6.093419433454983
1487.634807380118 747.0 0.8651952767005546 6.110092333401553
1487.576005174871 747.0 0.8441797812944432 6.12676703336183
1487.5171675470308 747.0 0.8231450441985904 6.144259333377704
1487.4582954981076 747.0 0.8020914269306085 6.160927933407947
1487.399390030348 747.0 0.7810192914367347 6.177599333459511
1487.3404521467178 747.0 0.759929000084916 6.19428973342292
1487.2814828508842 747.0 0.738820915657882 6.210965933394618
1487.2224831471995 747.0 0.7176954013462026 6.2276344334241
1487.1634540406828 747.0 0.696552820741334 6.2443115334026515
1487.104396537004 747.0 0.6753935378286507 6.260986233362928
1487.0453116424655 747.0 0.6542179169804662 6.277653033379465
1486.986200363985 747.0 0.6330263229490389 6.294327833456919
1486.9270637090788 747.0 0.6118191208595686 6.310996433370747
1486.8679026858438 747.0 0.5905966762031782 6.327668633428402
1486.8087183029406 747.0 0.5693593548298859 6.3443397333612666
1486.7495115695765 747.0 0.5481075229415638 6.361007933388464
1486.6902834954876 747.0 0.5268415470848871 6.377682733349502
1486.6310350909216 747.0 0.5055617941442703 6.3943513333797455
1486.5717673666206 747.0 0.48426863133479403 6.411021933425218
1486.512481333804 747.0 0.46296242619512024 6.427696933387779
1486.453178004151 747.0 0.44164354658039723 6.4443687334423885
1486.3938583897823 747.0 0.4203123606551547 6.4610373333562165
1486.3345235032448 747.0 0.39896923688618857 6.4777087334077805
1486.2751743574927 747.0 0.37761454403543615 6.494382333359681
1486.2158119658704 747.0 0.3562486511528419 6.511058833450079
1486.1564373420956 747.0 0.3348719275692137 6.5277315333951265
1486.0970515002416 747.0 0.3134847428890706 6.544421733357012
1486.03765545472 747.0 0.2920874669834811 6.561089833383448
1485.9782502202634 747.0 0.2706804699828937 6.577760033425875
1485.918836811908 747.0 0.24926412226995845 6.594619533396326
1485.8594162449765 747.0 0.22783879447234096 6.611293833353557
1485.7999895350604 747.0 0.2064048574555284 6.627965733408928
1485.7405576980027 747.0 0.18496268231562796 6.6446422333829105
1485.6811217498807 747.0 0.16351264037215818 6.661420433432795
1485.6216827069888 747.0 0.14205510316083297 6.678092733374797
1485.5622415858206 747.0 0.12059044242633914 6.694768133456819
1485.5027994030522 747.0 0.09911903011510707 6.711438733385876
1485.4433571755242 747.0 0.07764123836807539 6.7281096334336326
1485.3839159202246 747.0 0.05615743951344934 6.7447795333573595
1485.324476654272 747.0 0.03466800605945358 6.76145003340207
1485.2650403948976 747.0 0.013173310687079293 6.778127333382145
1485.2056081594278 747.0 -0.008326273757173916 6.794887233409099
1485.1461809652676 747.0 -0.029830374268561156 6.811554433428682
1485.086759829882 747.0 -0.05133861769136017 6.828233933425508
1485.0273457707804 747.0 -0.07285063072614376 6.844950933358632
1484.9679398054973 747.0 -0.09436603993705647 6.861623733420856
1484.9085429515767 747.0 -0.11588447175909533 6.87829823337961
1484.8491562265538 747.0 -0.13740555250539424 6.89497213345021
1484.789780647938 747.0 -0.1589289083745119 6.911639333353378
1484.7304172331953 747.0 -0.18045416545772297 6.928561233449727
1484.6710669997317 747.0 -0.20198094974631225 6.945235833409242
1484.6117309648748 747.0 -0.22350888713887146 6.9619082333520055
1484.5524101458575 747.0 -0.24503760344859848 6.978579433402047
1484.4931055598001 747.0 -0.2665667244105989 6.995247133425437
1484.4338182236936 747.0 -0.2880958756891895 7.012351733399555
1484.3745491543816 747.0 -0.30962468288520306 7.029021333437413
1484.3152993685437 747.0 -0.33115277154329514 7.045696333399974
1484.256069882678 747.0 -0.3526797671592516 7.062365633435547
1484.196861713084 747.0 -0.374205295187297 7.079035333357751
1484.137675875845 747.0 -0.39572898104740395 7.095711333444342
1484.078513386811 747.0 -0.4172504501326025 7.112380133359693
1484.0193752615817 747.0 -0.4387693278162897 7.12905903335195
1483.9602625154891 747.0 -0.46028523945953914 7.145734533434734
1483.9011761635802 747.0 -0.48179781041841 7.1624209333676845
1483.8421172206 747.0 -0.5033066660512553 7.179095733445138
1483.7830867009736 747.0 -0.5248114317260292 7.195765533368103
1483.7240856187905 747.0 -0.5463117328275934 7.212436033412814
1483.665114987786 747.0 -0.5678071947650217 7.229109233361669
1483.6061758213243 747.0 -0.5892974429789032 7.245777633390389
1483.547269132382 747.0 -0.6107821029486428 7.262457333388738
1483.4883959335305 747.0 -0.6322608001997604 7.279127333429642
1483.4295572369183 747.0 -0.653733160311187 7.295794533449225
1483.3707540542553 747.0 -0.6751988089225579 7.312469333410263
1483.3119873967942 747.0 -0.6966573717415032 7.329163533402607
1483.2532582753142 747.0 -0.7181084745509352 7.345831233425997
1483.194567700104 747.0 -0.7395517432163312 7.36270643339958
1483.1359166809443 747.0 -0.760986803693014 7.379375333432108
1483.0773062270905 747.0 -0.7824132820334269 7.39604763337411
1483.0187373472565 747.0 -0.8038308043944052 7.412723033456132
1482.9602110495973 747.0 -0.8252389970444431 7.429392733378336
1482.9017283416913 747.0 -0.846637486370955 7.446079833433032
1482.8432902305244 747.0 -0.8680258988875325 7.462749433354475
1482.7848977224721 747.0 -0.8894038612411954 7.479422233416699
1482.726551823283 747.0 -0.9107710002196379 7.496094333357178
1482.6682535380617 747.0 -0.9321269427584679 7.512768733431585
1482.6100038712516 747.0 -0.9534713159484406 7.529441133374348
1482.5518038266187 747.0 -0.974803747042686 7.54611443344038
1482.4936544072336 747.0 -0.9961238634639293 7.562782633351162
1482.4355566154557 747.0 -1.0174312928117044 7.579455633414909
1482.377511452915 747.0 -1.0387256628695603 7.5961233334383
1482.319519920497 747.0 -1.0600066016122605 7.612792533356696
1482.261583018324 747.0 -1.0812737372129737 7.629469633451663
1482.2037017457394 747.0 -1.102526698050458 7.646136933355592
1482.1458771012904 747.0 -1.1237651127162351 7.662809633417055
1482.0881100827112 747.0 -1.1449886100217583 7.6794823333621025
1482.0304016869068 747.0 -1.1661968190055694 7.696154733421281
1481.9727529099353 747.0 -1.1873893689404484 7.712829133379273
1481.9151647469916 747.0 -1.2085658893405538 7.7295017334399745
1481.857638192391 747.0 -1.2297260099685523 7.74638643336948
1481.8001742395518 747.0 -1.2508693608427404 7.763058133423328
1481.742773880979 747.0 -1.271995572244155 7.779728933353908
1481.6854381082478 747.0 -1.2931042747236736 7.796404633438215
1481.628167911986 747.0 -1.314195099109106 7.81308133341372
1481.570964281859 747.0 -1.3352676765122726 7.8300066334195435
1481.5138282065511 747.0 -1.3563216383360737 7.846682433388196
1481.4567606737508 747.0 -1.3773566162815472 7.863358833361417
1481.399762670133 747.0 -1.3983722423549148 7.880027633393183
1481.3428351813432 747.0 -1.4193681488746166 7.896695333416574
1481.28597919198 747.0 -1.4403439684783335 7.91337413340807
1481.2291956855797 747.0 -1.4612993341299985 7.930043333442882
1481.172485644599 747.0 -1.4822338791267942 7.947086533415131
1481.1158500503986 747.0 -1.5031472371061394 7.963754533440806
1481.0592898832274 747.0 -1.5240390420526613 7.980428033391945
1481.0028061222051 747.0 -1.5449089283051558 7.997094833408482
1480.9463997453067 747.0 -1.565756530563534 8.014135033357888
1480.8900717293452 747.0 -1.5865814838957553 8.03080763341859
1480.8338230499562 747.0 -1.6073834237447469 8.047510433360003
1480.7776546815805 747.0 -1.6281619859353091 8.06418553343974
1480.7215675974487 747.0 -1.648916806681007 8.080861033406109
1480.6655627695643 747.0 -1.669647522591046 8.097531033447012
1480.6096411686879 747.0 -1.6903537706771363 8.114204933401197
1480.5538037643203 747.0 -1.711035188360338 8.130876233452
1480.498051524687 747.0 -1.7316914134778951 8.147553033428267
1480.4423854167217 747.0 -1.752322084290051 8.16427213337738
1480.3868064060496 747.0 -1.7729268394868514 8.18106833344791
1480.3313154569723 747.0 -1.7935053181949288 8.197738633374684
1480.2759135324507 747.0 -1.8140571599842734 8.214407833409496
1480.2206015940894 747.0 -1.8345820048749863 8.231084333383478
1480.1653806021206 747.0 -1.8550794933440167 8.247759733349085
1480.1102515153877 747.0 -1.8755492663318825 8.264431833405979
1480.05521529133 747.0 -1.8959909652493745 8.281100733438507
1480.0002728859654 747.0 -1.9164042319842436 8.297775633400306
1479.945425253876 747.0 -1.9367887089078695 8.314448933349922
1479.8906733481913 747.0 -1.957144038881914 8.331121133407578
1479.8360181205721 747.0 -1.9774698652649552 8.34779413335491
1479.7814605211952 747.0 -1.997765831919105 8.364464933401905
1479.7270014987369 747.0 -2.0180315832166067 8.381133133429103
1479.6726420003574 747.0 -2.0382667640464174 8.397806333377957
1479.6183829716858 747.0 -2.0584710198207685 8.414854233385995
1479.5642253568028 747.0 -2.078643996481711 8.431531433365308
1479.5101700982261 747.0 -2.098785340507639 8.448199133388698
1479.4562181368944 747.0 -2.118894698919796 8.464870933443308
1479.4023704121514 747.0 -2.138971719288762 8.481539933360182
1479.3486278617304 747.0 -2.1590160497409214 8.498215233441442
1479.2949914217388 747.0 -2.1790273389649086 8.514891933416948
1479.2414620266422 747.0 -2.199005236218038 8.531560933450237
1479.1880406092491 747.0 -2.218949391332712 8.548232433386147
1479.134728100695 747.0 -2.238859454722808 8.565115033416077
1479.0815254304268 747.0 -2.2587350773900474 8.581786233349703
1479.0284335261883 747.0 -2.2785759109303423 8.59845923341345
1478.9754533140035 747.0 -2.2983816075401218 8.615128533449024
1478.9225857181618 747.0 -2.3181518200226394 8.631795533350669
1478.8698316612026 747.0 -2.337886201794256 8.648581733345054
1478.8171920639 747.0 -2.3575844068907053 8.66525813343469
1478.7646678452468 747.0 -2.3772460899733354 8.68197203334421
1478.7122599224406 747.0 -2.39687090633533 8.698647033423185
1478.6599692108668 747.0 -2.4164585119079085 8.715314433444291
1478.6077966240848 747.0 -2.436008563266502 8.731987433391623
1478.555743073812 747.0 -2.455520717636911 8.748664633370936
1478.5038094699087 747.0 -2.474994632901438 8.765510933357291
1478.4519967203635 747.0 -2.4944299676049977 8.782182933413424
1478.4003057312777 747.0 -2.513826380961208 8.798850233433768
1478.3487374068502 747.0 -2.5331835328584535 8.815517233451828
1478.2972926493626 747.0 -2.552501083865933 8.832192633417435
1478.2459723591646 747.0 -2.5717786952396766 8.848860733443871
1478.1947774346581 747.0 -2.591016028928544 8.865531333372928
1478.1437087722834 747.0 -2.6102127475802015 8.88220463343896
1478.0927672665032 747.0 -2.6293685145470698 8.898878733394668
1478.0419538097885 747.0 -2.6484829938922543 8.915551633457653
1477.9912692926036 747.0 -2.667555850395449 8.932232333347201
1477.9407146033911 747.0 -2.6865867495588147 8.948901533382013
1477.8902906285573 747.0 -2.70557535761284 8.965573633438908
1477.8399982524572 747.0 -2.724521341522169 8.982244833372533
1477.7898383573806 747.0 -2.7434243689914135 8.99891503341496
1477.7398118235367 747.0 -2.7622841084709364 9.01559003337752
1477.6899195290393 747.0 -2.7811002291626115 9.032259833416902
1477.6401623498932 747.0 -2.7998724010255587 9.048934733378701
1477.5905411599786 747.0 -2.818600294781856 9.065608833450824
1477.5410568310372 747.0 -2.8372835819222244 9.082279933383688
1477.4917102326579 747.0 -2.8559219347116906 9.098977933404967
1477.4425022322616 747.0 -2.874515026195223 9.115644833422266
1477.3934336950877 747.0 -2.8930625302033426 9.132316033355892
1477.3445054841789 747.0 -2.9115641213577104 9.148988533415832
1477.2957184603674 747.0 -2.9300194750766875 9.165663833380677
1477.2470734822607 747.0 -2.9484282675808706 9.182340733357705
1477.198571406227 747.0 -2.9667901758986037 9.199015033431351
1477.1502130863812 747.0 -2.985104877871461 9.21568573336117
1477.1019993745706 747.0 -3.0033720521597065 9.232360433437862
1477.053931120361 747.0 -3.021591378247727 9.24903463339433
1477.0060091710225 747.0 -3.0397625364494396 9.265852633398026
1476.9582343715151 747.0 -3.0578852079136736 9.28252643335145
1476.9106075644754 747.0 -3.075959074629525 9.299193333368748
1476.8631295902019 747.0 -3.0939838194316853 9.315865633427165
1476.8158012866415 747.0 -3.111959126005746 9.33254023338668
1476.7686234893758 747.0 -3.129884678893474 9.349210833432153
1476.7215970316067 747.0 -3.1477601634980625 9.365883633377962
1476.6747227441429 747.0 -3.165585266089355 9.382560233352706
1476.6280014553856 747.0 -3.183359673809042 9.399235633434728
1476.581433991316 747.0 -3.2010830746758328 9.415909233386628
1476.5350211754806 747.0 -3.218755157590598 9.432579233427532
1476.4887638289774 747.0 -3.236375612341489 9.449279233347625
1476.4426627704433 747.0 -3.253944129609026 9.46595283341594
1476.3967188160395 747.0 -3.271460400971164 9.482625333359465
1476.3509327794384 747.0 -3.288924118908329 9.499292733380571
1476.3053054718102 747.0 -3.3063349768084263 9.515962233417667
1476.2598377018096 747.0 -3.3236926689718245 9.53263073344715
1476.2145302755616 747.0 -3.340996890616311 9.549335233401507
1476.1693839966492 747.0 -3.358247337882021 9.566008133348078
1476.1243996660994 747.0 -3.375443707836337 9.582681933417916
1476.07957808237 747.0 -3.392585698478764 9.599483933416195
1476.0349200413368 747.0 -3.4096730087457767 9.616156733362004
1475.9904263362798 747.0 -3.426705338515638 9.63282823341433
1475.9460977578703 747.0 -3.4436823886131904 9.649510033428669
1475.9019350941583 747.0 -3.460603860814622 9.666186033398844
1475.8579391305582 747.0 -3.477469457852203 9.682860333356075
1475.8141106498374 747.0 -3.4942788834189944 9.699535333435051
1475.770450432102 747.0 -3.5110318421735314 9.716205233358778
1475.7269592547846 747.0 -3.527728039744477 9.732889733393677
1475.6836378926307 747.0 -3.5443671827352485 9.749565933365375
1475.640487117687 747.0 -3.5609489787286184 9.766679133404978
1475.5975076992875 747.0 -3.577473136291285 9.783354733372107
1475.5547004040413 747.0 -3.593939364978415 9.800287933438085
1475.51206599582 747.0 -3.6103473753381623 9.816955333459191
1475.4696052357447 747.0 -3.6266968789161558 9.833622233360074
1475.4273188821733 747.0 -3.6429875882599587 9.850355433416553
1475.3852076906883 747.0 -3.659219216923504 9.867029733373784
1475.3432724140841 747.0 -3.6753914794714975 9.883704633451998
1475.3015138023547 747.0 -3.6915040914837975 9.900379933416843
1475.259932602681 747.0 -3.707556769559764 9.917050233343616
1475.218529559418 747.0 -3.7235492313225804 9.933725233422592
1475.1773054140835 747.0 -3.739481195423548 9.950395433348604
1475.1362609053456 747.0 -3.7553523815463534 9.967123933369294
1475.0953967690093 747.0 -3.7711625104113065 9.984591733431444
1475.0547137380058 747.0 -3.786911303779551 10.00126993341837
1475.014212542379 747.0 -3.8025984844572505 10.017942933365703
1474.9738939092747 747.0 -3.81822377629974 10.034618933452293
1474.9337585629273 747.0 -3.8337869042156583 10.051294733420946
1474.8938072246488 747.0 -3.849287594171044 10.067964233458042
1474.854040612816 747.0 -3.8647255731934105 10.084632633370347
1474.8144594428597 747.0 -3.88010056937579 10.10129983338993
1474.7750644272512 747.0 -3.8954123118807518 10.118256033398211
1474.7358562754916 747.0 -3.9106605309443885 10.134929333347827
1474.6968356941002 747.0 -3.9258449578802814 10.151663633412682
1474.6580033866019 747.0 -3.940965325083433 10.168344333418645
1474.6193600535162 747.0 -3.956021366034174 10.185013933456503
1474.580906392345 747.0 -3.971012815302042 10.201689533423632
1474.542643097562 747.0 -3.9859394085496334 10.218363233376294
1474.5045708605999 747.0 -4.000800882536428 10.235035733436234
1474.4666903698399 747.0 -4.015596975122585 10.251702733454295
1474.4290023105996 747.0 -4.030327425272712 10.268376433406956
1474.391507365122 747.0 -4.044991973059608 10.285046033444814
1474.354206212564 747.0 -4.059590359667975 10.301720833405852
1474.3170995289852 747.0 -4.074122327398112 10.318387533421628
1474.2801879873366 747.0 -4.088587619669566 10.335062133381143
1474.2434722574494 747.0 -4.10298598102477 10.351737033459358
1474.2069530060237 747.0 -4.11731715713265 10.3684079333907
1474.1706308966177 747.0 -4.131580894792199 10.38507773343008
1474.1345065896367 747.0 -4.145776941936032 10.401750033372082
1474.0985807423215 747.0 -4.1599050476339094 10.418425533454865
1474.0628540087382 747.0 -4.173964962096234 10.435103333438747
1474.0273270397668 747.0 -4.1879564366775215 10.451772133354098
1473.9920004830906 747.0 -4.201879223879847 10.468443633406423
1473.9568749831853 747.0 -4.215733077356258 10.485115033457987
1473.9219511813085 747.0 -4.229517751914166 10.501783833373338
1473.8872297154885 747.0 -4.243233003518713 10.518460233346559
1473.852711220514 747.0 -4.2568785892961065 10.535155133344233
1473.8183963279234 747.0 -4.270454267536928 10.551968133426271
1473.7842856659947 747.0 -4.28395979769942 10.568953633424826
1473.7503798597343 747.0 -4.297394940412743 10.585630033398047
1473.716679530867 747.0 -4.3107594574802075 10.602296933415346
1473.6831852978253 747.0 -4.3240531118824785 10.619404633413069
1473.6498977757394 747.0 -4.337275667780754 10.63607243343722
1473.6168175764271 747.0 -4.350426890519921 10.652745133382268
1473.583945308383 747.0 -4.363506546631676 10.670064433361404
1473.5512815767681 747.0 -4.376514403837635 10.686732833390124
1473.5188269834011 747.0 -4.389450231052401 10.70344203338027
1473.4865821267467 747.0 -4.402313798386619 10.72066323342733
1473.4545476019066 747.0 -4.415104877149997 10.737337933387607
1473.422724000609 747.0 -4.4278232398543045 10.754007333423942
1473.3911119111985 747.0 -4.440468660216344 10.770675333449617
1473.3597119186275 747.0 -4.453040913160902 10.787351433420554
1473.3285246044445 747.0 -4.465539774823669 10.804054233361967
1473.2975505467862 747.0 -4.477965022554136 10.820726433419622
1473.2667903203662 747.0 -4.490316434918466 10.837398533360101
1473.2362444964665 747.0 -4.502593791702341 10.854066733387299
1473.2059136429273 747.0 -4.5147968739137845 10.870781933423132
1473.1757983241378 747.0 -4.526925463785958 10.887718033394776
1473.1458991010263 747.0 -4.538979344779933 10.904408433358185
1473.1162165310511 747.0 -4.550958301587436 10.921077733393759
1473.086751168191 747.0 -4.562862120133577 10.937751133344136
1473.057503562936 747.0 -4.574690587579542 10.954423833405599
1473.028474262278 747.0 -4.586443492325272 10.971093733445741
1472.9996638097014 747.0 -4.598120624012109 10.98776243336033
1472.971072745174 747.0 -4.609721773525425 11.004681833437644
1472.9427016051386 747.0 -4.6212467329972196 11.021356033394113
1472.9145509225027 747.0 -4.632695295808704 11.038027033442631
1472.8866212266305 747.0 -4.644067256592848 11.05480513337534
1472.8589130433334 747.0 -4.655362411236917 11.071606133366004
1472.831426894861 747.0 -4.666580556884972 11.088280933443457
1472.8041632998927 747.0 -4.677721491940359 11.104957633418962
1472.777122773529 747.0 -4.688785016068164 11.121682333410718
1472.7503058272825 747.0 -4.699770930197654 11.138812733348459
1472.7237129690686 747.0 -4.710679036524686 11.155487733427435
1472.6973447031983 747.0 -4.721509138514102 11.172162133385427
1472.671201530368 747.0 -4.732261040902091 11.188829533406533
1472.6452839476524 747.0 -4.74293454969854 11.205503733363003
1472.6195924484953 747.0 -4.753529472189351 11.22217403340619
1472.5941275227012 747.0 -4.764045616938745 11.2389591333922
1472.5688896564275 747.0 -4.774482793791535 11.255627133417875
1472.543879332175 747.0 -4.784840813875381 11.27229653345421
1472.5190970287815 747.0 -4.795119489603029 11.28902093344368
1472.494543221412 747.0 -4.805318634674513 11.305813033366576
1472.470218381551 747.0 -4.8154380640793475 11.322492733364925
1472.446122976995 747.0 -4.825477594098697 11.339168833452277
1472.422257471844 747.0 -4.835437042307515 11.355842133401893
1472.3986223264933 747.0 -4.845316227576672 11.373032433446497
1472.3752179976266 747.0 -4.855114970075058 11.38970483338926
1472.3520449382067 747.0 -4.86483309127166 11.40637903334573
1472.3291035974692 747.0 -4.874470413937625 11.423050433397293
1472.3063944209134 747.0 -4.884026762148296 11.439735833439045
1472.283917850296 747.0 -4.89350196128523 11.45640843338333
1472.261674323622 747.0 -4.902895838038196 11.473106333403848
1472.2396642751387 747.0 -4.912208220407152 11.489778533345088
1472.2178881353268 747.0 -4.921438937704196 11.506449633394368
1472.196346330894 747.0 -4.930587820555508 11.523303433437832
1472.1750392847666 747.0 -4.939654700903258 11.539979833411053
1472.1539674160836 747.0 -4.948639412007506 11.556655733380467
1472.1331311401877 747.0 -4.957541788448075 11.573332133353688
1472.1125308686194 747.0 -4.966361666126403 11.590000733383931
1472.0921670091093 747.0 -4.975098882267383 11.606908333371393
1472.072039965571 747.0 -4.983753275421175 11.623669233405963
1472.0521501380942 747.0 -4.992324685465004 11.640339333447628
1472.0324979229376 747.0 -5.000812953604934 11.657014533411711
1472.013083712522 747.0 -5.00921792237763 11.673686933354475
1471.9939078954235 747.0 -5.01753943565209 11.690361433429644
1471.9749708563666 747.0 -5.025777338631368 11.707030833349563
1471.9562729762172 747.0 -5.033931477854276 11.723720933427103
1471.9378146319766 747.0 -5.042001701197063 11.740393233369105
1471.919596196774 747.0 -5.049987857875078 11.7570640334161
1471.9016180398603 747.0 -5.0578897984444176 11.773759633419104
1471.883880526602 747.0 -5.065707374803549 11.790434033377096
1471.8663840184743 747.0 -5.073440440194921 11.807106433436275
1471.8491288730543 747.0 -5.081088849206554 11.823784833424725
1471.8321154440152 747.0 -5.088652457773612 11.840458533377387
1471.81534408112 747.0 -5.096131123179955 11.857130233431235
1471.798815130215 747.0 -5.103524704059681 11.873798533459194
1471.7825289332236 747.0 -5.110833060398641 11.890520933433436
1471.7664858281407 747.0 -5.118056053535944 11.907193533377722
1471.7506861490263 747.0 -5.125193546165439 11.92388523335103
1471.7351302259988 747.0 -5.132245402337188 11.940554233384319
1471.7198183852304 747.0 -5.13921148745891 11.957230033352971
1471.70475094894 747.0 -5.146091668297422 11.97392593335826
1471.6899282353886 747.0 -5.152885812980052 11.990595233393833
1471.675350558872 747.0 -5.159593790996039 12.007387933437712
1471.6610182297163 747.0 -5.166215473197925 12.024058133363724
1471.6469315542722 747.0 -5.1727507318029105 12.040730033419095
1471.6330908349087 747.0 -5.179199440394219 12.057401433354244
1471.619496370008 747.0 -5.185561473922426 12.074079133453779
1471.6061484539598 747.0 -5.191836708706778 12.090753633412533
1471.5930473771564 747.0 -5.198025022436503 12.107768133399077
1471.5801934259869 747.0 -5.204126294172092 12.124444433371536
1471.5675868828316 747.0 -5.210140404346577 12.141112433397211
1471.5552280260579 747.0 -5.216067234766787 12.157780333422124
1471.5431171300138 747.0 -5.221906668614591 12.17445223336108
1471.5312544650237 747.0 -5.227658590448122 12.191127233440056
1471.519640297383 747.0 -5.233322886202996 12.207801133394241
1471.5082748893526 747.0 -5.238899443193501 12.22447143343743
1471.4971584991554 747.0 -5.24438815011379 12.241144933388568
1471.4862913809695 747.0 -5.249788897039036 12.257813033415005
1471.4756737849252 747.0 -5.255101575426598 12.27448103344068
1471.4653059570987 747.0 -5.260326078117153 12.29115183337126
1471.4551881395087 747.0 -5.265462299335822 12.307823133422062
1471.4453205701109 747.0 -5.270510134693283 12.324498533387668
1471.4357034827935 747.0 -5.275469481186865 12.341171533451416
1471.4263371073735 747.0 -5.280340237201632 12.357854133355431
1471.4172216695906 747.0 -5.2851223025114535 12.374523033387959
1471.4083573911048 747.0 -5.2898155782800576 12.391194733441807
1471.3997444894903 747.0 -5.2944199670620735 12.407863733358681
1471.3913831782324 747.0 -5.2989353728040625 12.424540533451363
1471.383273666723 747.0 -5.303361700845529 12.441208533360623
1471.3754161602556 747.0 -5.307698857919926 12.457880733418278
1471.3678108600225 747.0 -5.311946752155642 12.474854733445682
1471.3604579631099 747.0 -5.316105293076977 12.491525333374739
1471.353357662494 747.0 -5.32017439160511 12.508198733441532
1471.3465101470379 747.0 -5.324153960059043 12.5248659333447
1471.339915601486 747.0 -5.3280439121565415 12.541536533390172
1471.3335742064621 747.0 -5.331844163015062 12.558205033419654
1471.3274861384648 747.0 -5.3355546291526625 12.574876533355564
1471.3216515698634 747.0 -5.339175228488903 12.591543433372863
1471.316070668895 747.0 -5.342705880345737 12.608212533406913
1471.3107435996608 747.0 -5.346146505448384 12.62488003342878
1471.3056705221222 747.0 -5.349497025926194 12.641551933367737
1471.3008515920978 747.0 -5.352757365313506 12.658224133425392
1471.2962869612597 747.0 -5.3559274485504815 12.674900833400898
1471.2919767771305 747.0 -5.359007201983939 12.69156803342048
1471.2879211830798 747.0 -5.361996553368168 12.708239333354868
1471.284120318321 747.0 -5.364895431865736 12.72490853338968
1471.2805743179083 747.0 -5.367703768048287 12.741580933448859
1471.2772833127337 747.0 -5.370421493897319 12.758541833376512
1471.2742474295237 747.0 -5.373048542804962 12.775217433343641
1471.2714667908365 747.0 -5.375584849574735 12.791889733402058
1471.2689415150592 747.0 -5.378030350422299 12.80855893343687
1471.2666717164047 747.0 -5.380384982976196 12.825235733413137
1471.2646575049093 747.0 -5.382648686278576 12.841935733449645
1471.2628989864297 747.0 -5.384821400785917 12.858611233416013
1471.2613962626406 747.0 -5.386903068369731 12.87527933344245
1471.2601494310316 747.0 -5.388893632317264 12.891949733369984
1471.259158584905 747.0 -5.390793037332176 12.908618033397943
1471.2584238133738 747.0 -5.392601229535223 12.92529413336888
1471.2579452013586 747.0 -5.3943181564649185 12.941961733391508
1471.2577228295854 747.0 -5.395943767078194 12.958636233350262
1471.2577567745825 747.0 -5.3974780117510415 12.975312633439898
1471.2580471085853 747.0 -5.398920842279537 12.991987933404744
1471.2585938993386 747.0 -5.400272211882931 13.008666233392432
1471.2593972100447 747.0 -5.401532075208222 13.025341133354232
1471.260457099361 747.0 -5.402700388334765 13.04200873337686
1471.2617736213979 747.0 -5.403777108778726 13.058678033412434
1471.2633468257168 747.0 -5.40476219549741 13.075347733451054
1471.265176757328 747.0 -5.405655608893431 13.092038433416747
1471.267263456689 747.0 -5.406457310818765 13.108713433379307
1471.269606959703 747.0 -5.407167264578668 13.125384133425541
1471.272207297716 747.0 -5.407785434935465 13.142059533391148
1471.2750644975167 747.0 -5.4083117881122265 13.158727533416823
1471.278178581334 747.0 -5.408746291796318 13.17540293338243
1471.281549566836 747.0 -5.409088915142838 13.192069833399728
1471.2851774671285 747.0 -5.409339628777949 13.20874283334706
1471.2890622907535 747.0 -5.409498404802099 13.225419933442026
1471.293204041688 747.0 -5.409565216793132 13.242093433393165
1471.2976027193438 747.0 -5.409540039809307 13.258783633355051
1471.302258318565 747.0 -5.409422850392214 13.275458933436312
1471.3071708296281 747.0 -5.409213626569592 13.29213103337679
1471.312340238241 747.0 -5.4089123478580605 13.308803633437492
1471.3177665255416 747.0 -5.408518995265753 13.325475133373402
1471.3234496680984 747.0 -5.408033551294871 13.342144533409737
1471.3293896379084 747.0 -5.407455999944144 13.358814633451402
1471.3355864023974 747.0 -5.406786326711217 13.375482933362946
1471.3420399244196 747.0 -5.406024518594946 13.392184133408591
1471.3487501622574 747.0 -5.405170564097629 13.408860233379528
1471.3557170696201 747.0 -5.404224453227145 13.42553013341967
1471.3629405956456 747.0 -5.403186177499032 13.442199333454482
1471.3704206848981 747.0 -5.402055729938487 13.458875933429226
1471.37815727737 747.0 -5.400833105082298 13.475545933353715
1471.3861503084813 747.0 -5.399518298980703 13.492216533399187
1471.3943997090792 747.0 -5.398111309199189 13.508886233437806
1471.402905405439 747.0 -5.396612134820224 13.52555723336991
1471.411667319265 747.0 -5.395020776444921 13.542237633373588
1471.4206853676897 747.0 -5.393337236194651 13.55890753341373
1471.4299594632748 747.0 -5.3915615177125815 13.575583633384667
1471.4394895140126 747.0 -5.389693626165172 13.592263433383778
1471.4492754233256 747.0 -5.387733568243598 13.608933533425443
1471.4593170900682 747.0 -5.385681352165133 13.625784733449109
1471.4696144085267 747.0 -5.383536987674465 13.642454433371313
1471.4801672684212 747.0 -5.381300486044965 13.659125633421354
1471.4909755549056 747.0 -5.3789718600799015 13.67579753336031
1471.50203914857 747.0 -5.376551124113609 13.692473433446139
1471.5133579254411 747.0 -5.374038294012602 13.709162233397365
1471.5249317569837 747.0 -5.371433387176641 13.725831333431415
1471.536760510102 747.0 -5.368736422539751 13.742507733404636
1471.5488440471418 747.0 -5.365947420571201 13.759175433428027
1471.5611822258907 747.0 -5.363066403276427 13.77584333345294
1471.5737748995812 747.0 -5.360093394197916 13.792511233361438
1471.586621916892 747.0 -5.357028418416049 13.809178133378737
1471.5997231219494 747.0 -5.353871502549896 13.825848033418879
1471.6130783543297 747.0 -5.350622674757972 13.842896733433008
1471.6266874490611 747.0 -5.347281964738955 13.859572133398615
1471.6405502366263 747.0 -5.343849403732358 13.876276033348404
1471.6546665429635 747.0 -5.340325024519165 13.89294753340073
1471.66903618947 747.0 -5.336708861422428 13.909618833451532
1471.6836589930042 747.0 -5.3330009503078255 13.926290333387442
1471.6985347658876 747.0 -5.329201328584185 13.942960933432914
1471.7136633159078 747.0 -5.325310035203968 13.959637333406135
1471.7290444463208 747.0 -5.3213271106637166 13.976308533456177
1471.7446779558545 747.0 -5.317252597004469 13.992983633419499
1471.760563638711 747.0 -5.313086537812138 14.009721033391543
1471.7767012845688 747.0 -5.308828978217854 14.02639583335258
1471.7930906785875 747.0 -5.304479964898278 14.043357533402741
1471.809731601409 747.0 -5.300039546075877 14.060030533350073
1471.8266238291626 747.0 -5.2955077715191665 14.07670213340316
1471.8437671334666 747.0 -5.290884692542928 14.093369233421981
1471.8611612814325 747.0 -5.286170362008384 14.110038733459078
1471.8788060356685 747.0 -5.281364834323352 14.126750933355652
1471.8967011542825 747.0 -5.276468165442355 14.14342533343006
1471.9148463908862 747.0 -5.271480412866718 14.160092833451927
1471.9332414945986 747.0 -5.266401635644619 14.176768833422102
1471.9518862100501 747.0 -5.261231894371115 14.193445133394562
1471.9707802773858 747.0 -5.255971251188147 14.210122633376159
1471.9899234322697 747.0 -5.2506197697845 14.226793733425438
1472.009315405889 747.0 -5.245177515395746 14.243464833358303
1472.0289559249584 747.0 -5.239644554804156 14.260141533450224
1472.0488447117234 747.0 -5.234020956338582 14.276814033393748
1472.068981483966 747.0 -5.22830678987431 14.293492333381437
1472.0893659550075 747.0 -5.2225021268328895 14.310198733350262
1472.1099978337143 747.0 -5.216607040181931 14.326870633405633
1472.1308768245021 747.0 -5.210621604434878 14.343546133372001
1472.1520026273402 747.0 -5.204545895650752 14.360213533393107
1472.1733749377565 747.0 -5.198379991433873 14.376890533370897
1472.194993446843 747.0 -5.1921239709335465 14.393565433449112
1472.216857841259 747.0 -5.185777914843733 14.410236733383499
1472.2389678032382 747.0 -5.179341905402684 14.42690653342288
1472.2613230105922 747.0 -5.1728160263925576 14.44357353344094
1472.283923136716 747.0 -5.166200363139001 14.460248033399694
1472.3067678505947 747.0 -5.159495002510717 14.47691473341547
1472.3298568168063 747.0 -5.152700032918993 14.493581433431245
1472.3531896955296 747.0 -5.145815544317217 14.51024943345692
1472.376766142548 747.0 -5.138841628200359 14.526919733383693
1472.4005858092557 747.0 -5.13177837760443 14.543591533438303
1472.424648342664 747.0 -5.1246258871059185 14.560263733379543
1472.4489533854064 747.0 -5.117384252821197 14.576937633450143
1472.473500575744 747.0 -5.110053572405909 14.593604333349504
1472.4982895475728 747.0 -5.102633945054325 14.610273033380508
1472.5233199304284 747.0 -5.095125471498681 14.626939933397807
1472.548591349493 747.0 -5.087528254008484 14.643626333447173
1472.5741034256012 747.0 -5.079842396389802 14.660295733367093
1472.5998557752462 747.0 -5.072068003984522 14.67696733342018
1472.6258480105864 747.0 -5.064205183669585 14.693639733362943
1472.6520797394523 747.0 -5.056254043856201 14.710314933443442
1472.6785505653518 747.0 -5.048214694489037 14.72698353335727
1472.7052600874779 747.0 -5.040087247045373 14.743658633437008
1472.732207900715 747.0 -5.031871814534251 14.760327333351597
1472.7593935956456 747.0 -5.023568511495581 14.777001533424482
1472.7868167585577 747.0 -5.015177453999234 14.793668533442542
1472.814476971451 747.0 -5.00669875964411 14.810338333365507
1472.8423738120446 747.0 -4.998132547557177 14.827007633401081
1472.8705068537834 747.0 -4.989478938392489 14.843878733343445
1472.8988756658457 747.0 -4.980738054330178 14.860549733391963
1472.927479813151 747.0 -4.971910019075426 14.877222933457233
1472.9563188563664 747.0 -4.962994957857406 14.893891733372584
1472.9853923519147 747.0 -4.953992997428205 14.910566833452322
1473.0146998519815 747.0 -4.9449042660617195 14.92723963339813
1473.0442409045233 747.0 -4.935728893552526 14.943913733353838
1473.074015053275 747.0 -4.926467011214732 14.96058423339855
1473.104021837757 747.0 -4.917118751880794 14.97725673345849
1473.1342607932843 747.0 -4.907684249900322 14.993926733382978
1473.1647314509735 747.0 -4.898163641138851 15.010598133434542
1473.1954333377507 747.0 -4.888557062976589 15.027272833394818
1473.2263659763607 747.0 -4.878864654307148 15.044262733426876
1473.257528885374 747.0 -4.869086555536243 15.060930333449505
1473.2889215791956 747.0 -4.859222908580366 15.077678833389655
1473.3205435680732 747.0 -4.849273856865443 15.094346533413045
1473.3523943581054 747.0 -4.839239545325456 15.111017333343625
1473.3844734512509 747.0 -4.829120120401051 15.127693933434784
1473.4167803453363 747.0 -4.818915730038115 15.144362833350897
1473.449314534065 747.0 -4.808626523686326 15.161037333426066
1473.4820755070261 747.0 -4.798252652297685 15.17770463344641
1473.515062749703 747.0 -4.78779426832502 15.194381133420393
1473.5482757434822 747.0 -4.777251525720462 15.211053633363917
1473.5817139656629 747.0 -4.766624579933904 15.227729633450508
1473.6153768894649 747.0 -4.7559135879114205 15.244398733368143
1473.6492639840387 747.0 -4.745118708093681 15.261069433414377
1473.6833747144747 747.0 -4.734240100414325 15.277741933357902
1473.7177085418114 747.0 -4.72327792629831 15.294414033414796
1473.752264923046 747.0 -4.7122323486602475 15.311082533444278
1473.7870433111427 747.0 -4.701103531902701 15.327779633458704
1473.8220431550437 747.0 -4.689891641914463 15.344453133409843
1473.857263899677 747.0 -4.678596846068807 15.361129833385348
1473.8927049859676 747.0 -4.667219313221713 15.37780763336923
1473.928365850846 747.0 -4.655759213710067 15.394477533409372
1473.9642459272586 747.0 -4.6442167193498385 15.411147233447991
1474.0003446441779 747.0 -4.6325920034342225 15.428226333344355
1474.0366614266115 747.0 -4.620885240731769 15.444895133376122
1474.0731956956135 747.0 -4.6090966074844735 15.461570633458905
1474.109946868293 747.0 -4.597226281405851 15.478242833400145
1474.1469143578256 747.0 -4.585274441678978 15.494920633384027
1474.1840975734626 747.0 -4.573241268954511 15.51158923341427
1474.2214959205423 747.0 -4.561126945348679 15.528257533442229
1474.2591088005 747.0 -4.548931654441246 15.544928933377378
1474.2969356108777 747.0 -4.536655581273449 15.561599733424373
1474.334975745336 747.0 -4.524298912345913 15.578285433351994
1474.3732285936637 747.0 -4.511861835616535 15.594952733372338
1474.4116935417894 747.0 -4.499344540498338 15.611622833414003
1474.4503699717911 747.0 -4.4867472178573085 15.628290733438917
1474.4892572619078 747.0 -4.474070060010194 15.64496113336645
1474.5283547865504 747.0 -4.461313260722289 15.661641733371653
1474.5676619163123 747.0 -4.448477015205174 15.678311833413318
1474.6071780179807 747.0 -4.4355615201144465 15.694988533388823
1474.6469024545477 747.0 -4.422566973547414 15.711669333395548
1474.6868345852213 747.0 -4.40949357504076 15.728337533422746
1474.7269737654372 747.0 -4.396341525568187 15.745054333354346
1474.7673193468693 747.0 -4.3831110275380265 15.761728333425708
1474.8078706774415 747.0 -4.369802284790826 15.778624233440496
1474.8486271013398 747.0 -4.356415502596906 15.795296833384782
1474.8895879590227 747.0 -4.342950887653886 15.81196853343863
1474.9307525872332 747.0 -4.32940864808419 15.82863793335855
1474.972120319011 747.0 -4.315788993432518 15.845308033400215
1475.0136904837038 747.0 -4.302092134663289 15.861978033441119
1475.0554624069787 747.0 -4.288318284158061 15.878985533374362
1475.097435410835 747.0 -4.274467655712915 15.895659033441916
1475.1396088136155 747.0 -4.260540464535817 15.912325833458453
1475.1819819300188 747.0 -4.246536927243952 15.928995433379896
1475.224554071111 747.0 -4.232457261861021 15.945662333397195
1475.2673245443382 747.0 -4.2183016878145185 15.962338733370416
1475.3102926535387 747.0 -4.204070425932976 15.97901533334516
1475.353457698955 747.0 -4.189763698443179 15.995870033395477
1475.3968189772465 747.0 -4.175381728967353 16.0125438333489
1475.4403757815019 747.0 -4.160924742520322 16.029405833454803
1475.4841274012508 747.0 -4.146392965506639 16.046081733424217
1475.5280731224777 747.0 -4.131786625717679 16.062748833443038
1475.5722122276336 747.0 -4.11710595232872 16.079418833367527
1475.616543995649 747.0 -4.102351175895974 16.096091033425182
1475.661067701946 747.0 -4.0875225283536025 16.1127806333825
1475.7057826184523 747.0 -4.072620243010698 16.129452333436348
1475.7506880136132 747.0 -4.057644554548236 16.14612463337835
1475.7957831524047 747.0 -4.042595699015993 16.162798833451234
1475.8410672963464 747.0 -4.027473913829448 16.179473233409226
1475.8865397035147 747.0 -4.012279437766636 16.19618643342983
1475.9321996285557 747.0 -3.9970125109649834 16.212861133390106
1475.978046322699 747.0 -3.9816733749181124 16.229970133397728
1476.0240790337698 747.0 -3.9662622724726107 16.24663873342797
1476.0702970062036 747.0 -3.950779447824774 16.26330623344984
1476.1166994810583 747.0 -3.9352251465173174 16.27997433335986
1476.163285696028 747.0 -3.919599615436058 16.296648633433506
1476.2100548854569 747.0 -3.903903102806564 16.313323033391498
1476.2570062803527 747.0 -3.888135858190775 16.329999033361673
1476.3041391083996 747.0 -3.8722981324835937 16.346666333382018
1476.3514525939725 747.0 -3.8563901779094425 16.363342533353716
1476.3989459581508 747.0 -3.840412248018793 16.380009433371015
1476.4466184187318 747.0 -3.824364597684664 16.396677133394405
1476.4944691902447 747.0 -3.808247483099086 16.41335803340189
1476.5424974839646 747.0 -3.7920611617695377 16.430030133458786
1476.5907025079262 747.0 -3.7758058925153533 16.44669713336043
1476.6390834669382 747.0 -3.7594819354640925 16.463368633412756
1476.6876395625968 747.0 -3.7430895520478846 16.48004243336618
1476.7363699933003 747.0 -3.7266290049997406 16.496718733455054
1476.785273954263 747.0 -3.710100558349832 16.51338783337269
1476.8343506375297 747.0 -3.69350447742174 16.530055733397603
1476.8835992319896 747.0 -3.6768410288286737 16.546730733360164
1476.933018923391 747.0 -3.660110480469656 16.563405333436094
1476.982608894356 747.0 -3.6433131015256777 16.580077633378096
1477.0323683243935 747.0 -3.6264491624558213 16.59674623340834
1477.0822963899157 747.0 -3.609518934993353 16.61342203337699
1477.1323922642512 747.0 -3.5925226921417823 16.63009363343008
1477.18265511766 747.0 -3.5754607081708913 16.646761233452708
1477.2330841173489 747.0 -3.55833325861273 16.66346403339412
1477.283678427485 747.0 -3.541140620257584 16.68013243342284
1477.3344372092117 747.0 -3.523883071149905 16.69680803338997
1477.3853596206623 747.0 -3.506560890584216 16.713480833452195
1477.4364448169756 747.0 -3.4891743591009776 16.730153633398004
1477.487691950311 747.0 -3.4717237584824288 16.746822133427486
1477.5391001698633 747.0 -3.454209371748392 16.763489733450115
1477.5906686218775 747.0 -3.4366314831520475 16.780175533378497
1477.642396449664 747.0 -3.4189903781756756 16.796849333448336
1477.6942827936136 747.0 -3.401286343526368 16.813526433426887
1477.7463267912135 747.0 -3.3835196671317056 16.830197333358228
1477.7985275770613 747.0 -3.365690638135405 16.846890033455566
1477.8508842828815 747.0 -3.347799546892933 16.863566133426502
1477.9033960375396 747.0 -3.3298466849670896 16.880236433353275
1477.9560619670585 747.0 -3.311832345123558 16.896909533417784
1478.008881194634 747.0 -3.293756821326423 16.91358273336664
1478.061852840649 747.0 -3.2756204087336576 16.93025753344409
1478.1149760226906 747.0 -3.2574234036925773 16.94693793344777
1478.168249855565 747.0 -3.239166103735262 16.96361273340881
1478.2216734513124 747.0 -3.220848807573947 16.980285133351572
1478.2752459192243 747.0 -3.2024718150963793 16.996957033406943
1478.328966365858 747.0 -3.1840354273611453 17.013629833352752
1478.3828338950523 747.0 -3.165539946592964 17.03053863334935
1478.4368476079442 747.0 -3.146985676177949 17.047215433442034
1478.491006602984 747.0 -3.1283729206588387 17.063886533374898
1478.5453099759518 747.0 -3.109701985730193 17.080561533453874
1478.5997568199728 747.0 -3.0909731782335594 17.097236033412628
1478.6543462255338 747.0 -3.0721868061526076 17.11390393343754
1478.709077280499 747.0 -3.05334317860823 17.130573133355938
1478.7639490701263 747.0 -3.034442605853611 17.14745233335998
1478.8189606770832 747.0 -3.0154853992692674 17.164128733449616
1478.874111181463 747.0 -2.9964718713580503 17.180796033353545
1478.9293996608012 747.0 -2.977402335740121 17.197462933370844
1478.9848251900917 747.0 -2.9582771071478944 17.21413593343459
1479.0403868418027 747.0 -2.939096501420946 17.230834233458154
1479.0960836858937 747.0 -2.919860835500891 17.247507333406247
1479.1519147898316 747.0 -2.9005704274262327 17.264182733371854
1479.2078792186069 747.0 -2.8812255963271753 17.28084953338839
1479.2639760347504 747.0 -2.8618266624204067 17.297520433436148
1479.3202042983496 747.0 -2.842373947003851 17.3141892333515
1479.3765630670657 747.0 -2.8228677724513878 17.330859933397733
1479.4330513961495 747.0 -2.803308462207539 17.347534533357248
1479.4896683384582 747.0 -2.7836963407821265 17.364211033447646
1479.5464129444726 747.0 -2.7640317337448983 17.380890933447517
1479.603284262313 747.0 -2.7443149677201193 17.397558333352208
1479.660281337757 747.0 -2.724546370381136 17.41423363343347
1479.7174032142545 747.0 -2.704726270444907 17.4309079333907
1479.7746489329468 747.0 -2.684854997666501 17.447583133354783
1479.8320175326817 747.0 -2.664932882833568 17.464251633384265
1479.8895080500313 747.0 -2.644960257760774 17.48095213342458
1479.9471195193082 747.0 -2.624937455284209 17.497626633383334
1480.0048509725837 747.0 -2.6048648092557625 17.514296433422714
1480.062701439703 747.0 -2.5847426545374668 17.53098803339526
1480.120669948304 747.0 -2.5645713269958117 17.54766363336239
1480.1787555238336 747.0 -2.5443511634960267 17.564338433439843
1480.2369571895642 747.0 -2.5240825018963338 17.581009833374992
1480.2952739666123 747.0 -2.503765681042169 17.597680533421226
1480.3537048739545 747.0 -2.4834010407603726 17.614351333351806
1480.4122489284448 747.0 -2.462988921853352 17.63154383341316
1480.4709051448326 747.0 -2.4425296660932103 17.64821213344112
1480.5296725357794 747.0 -2.4220236162158475 17.664922733441927
1480.5885501118757 747.0 -2.4014711159150304 17.681594033376314
1480.6475368816598 747.0 -2.3808725098364323 17.69826703344006
1480.7066318516336 747.0 -2.3602281435716446 17.715282033430412
1480.7658340262806 747.0 -2.339538363652156 17.73195193335414
1480.8251424080838 747.0 -2.3188035175433037 17.748623633407988
1480.8845559975425 747.0 -2.298023953638195 17.765290333423764
1480.9440737931902 747.0 -2.277200021251597 17.781966033391654
1481.0036947916121 747.0 -2.2563320706138033 17.798885133350268
1481.0634179874623 747.0 -2.235420452864462 17.81563003337942
1481.1232423734818 747.0 -2.214465520046383 17.832305433345027
1481.1831669405162 747.0 -2.1934676250993124 17.84899853344541
1481.2431906775328 747.0 -2.172427121853678 17.865671733394265
1481.3033125716388 747.0 -2.151344365024308 17.882346133352257
1481.363531608099 747.0 -2.130219710204118 17.89901663339697
1481.423846770353 747.0 -2.1090535138577726 17.915686133434065
1481.484257040034 747.0 -2.087846133315318 17.93245813343674
1481.544761396985 747.0 -2.066597926765785 17.949128433363512
1481.6053588192783 747.0 -2.0453092532507635 17.965795633383095
1481.6660482832326 747.0 -2.023980472657954 17.9824819334317
1481.7268287634306 747.0 -2.0026119457146843 17.999156633391976
1481.7876992327372 747.0 -1.9812040339814034 18.015825733426027
1481.8486586623176 747.0 -1.9597570998451472 18.032492433441803
1481.909706021655 747.0 -1.9382715065129752 18.049161333357915
1481.9708402785684 747.0 -1.9167476180053817 18.06583073339425
1482.0320603992313 747.0 -1.8951857991496797 18.082593533443287
1482.093365348189 747.0 -1.8735864155733566 18.09926043334417
1482.1547540883769 747.0 -1.851949833697406 18.115928933373652
1482.2162255811386 747.0 -1.8302764207296305 18.132663333439268
1482.277778786244 747.0 -1.8085665446579189 18.14933973341249
1482.3394126619073 747.0 -1.786820574243498 18.166011533350684
1482.4011261648056 747.0 -1.7650388790141571 18.18290793336928
1482.4629182500964 747.0 -1.7432218292574488 18.199584333458915
1482.5247878714363 747.0 -1.7213697960138612 18.2162582334131
1482.5867339809986 747.0 -1.6994831510699675 18.232987933442928
1482.6487555294923 747.0 -1.6775622669515489 18.249688733369112
1482.7108514661797 747.0 -1.6556075169166922 18.26635563338641
1482.7730207388954 747.0 -1.6336192749488634 18.28303043334745
1482.8352622940636 747.0 -1.6115979157499565 18.299698733375408
1482.8975750767172 747.0 -1.5895438147333172 18.316373833455145
1482.959958030516 747.0 -1.5674573480167426 18.33315183338709
1483.0224100977646 747.0 -1.5453388924154572 18.349821733427234
1483.0849302194313 747.0 -1.5231888254350638 18.366494733374566
1483.1475173351664 747.0 -1.5010075252644732 18.38320793339517
1483.21017038332 747.0 -1.478795370768807 18.399877433432266
1483.2728883009613 747.0 -1.45655274148228 18.41655193339102
1483.3356700238967 747.0 -1.4342800176010584 18.433675433392636
1483.3985144866876 747.0 -1.4119775799760945 18.450346433441155
1483.4614206226702 747.0 -1.3896458101059401 18.467017833376303
1483.5243873639724 747.0 -1.3672850901295366 18.48369083344005
1483.587413641534 747.0 -1.344895802818983 18.500367533415556
1483.650498385124 747.0 -1.3224783315722821 18.51703873334918
1483.7136405233591 747.0 -1.3000330604060653 18.533716833451763
1483.7768389837233 747.0 -1.2775603739482946 18.550394633435644
1483.8400926925854 747.0 -1.2550606574309449 18.567070333403535
1483.903400575218 747.0 -1.232534296682664 18.58378293341957
1483.9667615558162 747.0 -1.2099816781214123 18.60045133344829
1484.0301745575161 747.0 -1.1874031887470817 18.617119033355266
1484.0936385024133 747.0 -1.1647992161340945 18.633805533405393
1484.1571523115815 747.0 -1.1421701484239817 18.650478633353487
1484.2207149050917 747.0 -1.1195163743179415 18.667153233429417
1484.28432520203 747.0 -1.0968382830693784 18.683820733451284
1484.347982120517 747.0 -1.0741362644764223 18.700490033370443
1484.4116845777257 747.0 -1.0514107088744298 18.717163533437997
1484.4754314899012 747.0 -1.0286620071284642 18.73383793339599
1484.5392217723786 747.0 -1.0058905506257596 18.750505933421664
1484.603054339602 747.0 -0.9830967312681642 18.767174233449623
1484.6669281051434 747.0 -0.9602809414645672 18.783845933387056
1484.7308419817207 747.0 -0.9374435741233069 18.80058413336519
1484.7947948812175 747.0 -0.9145850226445611 18.81746723339893
1484.8587857147013 747.0 -0.8917056809127203 18.834181933430955
1484.9228133924419 747.0 -0.8688059432887442 18.850850333459675
1484.9868768239307 747.0 -0.8458862046025004 18.867521233391017
1485.0509749178996 747.0 -0.8229468601450876 18.884798233397305
1485.1151065823392 747.0 -0.7999883056611411 18.90605563344434
1485.179270724518 747.0 -0.7770109373411239 18.927085033385083
1485.2434662510009 747.0 -0.7540151518136006 18.94655063340906
1485.3076920676685 747.0 -0.7310013461374962 18.964640333433636
1485.3719470797355 747.0 -0.7079699177943403 18.98450553335715
1485.4362301917695 747.0 -0.6849212646804949 19.015605033375323
1485.5005403077098 747.0 -0.6618557850993689 19.033686633454636
1485.564876330887 747.0 -0.6387738777536178 19.05036263342481
1485.6292371640407 747.0 -0.6156759417373284 19.072217733366415
1485.693621709339 747.0 -0.5925623765281909 19.08948173339013
1485.7580288683969 747.0 -0.5694335819796563 19.108637033379637
1485.822457542296 747.0 -0.5462899583130816 19.12540823337622
1485.8869066316024 747.0 -0.5231319061098606 19.14684633340221
1485.951375036386 747.0 -0.4999598263035435 19.166284933453426
1486.0158616562392 747.0 -0.47677412017194276 19.188393133459613
1486.080365390296 747.0 -0.4535751893292276 19.205758133437485
1486.1448851372509 747.0 -0.43036343571800617 19.22310923342593
1486.2094197953772 747.0 -0.4071392616013966 19.243962533422746
1486.2739682625465 747.0 -0.38390306955508624 19.263891633367166
1486.3385294362472 747.0 -0.3606552624593804 19.280560633400455
1486.4031022136035 747.0 -0.3373962434912399 19.302191333379596
1486.4676854913944 747.0 -0.3141264161163088 19.319760133395903
1486.5322781660723 747.0 -0.2908461840809314 19.341221733368002
1486.5968791337818 747.0 -0.2675559514041599 19.357905133394524
1486.6614872903795 747.0 -0.2442561223697524 19.375874433433637
1486.7261015314511 747.0 -0.22094710151816166 19.396602033404633
1486.7907207523322 747.0 -0.197629293638515 19.415926633402705
1486.8553438481256 747.0 -0.17430310376058555 19.43262573343236
1486.9199697137212 747.0 -0.1509689371467553 19.459413633449003
1486.9845972438147 747.0 -0.12762719928396998 19.47973853338044
1487.049225332926 747.0 -0.10427829587568649 19.49645273340866
1487.1138528754182 747.0 -0.0809226328338127 19.514735733391717
1487.1784787655167 747.0 -0.05756061627064031 19.534435333451256
1487.2431018973284 747.0 -0.03419265249077098 19.551653133356012
1487.3077211648595 747.0 -0.010819147983035848 19.568324433406815
1487.372335462035 747.0 0.012559490587590982 19.58499583345838
1487.4369436827176 747.0 0.03594285638808485 19.60503253340721
1487.5015447207268 747.0 0.05933054242546845 19.626173533382826
1487.5661374698568 747.0 0.08272214155491502 19.6474621334346
1487.6307208238961 747.0 0.10611724648785635 19.66413073334843
1487.6952936766463 747.0 0.12951544980009555 19.681358333444223
1487.7598549219404 747.0 0.15291634393992387 19.70222653343808
1487.8244034536622 747.0 0.17631952123624173 19.7195893333992
1487.8889381657648 747.0 0.19972457390668324 19.73626653337851
1487.9534579522895 747.0 0.2231310940657442 19.75297593337018
1488.0179617073843 747.0 0.24653867373291294 19.771606333437376
1488.0824483253234 747.0 0.2699469048408042 19.7894516333472
1488.1469167005253 747.0 0.29335537924329497 19.80629653343931
1488.2113657275713 747.0 0.3167636887236629 19.827853333437815
1488.2757943012257 747.0 0.34017142500272607 19.848551433417015
1488.340201316453 747.0 0.3635781797469844 19.871119533432648
1488.4045856684372 747.0 0.3869835445767623 19.889724233420566
1488.468946252601 747.0 0.41038711107435194 19.90639813337475
1488.5332819646237 747.0 0.43378847079215704 19.93689013342373
1488.5975917004607 747.0 0.45718721526083705 19.95355703344103
1488.6618743563615 747.0 0.48058293599745106 19.97363483335357
1488.7261288288892 747.0 0.5039752245136011 19.994580533355474
1488.7903540149382 747.0 0.5273636723235752 20.011259033344686
1488.8545488117538 747.0 0.5507478709524887 20.0285582334036
1488.9187121169505 747.0 0.5741274119444245 20.051206733449362
1488.9828428285305 747.0 0.597501886870572 20.06787593336776
1489.0469398449025 747.0 0.6208708873373631 20.085343333426863
1489.1110020649 747.0 0.6442340049946065 20.112093033385463
1489.1750283878011 747.0 0.6675908315436194 20.13281933334656
1489.2390177133454 747.0 0.6909409587453559 20.16831853345502
1489.3029689417538 747.0 0.7142839784285321 20.185672433348373
1489.3668809737464 747.0 0.7376194824977479 20.20234193338547
1489.4307527105618 747.0 0.7609470629416046 20.219018533360213
1489.494583053975 747.0 0.7842663118408185 20.236386933363974
1489.5583709063162 747.0 0.8075768213763295 20.253059533424675
1489.6221151704895 747.0 0.8308781838374052 20.269729733350687
1489.6858147499906 747.0 0.8541699916297403 20.286404933431186
1489.7494685489266 747.0 0.8774518372835491 20.303114433423616
1489.8130754720337 747.0 0.9007233134616539 20.31979303341359
1489.876634424695 747.0 0.9239840129675656 20.339245033450425
1489.940144312961 747.0 0.9472335287535594 20.355916533386335
1490.0036040435652 747.0 0.9704714539287426 20.37258323340211
1490.0670125239453 747.0 0.9936973817671161 20.38925753335934
1490.1303686622596 747.0 1.0169109057156283 20.405939533375204
1490.1936713674063 747.0 1.0401116194022206 20.422609233413823
1490.256919549042 747.0 1.0632991166438668 20.439566433429718
1490.3201121175996 747.0 1.0864729914546016 20.456242333399132
1490.3832479843063 747.0 1.1096328380535432 20.472913533449173
1490.4463260612029 747.0 1.1327782508729047 20.489583133370616
1490.5093452611613 747.0 1.155908824565998 20.506251633400097
1490.5723044979034 747.0 1.1790241540152273 20.522918633418158
1490.6352026860184 747.0 1.2021238343400726 20.53958653344307
1490.698038740982 747.0 1.225207460905064 20.55625723337289
1490.7608115791743 747.0 1.248274629327745 20.57293173344806
1490.823520117898 747.0 1.2713249354866245 20.58960203337483
1490.886163275396 747.0 1.2943579755291192 20.60627443343401
1490.9487399708707 747.0 1.3173733458794836 20.622947633382864
1491.0112491245013 747.0 1.3403706432467286 20.63961973343976
1491.0736896574622 747.0 1.3633494646325282 20.656517433351837
1491.1360604919405 747.0 1.3863094073391142 20.673190433415584
1491.1983605511552 747.0 1.4092500689771585 20.689862733357586
1491.2605887593745 747.0 1.432171047473642 20.706536633428186
1491.322744041934 747.0 1.4550719410797108 20.723210633383133
1491.384825325254 747.0 1.4779523483785197 20.739883133443072
1491.4468315368592 747.0 1.5008118682930602 20.75655593338888
1491.508761605395 747.0 1.5236501000939766 20.77327673335094
1491.570614460646 747.0 1.5464666434073668 20.789945633383468
1491.6323890335545 747.0 1.5692610982225685 20.806619133451022
1491.6940842562371 747.0 1.5920330648999312 20.823286133352667
1491.755699062004 747.0 1.6147821441785728 20.83996033342555
1491.8172323853755 747.0 1.63750793718412 20.85662853345275
1491.878683162101 747.0 1.6602100454364348 20.8737312334124
1491.940050329176 747.0 1.682888070857324 20.890399233438075
1492.0013328248604 747.0 1.705541615778232 20.90706693334505
1492.0625295886955 747.0 1.7281702829479184 20.923741233418696
1492.1236395615226 747.0 1.750773675540118 20.94041053345427
1492.1846616855 747.0 1.7733513971611838 20.957077633356676
1492.2455949041212 747.0 1.7959030518577135 20.973908333457075
1492.306438162232 747.0 1.818428244124157 20.990584533428773
1492.3671904060486 747.0 1.840926578910408 21.007261733408086
1492.4278505831749 747.0 1.8633976616293748 21.023930133436806
1492.4884176426199 747.0 1.8858410981645364 21.040598233346827
1492.5488905348159 747.0 1.9082564948774765 21.057292933459394
1492.6092682116353 747.0 1.930643458615401 21.07418453344144
1492.669549626408 747.0 1.9530015967186352 21.09086013340857
1492.72973373394 747.0 1.9753305170281013 21.108069233363494
1492.7898194905292 747.0 1.997629827892778 21.12473603338003
1492.849805853984 747.0 2.0198991381771383 21.141411233344115
1492.90969178364 747.0 2.0421380572685686 21.1580867334269
1492.9694762403776 747.0 2.064346195084766 21.174755333457142
1493.0291581866395 747.0 2.0865231620811167 21.19143003341742
1493.0887365864473 747.0 2.1086685692580516 21.20810363336932
1493.1482104054198 747.0 2.1307820281683822 21.224778433446772
1493.207578610789 747.0 2.152863150924615 21.24144843337126
1493.266840171418 747.0 2.174911550206244 21.258548733429052
1493.3259940578182 747.0 2.1969268392670207 21.27522213337943
1493.3850392421662 747.0 2.2189086319422042 21.29189333342947
1493.4439746983207 747.0 2.2408565426557856 21.308565233368427
1493.50279940184 747.0 2.262770186427693 21.325237033423036
1493.5615123299988 747.0 2.284649178880973 21.341911733383313
1493.6201124618046 747.0 2.306493136248948 21.35858543345239
1493.6785987780163 747.0 2.3283016753823507 21.375257133389823
1493.7369702611593 747.0 2.3500744137564378 21.39192603342235
1493.7952258955434 747.0 2.3718109694780756 21.408592833438888
1493.8533646672793 747.0 2.3935109612928045 21.425297133391723
1493.9113855642956 747.0 2.41517400859188 21.44196393340826
1493.9692875763558 747.0 2.436799731419287 21.458638033363968
1494.0270696950745 747.0 2.4583877504787326 21.47530933341477
1494.0847309139344 747.0 2.4799376871406116 21.49197763344273
1494.1422702283035 747.0 2.5014491634489477 21.508653533412144
1494.1996866354507 747.0 2.5229218021283115 21.525332133402117
1494.2569791345634 747.0 2.544355226590711 21.542024633381516
1494.3141467267633 747.0 2.5657490609424567 21.55869203340262
1494.371188415124 747.0 2.587102929991003 21.575362133444287
1494.428103204686 747.0 2.608416459251762 21.59202913334593
1494.4848901024752 747.0 2.629689274954891 21.608703433419578
1494.541548117517 747.0 2.6509210040520546 21.625378133379854
1494.598076260855 747.0 2.6721112742231616 21.64205183344893
1494.6544735455652 747.0 2.693259713883072 21.658721633371897
1494.7107389867742 747.0 2.7143659521882797 21.675402833381668
1494.7668716016747 747.0 2.7354296190435683 21.692074533435516
1494.8228704095413 747.0 2.756450345108638 21.708742433344014
1494.8787344317477 747.0 2.777427761804707 21.725415033404715
1494.934462691782 747.0 2.7983615013210845 21.742090433370322
1494.9900542152636 747.0 2.8192511966217153 21.758758333395235
1495.045508029959 747.0 2.840096481451699 21.77542553341482
1495.1008231657975 747.0 2.860896990343779 21.792095833458006
1495.1559986548878 747.0 2.881652358624803 21.808765633380972
1495.211033531534 747.0 2.902362222422159 21.82543393340893
1495.2659268322511 747.0 2.9230262186701763 21.842107833363116
1495.3206775957813 747.0 2.9436439851165055 21.85877713339869
1495.3752848631093 747.0 2.964215160328463 21.875451833358966
1495.4297476774793 747.0 2.9847393836993525 21.89251773338765
1495.4840650844098 747.0 3.0052162954547508 21.909187033423223
1495.5382361317097 747.0 3.0256455366587716 21.925859933369793
1495.592259869494 747.0 3.046026749220295 21.94253213342745
1495.6461353501993 747.0 3.0663595758991695 21.959206733386964
1495.6998616285998 747.0 3.086643660312384 21.9758735334035
1495.7534377618226 747.0 3.1068786469402094 21.992540933424607
1495.8068628093638 747.0 3.1270641811323125 22.009207733441144
1495.860135833103 747.0 3.147199909113837 22.02587683335878
1495.9132558973197 747.0 3.167285477991458 22.042553233448416
1495.9662220687087 747.0 3.187320535759402 22.059227633406408
1496.0190334163947 747.0 3.20730473130544 22.07589623343665
1496.0716890119486 747.0 3.2272377144168494 22.092566733364947
1496.124187929402 747.0 3.247119135786345 22.109234233386815
1496.1765292452633 747.0 3.266948647017978 22.12591863342095
1496.2287120385322 747.0 3.2867259006330074 22.142588933347724
1496.280735390715 747.0 3.3064505500757373 22.15925573336426
1496.3325983858406 747.0 3.3261222497193264 22.17592663341202
1496.3843001104742 747.0 3.3457406548715634 22.192600133363158
1496.4358396537336 747.0 3.3653054217806133 22.209275933448225
1496.4872161073033 747.0 3.3848162076407315 22.22595113341231
1496.5384285654502 747.0 3.4042726705979476 22.242637933348306
1496.589476125038 747.0 3.4236744697557167 22.259305733372457
1496.6403578855418 747.0 3.4430212651805396 22.27598923339974
1496.6910729490644 747.0 3.462312717907552 22.292659433442168
1496.7416204203494 747.0 3.4815484899460807 22.309330733376555
1496.7919994067965 747.0 3.5007282442851704 22.325999833410606
1496.842209018477 747.0 3.5198516448990764 22.342676833388396
1496.8922483681472 747.0 3.5389183567527267 22.359352233354002
1496.942116571264 747.0 3.5579280458071514 22.376178433420137
1496.991812745999 747.0 3.5768803790248818 22.392854533391073
1497.0413360132527 747.0 3.595775024375315 22.40952413342893
1497.09068549667 747.0 3.614611650840048 22.426193133345805
1497.1398603226532 747.0 3.633389928418181 22.442863433388993
1497.1888596203783 747.0 3.6521095281315845 22.459904733346775
1497.237682521807 747.0 3.670770122030138 22.476580633432604
1497.2863281617033 747.0 3.6893713831969355 22.49325123336166
1497.3347956776458 747.0 3.7079129857534565 22.50992093340028
1497.3830842100433 747.0 3.7263946048647076 22.526589333429
1497.4311929021483 747.0 3.7448159167443307 22.543531033443287
1497.479120900071 747.0 3.763176598659677 22.560205933405086
1497.5268673527935 747.0 3.781476328936852 22.57688243337907
1497.5744314121844 747.0 3.799714786965725 22.593554633436725
1497.6218122330115 747.0 3.8178916532049065 22.610222233459353
1497.669008972957 747.0 3.8360066091866956 22.6268962334143
1497.7160207926306 747.0 3.8540593375219907 22.64356523344759
1497.7628468555833 747.0 3.8720495219051725 22.660236633382738
1497.8094863283218 747.0 3.8899768471189495 22.676905033411458
1497.8559383803215 747.0 3.9078409990391747 22.693579133367166
1497.9022021840406 747.0 3.925641664639627 22.710250133415684
1497.9482769149333 747.0 3.943378531996763 22.72701403335668
1497.9941617514642 747.0 3.961051290294433 22.743687633424997
1498.0398558751206 747.0 3.978659629828565 22.760580833419226
1498.085358470427 747.0 3.996203242011819 22.777257733396254
1498.1306687249587 747.0 4.013681819378206 22.7939330333611
1498.1757858293536 747.0 4.031095055587674 22.81060963345226
1498.2207089773271 747.0 4.048442645430662 22.827283733407967
1498.2654373656849 747.0 4.065724284832625 22.84395553334616
1498.309970194336 747.0 4.0829396708585195 22.86062873341143
1498.3543066663062 747.0 4.10008850171726 22.8773042333778
1498.3984459877508 747.0 4.117170476766148 22.89397983334493
1498.442387367968 747.0 4.134185296515259 22.910647133365273
1498.4861300194118 747.0 4.151132662631802 22.92731593339704
1498.5296731577052 747.0 4.168012277944451 22.94399233337026
1498.5730160016528 747.0 4.184823846447631 22.96099783340469
1498.6161577732537 747.0 4.201567073305788 22.977664533420466
1498.6590976977143 747.0 4.218241664857614 22.99457633343991
1498.7018350034614 747.0 4.234847328620248 23.011250533396378
1498.7443689221545 747.0 4.251383773293435 23.027924433350563
1498.7866986886988 747.0 4.267850708763666 23.04459683340974
1498.8288235412574 747.0 4.284247846108273 23.06126443343237
1498.8707427212642 747.0 4.300574897599501 23.077937433379702
1498.912455473436 747.0 4.316831576708542 23.094613333349116
1498.9539610457857 747.0 4.333017598109541 23.11128683341667
1498.995258689634 747.0 4.349132677683571 23.127954833442345
1499.036347659622 747.0 4.365176532522565 23.144623433356173
1499.077227213723 747.0 4.381148880933235 23.161325133405626
1499.117896613256 747.0 4.397049442440943 23.177999333362095
1499.1583551228964 747.0 4.4128779377935485 23.194674533442594
1499.198602010689 747.0 4.428634088965219 23.211360433371738
1499.23863654806 747.0 4.444317619160215 23.228033933439292
1499.2784580098285 747.0 4.459928252816643 23.24470793339424
1499.3180656742193 747.0 4.475465715610166 23.261380033451132
1499.3574588228742 747.0 4.4909297344576995 23.278047033352777
1499.3966367408636 747.0 4.506320037521066 23.294713933370076
1499.4355987166996 747.0 4.521636354210616 23.31138663343154
1499.474344042346 747.0 4.536878415188829 23.32806093338877
1499.5128720132313 747.0 4.55204595237387 23.344730233424343
1499.5511819282601 747.0 4.567138698943128 23.3614021333633
1499.589273089824 747.0 4.582156389336712 23.378070333390497
1499.627144803814 747.0 4.5970987592609225 23.394743233453482
1499.664796379631 747.0 4.611965545691696 23.41141383338254
1499.702227130199 747.0 4.626756486878009 23.428081933408976
1499.7394363719739 747.0 4.641471322345262 23.44484563334845
1499.776423424957 747.0 4.65610979289862 23.461515833390877
1499.8131876127056 747.0 4.670671640626343 23.478191933361813
1499.8497282623432 747.0 4.6851566089030605 23.494873133371584
1499.8860447045722 747.0 4.699564442393041 23.511548433452845
1499.9221362736841 747.0 4.7138948870534145 23.528224733425304
1499.9580023075707 747.0 4.728147690137373 23.54489283345174
1499.9936421477348 747.0 4.742322600197337 23.561559933354147
1500.0290551393016 747.0 4.756419367088096 23.578323433408514
1500.0642406310292 747.0 4.77043774196992 23.59499943337869
1500.0991979753196 747.0 4.7843774773116365 23.61168963345699
1500.1339265282297 747.0 4.798238326893682 23.628357433364727
1500.1684256494812 747.0 4.812020045811129 23.645035933353938
1500.202694702472 747.0 4.825722390476669 23.661713533452712
1500.236733054286 747.0 4.839345118623587 23.67905143345706
1500.2705400757052 747.0 4.852887989308691 23.696041833376512
1500.3041151412176 747.0 4.86635076291522 23.712710533407517
1500.3374576290303 747.0 4.879733201155721 23.729386633378454
1500.3705669210776 747.0 4.893035067074903 23.746055133407936
1500.403442403033 747.0 4.906256125052454 23.76272903336212
1500.4360834643187 747.0 4.919396140805835 23.779420733451843
1500.4684894981153 747.0 4.932454881393051 23.79609403340146
1500.500659901373 747.0 4.9454321152153815 23.812768733361736
1500.5325940748203 747.0 4.9583276120200965 23.829435733379796
1500.5642914229757 747.0 4.971141142903136 23.846103133400902
1500.5957513541557 747.0 4.983872480311766 23.862803533440456
1500.6269732804865 747.0 4.996521398047208 23.879470733343624
1500.6579566179128 747.0 5.009087671267238 23.89613893337082
1500.6887007862072 747.0 5.021571076488763 23.912812533439137
1500.7192052089813 747.0 5.033971391590364 23.929636433371343
1500.749469313694 747.0 5.0462883958148215 23.946303433389403
1500.7794925316614 747.0 5.058521869771607 23.962979833362624
1500.8092742980673 747.0 5.070671595439351 23.979653733433224
1500.8388140519712 747.0 5.082737356168286 23.996323833358474
1500.8681112363186 747.0 5.09471893668266 24.01299063337501
1500.89716529795 747.0 5.1066161230831275 24.029669433366507
1500.9259756876108 747.0 5.118428702849115 24.04634493344929
1500.9545418599598 747.0 5.130156464841154 24.063019033405
1500.9828632735785 747.0 5.141799199303203 24.079692333354615
1501.0109393909802 747.0 5.153356697864926 24.096361333387904
1501.03876967862 747.0 5.164828753543963 24.113091333420016
1501.0663536069019 747.0 5.1762151607481615 24.12995663343463
1501.0936906501897 747.0 5.187515715277794 24.146629633381963
1501.1207802868148 747.0 5.198730214327744 24.16330413345713
1501.147621999085 747.0 5.209858456489674 24.179972933372483
1501.1742152732934 747.0 5.220900241754159 24.19664873345755
1501.2005595997275 747.0 5.231855371512808 24.213315933360718
1501.2266544726772 747.0 5.242723648560354 24.229988133418374
1501.2524993904437 747.0 5.253504877096718 24.24666213337332
1501.278093855348 747.0 5.264198862729064 24.263336933450773
1501.3034373737396 747.0 5.274805412473808 24.28001313342247
1501.328529456004 747.0 5.285324334758624 24.29668993339874
1501.3533696165719 747.0 5.295755439424415 24.31335833342746
1501.377957373927 747.0 5.3060985377272685 24.33009063336067
1501.4022922506151 747.0 5.316353442340381 24.346758233383298
1501.4263737732506 747.0 5.326519967355968 24.363432633457705
1501.450201472526 747.0 5.33659792828715 24.3801057334058
1501.4737748832197 747.0 5.346587142069808 24.39677493344061
1501.497093544203 747.0 5.3564874270644305 24.413445833371952
1501.5201569984492 747.0 5.366298603057929 24.430118433432654
1501.542964793041 747.0 5.376020491265435 24.44679313339293
1501.5655164791776 747.0 5.385652914332073 24.46347073337529
1501.5878116121837 747.0 5.395195696334716 24.4801399334101
1501.609849751516 747.0 5.404648662783722 24.496809833450243
1501.6316304607717 747.0 5.414011640624638 24.51348463341128
1501.6531533076952 747.0 5.423284458239897 24.53015813336242
1501.6744178641861 747.0 5.432466945450487 24.54683213343378
1501.6954237063064 747.0 5.441558933517596 24.56350213335827
1501.7161704142882 747.0 5.450560255144252 24.58020913344808
1501.7366575725403 747.0 5.459470744476921 24.59743063338101
1501.756884769656 747.0 5.468290237107104 24.614098633406684
1501.77685159842 747.0 5.477018570072907 24.630765733425505
1501.7965576558158 747.0 5.485655581860587 24.647434833459556
1501.816002543032 747.0 5.494201112406086 24.66411083342973
1501.83518586547 747.0 5.502655003096543 24.680785333388485
1501.854107232751 747.0 5.511017096771787 24.697462433367036
1501.8727662587219 747.0 5.519287237725809 24.714134333422408
1501.891162561463 747.0 5.527465271708221 24.730812033405527
1501.9092957632943 747.0 5.535551045925689 24.747489633387886
1501.9271654907823 747.0 5.5435444090433545 24.764169133384712
1501.9447713747468 747.0 5.551445211186236 24.780842733453028
1501.9621130502667 747.0 5.559253303940608 24.797804033383727
1501.9791901566873 747.0 5.566968540355369 24.81447253341321
1501.9960023376264 747.0 5.5745907749433865 24.831326933344826
1502.0125492409802 747.0 5.582119863682831 24.847996533382684
1502.0288305189304 747.0 5.589555664018484 24.864668433438055
1502.0448458279498 747.0 5.596898034863036 24.88134303339757
1502.0605948288085 747.0 5.604146836598368 24.898018433363177
1502.0760771865803 747.0 5.611301931076808 24.91468903340865
1502.0912925706486 747.0 5.61836318162238 24.93220323335845
1502.106240654712 747.0 5.625330453032033 24.948871833388694
1502.1209211167911 747.0 5.632203611576856 24.968219633447006
1502.1353336392333 747.0 5.6389825250032715 24.984887633356266
1502.1494779087188 747.0 5.645667062534219 25.0015570333926
1502.1633536162672 747.0 5.65225709487032 25.018235033378005
1502.1769604572419 747.0 5.658752494191029 25.034910333459266
1502.1902981313565 747.0 5.665153134155768 25.051586433430202
1502.20336634268 747.0 5.671458889905047 25.068257433362305
1502.2161647996427 747.0 5.677669638061566 25.08516413345933
1502.2286932150403 747.0 5.683785256731309 25.101843033451587
1502.2409513060409 747.0 5.6898056255046185 25.118519933428615
1502.2529387941895 747.0 5.695730625457252 25.135194633388892
1502.2646554054127 747.0 5.701560139151436 25.152038833359256
1502.2761008700247 747.0 5.707294050636892 25.168874733382836
1502.2872749227322 747.0 5.712932245451859 25.185585333383642
1502.2981773026386 747.0 5.718474610624097 25.202262633363716
1502.30880775325 747.0 5.723921034671878 25.218935833428986
1502.3191660224793 747.0 5.729271407604963 25.235611233394593
1502.3292518626517 747.0 5.734525620925568 25.252286933362484
1502.3390650305091 747.0 5.739683567629316 25.268960933433846
1502.3486052872145 747.0 5.74474514220617 25.285630933358334
1502.3578723983567 747.0 5.749710240641365 25.302298533380963
1502.3668661339557 747.0 5.754578760416315 25.318994533387013
1502.3755862684661 747.0 5.759350600509518 25.335668733343482
1502.384032580782 747.0 5.764025661397439 25.352339433389716
1502.3922048542415 747.0 5.76860384505539 25.369009633432142
1502.4001028766306 747.0 5.77308505495839 25.3856802333612
1502.407726440188 747.0 5.777469196082019 25.402355333440937
1502.4150753416086 747.0 5.781756174903256 25.419027233379893
1502.4221493820482 747.0 5.785945899401309 25.43569893343374
1502.428948367127 747.0 5.790038279058429 25.452368633355945
1502.4354721069344 747.0 5.794033224860717 25.469045133446343
1502.4417204160316 747.0 5.79793064929892 25.48572333343327
1502.4476931134568 747.0 5.801730466369211 25.502592233358882
1502.4533900227284 747.0 5.805432591573961 25.51926123339217
1502.4588109718484 747.0 5.809036941922504 25.53593873337377
1502.4639557933065 747.0 5.812543435931884 25.55260643339716
1502.4688243240837 747.0 5.815951993627598 25.56928133335896
1502.4734164056556 747.0 5.819262536544324 25.585975733352825
1502.477731883996 747.0 5.8224749877266415 25.603245433419943
1502.48177060958 747.0 5.825589271729743 25.619940833421424
1502.485532437388 747.0 5.828605314620129 25.636609233450145
1502.489017226908 747.0 5.831523043976302 25.65328603342641
1502.4922248421396 747.0 5.834342388889447 25.66995683335699
1502.4951551515971 747.0 5.837063279964098 25.68662843341008
1502.497808028312 747.0 5.839685649318801 25.703304533381015
1502.5001833498363 747.0 5.842209430586768 25.71997813344933
