1499.9998812569468 746.9999948892754 5.0 0.07455350016243756
1499.9995250544032 746.9999794035759 5.0 0.279849533457309
1499.998931431126 746.9999531023294 5.0 0.31301513337530196
1499.9981004243723 746.9999155637712 5.0 0.32968313340097666
1499.9970320699695 746.9998663841424 5.0 0.34636033326387405
1499.9957264023822 746.9998051769213 5.0 0.36303723347373307
1499.9941834547772 746.9997315720886 5.0 0.3797073333989829
1499.992403259084 746.9996452154234 5.0 0.3967084332834929
1499.9903858460548 746.999545767829 5.0 0.41380523331463337
1499.98813124532 746.9994329046885 5.0 0.43048193329013884
1499.9856394854419 746.9993063152472 5.0 0.4471571333706379
1499.982910593968 746.9991657020206 5.0 0.46382423327304423
1499.9799445974786 746.9990107802296 5.0 0.480495733441785
1499.9767415216354 746.998841277258 5.0 0.49717023340053856
1499.973301391226 746.9986569321342 5.0 0.513838833430782
1499.9696242302077 746.9984574950345 5.0 0.5305057333316654
1499.9657100617494 746.9982427268079 5.0 0.54717823327519
1499.9615589082707 746.9980123985212 5.0 0.5638495334424078
1499.9571707914802 746.9977662910228 5.0 0.5805238333996385
1499.9525457324119 746.9975041945266 5.0 0.5979694332927465
1499.9476837514605 746.9972259082123 5.0 0.6146399334538728
1499.9425848684145 746.9969312398429 5.0 0.6313103332649916
1499.9372491024878 746.9966200053996 5.0 0.6479785332921892
1499.931676472351 746.9962920287309 5.0 0.6646502334624529
1499.9258669961603 746.9959471412177 5.0 0.6813236332964152
1499.9198206915853 746.9955851814522 5.0 0.697999733267352
1499.9135375758367 746.9952059949305 5.0 0.714674933347851
1499.9070176656912 746.9948094337589 5.0 0.7313422334846109
1499.9002609775166 746.9943953563715 5.0 0.7480107333976775
1499.8932675272952 746.9939636272613 5.0 0.764683433342725
1499.8860373306459 746.993514116722 5.0 0.7813503334764391
1499.8785704028464 746.9930467006008 5.0 0.7985780334565789
1499.870866758854 746.9925612600615 5.0 0.8152456334792078
1499.8629264133247 746.9920576813591 5.0 0.8320770333521068
1499.8547493806325 746.9915358556221 5.0 0.8487484334036708
1499.8463356748878 746.9909956786455 5.0 0.865417733322829
1499.8376853099542 746.9904370506918 5.0 0.8843780334573239
1499.8287982994655 746.989859876301 5.0 0.9010476332623512
1499.8196746568417 746.9892640641089 5.0 0.917727233376354
1499.810314395304 746.9886495266719 5.0 0.9344239332713187
1499.800717527889 746.9880161803014 5.0 0.951114333467558
1499.7908840674634 746.987363944903 5.0 0.9677909333258867
1499.780814026737 746.986692743824 5.0 0.9845120334066451
1499.7705074182757 746.9860025037075 5.0 1.0011788334231824
1499.759964254513 746.9852931543512 5.0 1.0178503333590925
1499.749184547763 746.9845646285743 5.0 1.034551433287561
1499.73816831023 746.9838168620885 5.0 1.0512273332569748
1499.726915554021 746.9830497933751 5.0 1.0681770334485918
1499.7154262911542 746.9822633635677 5.0 1.0848477333784103
1499.7037005335706 746.9814575163389 5.0 1.1015184333082289
1499.691738293142 746.980632197793 5.0 1.1181863334495574
1499.6795395816805 746.9797873563626 5.0 1.1353537333197892
1499.6671044109473 746.9789229427096 5.0 1.1520245333667845
1499.654432792661 746.9780389096304 5.0 1.1801628333050758
1499.6415247385053 746.977135211966 5.0 1.1970726333092898
1499.6283802601363 746.9762118065146 5.0 1.213747633388266
1499.6149993691904 746.9752686519489 5.0 1.2304249333683401
1499.6013820772907 746.9743057087364 5.0 1.2470974333118647
1499.5875283960538 746.9733229390637 5.0 1.2637748334091157
1499.5734383370961 746.9723203067631 5.0 1.2804719333071262
1499.5591119120404 746.9712977772435 5.0 1.2976480333600193
1499.5445491325206 746.9702553174232 5.0 1.314324133330956
1499.5297500101883 746.9691928956661 5.0 1.3314631334505975
1499.5147145567175 746.9681104817206 5.0 1.348136133281514
1499.4994427838103 746.967008046661 5.0 1.3648084334563464
1499.4839347032014 746.9658855628314 5.0 1.3814763333648443
1499.4681903266626 746.9647430037923 5.0 1.3981451333966106
1499.4522096660073 746.9635803442684 5.0 1.4148124333005399
1499.4359927330956 746.9623975601006 5.0 1.431485133478418
1499.4195395398374 746.9611946281981 5.0 1.448163133347407
1499.4028500981963 746.9599715264934 5.0 1.464834333397448
1499.3859244201942 746.9587282338994 5.0 1.4817517334595323
1499.3687625179145 746.9574647302677 5.0 1.498597733443603
1499.3513644035052 746.9561809963498 5.0 1.5152741333004087
1499.3337300891824 746.9548770137583 5.0 1.5319484332576394
1499.3158595872335 746.9535527649313 5.0 1.5486200333107263
1499.2977529100203 746.9522082330975 5.0 1.5652951332740486
1499.2794100699819 746.950843402243 5.0 1.5819638334214687
1499.2608310796368 746.9494582570793 5.0 1.5986370332539082
1499.2420159515866 746.9480527830134 5.0 1.6154047334566712
1499.222964698518 746.946626966118 5.0 1.632077333284542
1499.2036773332047 746.945180793104 5.0 1.649010733468458
1499.1841538685107 746.9437142512937 5.0 1.6662124334834516
1499.1643943173917 746.9422273285954 5.0 1.6828860333189368
1499.1443986928978 746.9407200134785 5.0 1.6995554333552718
1499.1241670081747 746.9391922949504 5.0 1.7162313333246857
1499.103699276467 746.9376441625341 5.0 1.7331879334524274
1499.0829955111187 746.9360756062463 5.0 1.7498633333016187
1499.0620557255754 746.9344866165776 5.0 1.7665578334126621
1499.0408799333863 746.9328771844721 5.0 1.783234033267945
1499.0194681482058 746.9312473013089 5.0 1.8000428334344178
1498.9978203837945 746.9295969588841 5.0 1.8168185334652662
1498.9759366540213 746.9279261493932 5.0 1.8334873332642019
1498.9538169728642 746.926234865415 5.0 1.8501546334009618
1498.9314613544122 746.9245230998956 5.0 1.8668248334433883
1498.908869812867 746.9227908461331 5.0 1.8834997334051877
1498.8860423625422 746.9210380977634 5.0 1.9001734333578497
1498.8629790178672 746.9192648487458 5.0 1.916848733322695
1498.8396797933867 746.9174710933505 5.0 1.9341966332867742
1498.816144703762 746.9156568261452 5.0 1.9508757332805544
1498.7923737637718 746.9138220419832 5.0 1.9675501333549619
1498.7683669883145 746.9119667359915 5.0 1.984239233424887
1498.7441243924072 746.9100909035602 5.0 2.0009143333882093
1498.719645991188 746.9081945403311 5.0 2.0175869334489107
1498.6949317999163 746.9062776421881 5.0 2.034260533284396
1498.6699818339741 746.9043402052469 5.0 2.050931333331391
1498.644796108866 746.9023822258458 5.0 2.067635133396834
1498.619374640221 746.900403700537 5.0 2.0843062333296984
1498.5937174437918 746.8984046260776 5.0 2.1009812334086746
1498.5678245354568 746.8963849994217 5.0 2.11765173333697
1498.5416959312201 746.8943448177121 5.0 2.134365733480081
1498.5153316472124 746.8922840782732 5.0 2.1514627332799137
1498.4887316996915 746.8902027786037 5.0 2.1682355334050953
1498.4618961050423 746.8881009163694 5.0 2.184916333295405
1498.4348248797787 746.885978489397 5.0 2.201593833277002
1498.4075180405425 746.8838354956673 5.0 2.2182624333072454
1498.379975604105 746.8816719333097 5.0 2.2349312333390117
1498.3521975873675 746.8794878005958 5.0 2.251600333256647
1498.3241840073606 746.8772830959343 5.0 2.2682907334528863
1498.295934881246 746.8750578178656 5.0 2.2849629332777113
1498.2674502263162 746.8728119650564 5.0 2.302530233282596
1498.2387300599949 746.870545536295 5.0 2.3195355334319174
1498.2097743998374 746.8682585304871 5.0 2.3362511333543807
1498.1805832635312 746.8659509466504 5.0 2.3530726332683116
1498.151156668896 746.8636227839112 5.0 2.369740833295509
1498.1214946338844 746.8612740414997 5.0 2.3864095334429294
1498.0915971765814 746.8589047187464 5.0 2.4030792333651334
1498.0614643152062 746.8565148150784 5.0 2.4197500334121287
1498.0310960681106 746.8541043300155 5.0 2.436421333346516
1498.0004924537805 746.8516732631671 5.0 2.453088733367622
1497.969653490836 746.8492216142284 5.0 2.4697651334572583
1497.9385791980312 746.846749382978 5.0 2.4868809334002435
1497.9072695942548 746.8442565692742 5.0 2.5035506333224475
1497.8757246985301 746.8417431730525 5.0 2.520376933272928
1497.8439445300153 746.8392091943226 5.0 2.5370511333458126
1497.8119291080036 746.8366546331661 5.0 2.5537205333821476
1497.7796784519237 746.8340794897333 5.0 2.5703888332936913
1497.7471925813393 746.8314837642417 5.0 2.5870634333696216
1497.71447151595 746.8288674569728 5.0 2.603736033430323
1497.681515275591 746.8262305682705 5.0 2.6204071333631873
1497.6483238802332 746.8235730985385 5.0 2.637412933399901
1497.6148973499835 746.8208950482386 5.0 2.654704633401707
1497.5812357050852 746.8181964178887 5.0 2.6713715333025903
1497.5473389659173 746.8154772080605 5.0 2.6880725333467126
1497.5132071529956 746.8127374193787 5.0 2.704763133311644
1497.4788402869722 746.809977052518 5.0 2.7214400332886726
1497.4442383886353 746.8071961082026 5.0 2.738110533449799
1497.4094014789105 746.8043945872038 5.0 2.754983733408153
1497.3743295788593 746.801572490339 5.0 2.7716723333578557
1497.3390227096802 746.7987298184703 5.0 2.7883483334444463
1497.3034808927089 746.7958665725024 5.0 2.8052072334103286
1497.2677041494173 746.7929827533823 5.0 2.821882333373651
1497.231692501415 746.7900783620972 5.0 2.8385559334419668
1497.195445970448 746.7871533996739 5.0 2.8556466333102435
1497.1589645783997 746.7842078671772 5.0 2.872385833412409
1497.1222483472905 746.781241765709 5.0 2.889058933360502
1497.085297299278 746.7782550964071 5.0 2.9057331334333867
1497.0481114566567 746.7752478604444 5.0 2.9224034333601594
1497.0106908418586 746.7722200590279 5.0 2.9390771333128214
1496.9730354774529 746.7691716933973 5.0 2.9561459333635867
1496.9351453861457 746.766102764825 5.0 2.9728199334349483
1496.8970205907808 746.7630132746142 5.0 2.989492533262819
1496.8586611143394 746.759903224099 5.0 3.0063345334492624
1496.8200669799394 746.7567726146431 5.0 3.0230044333729893
