1499.9998808064922 747.0 5.000017416492178 0.07737439998891205
1499.9995232526094 747.0 5.000070853406336 0.29252323345281184
1499.998927370365 747.0 5.000162045356794 0.3348144334740937
1499.9980931889274 747.0 5.00029266673647 0.35148563340771943
1499.9970207345814 747.0 5.000464333848413 0.36815693345852196
1499.9957100306901 747.0 5.000678606963538 0.3848360334523022
1499.9941610976591 747.0 5.000936992307117 0.4015178334666416
1499.9923739529017 747.0 5.00124094397649 0.41819243342615664
1499.990348610805 747.0 5.001591865792386 0.4348644334822893
1499.988085082698 747.0 5.001991113086146 0.45153233339078724
1499.9855833768192 747.0 5.002439994425084 0.4682033334393054
1499.9828434982871 747.0 5.0029397732781105 0.4848702334566042
1499.979865449071 747.0 5.003491669623701 0.5015870333882049
1499.976649227962 747.0 5.004096861502204 0.518256233423017
1499.9731948305468 747.0 5.004756486514415 0.5351686334470287
1499.9695022491808 747.0 5.005471643268274 0.5518435334088281
1499.9655714729622 747.0 5.006243392775494 0.5685134334489703
1499.9614024877085 747.0 5.007072759799845 0.5851885334122926
1499.956995275932 747.0 5.007960734158769 0.601861133472994
1499.9523498168176 747.0 5.008908271979946 0.6185287333792076
1499.9474660861995 747.0 5.00991629691437 0.6351969334064052
1499.942344056541 747.0 5.010985701307437 0.6518723334884271
1499.9369836969138 747.0 5.012117347329504 0.6685445334296674
1499.9313849729767 747.0 5.01331206806732 0.6852159334812313
1499.925547846958 747.0 5.014570668577683 0.7018867334118113
1499.9194722776351 747.0 5.0158939269046305 0.7185573334572837
1499.9131582203186 747.0 5.017282595061433 0.735232433420606
1499.9066056268327 747.0 5.018737399978593 0.7519071333808824
1499.8998144454995 747.0 5.020259044419048 0.7685801334446296
1499.8927846211225 747.0 5.021848207861695 0.7852517333813012
1499.8855160949706 747.0 5.023505547354341 0.8019235334359109
1499.878008804763 747.0 5.025231698337135 0.8186389334732667
1499.8702626846543 747.0 5.0270272754375105 0.8353521333774552
1499.86227766522 747.0 5.028892873237614 0.8520489333895966
1499.8540536734426 747.0 5.030829067015177 0.8687169334152713
1499.8455906326988 747.0 5.032836413458758 0.8853920333785936
1499.8368884627453 747.0 5.034915451358224 0.9021048333961517
1499.827947079707 747.0 5.03706670227135 0.9197037334088236
1499.8187663960648 747.0 5.0392906711673415 0.9363728334428743
1499.8093463206433 747.0 5.041587847048103 0.9530424334807321
1499.7996867585994 747.0 5.043958703547996 0.9697239333763719
1499.789787611411 747.0 5.046403699512856 0.9864327334798872
1499.779648776866 747.0 5.04892327955897 1.0031208334257826
1499.7692701490525 747.0 5.05151787461271 1.0197947333799675
1499.7586516183478 747.0 5.054187902431502 1.036465133423917
1499.7477930714085 747.0 5.056933768106769 1.0531357334693894
1499.736694391161 747.0 5.05975586454947 1.0698208333924413
1499.7253554567924 747.0 5.0626545729588415 1.0864909334341064
1499.71377614374 747.0 5.065630263274922 1.1031992334173992
1499.7019563236843 747.0 5.068683294615425 1.119869233458303
1499.6898958645384 747.0 5.07181401569749 1.1365451334277168
1499.6775946304408 747.0 5.075022765244849 1.1534470334881917
1499.665052481747 747.0 5.07830987238091 1.1703089334769174
1499.6522692750202 747.0 5.081675657008232 1.1871668334351853
1499.6392448630256 747.0 5.0851204301748885 1.2038958334596828
1499.6259790947204 747.0 5.08864449442814 1.220620333449915
1499.6124718152478 747.0 5.0922481441558896 1.2380973334657028
1499.5987228659292 747.0 5.095931665916319 1.2548366334522143
1499.5847320842568 747.0 5.099695338756122 1.2716611333889887
1499.5704993038867 747.0 5.10353943451774 1.288361033424735
1499.5560243546324 747.0 5.1074642181359575 1.3050483334809542
1499.5413070624577 747.0 5.111469947924259 1.3217999334447086
1499.5263472494696 747.0 5.115556875851261 1.3390987333841622
1499.5111447339125 747.0 5.1197252478076045 1.355769433430396
1499.4956993301619 747.0 5.123975303863607 1.3724897333886474
1499.4800108487175 747.0 5.128307278518006 1.3891587334219366
1499.4640790961973 747.0 5.132721400938108 1.4058300334727392
1499.4479038753323 747.0 5.137217895191626 1.4225178334163502
1499.4314849849588 747.0 5.141796980470511 1.439185633440502
1499.4148222200142 747.0 5.146458871307036 1.4558740333886817
1499.3979153715306 747.0 5.151203777782418 1.4725494334707037
1499.380764226629 747.0 5.156031905728224 1.5000185334356502
1499.3633685685136 747.0 5.160943456920817 1.5166873334674165
1499.3457281764665 747.0 5.1659386292690845 1.5333593334071338
1499.327842825842 747.0 5.171017616995671 1.5500316334655508
1499.3097122880613 747.0 5.176180610811959 1.5667057334212586
1499.291336330607 747.0 5.181427798086991 1.5833876334363595
1499.2727147170178 747.0 5.1867593630105695 1.600056933471933
1499.2538472068836 747.0 5.192175486750708 1.6169630334479734
