1499.9998812616384 746.9999948890764 5.000012588059273 0.0890720000024885
1499.9995250884588 746.9999794038929 5.0000509146152785 0.2954552333249012
1499.9989315395044 746.9999531063261 5.000115817693571 0.33862643332395237
1499.9981006708701 746.9999155768145 5.000208127988487 0.3552949333243305
1499.997032535737 746.9998664135456 5.00032866893171 0.37196793332987
1499.9957271844028 746.9998052316774 5.000478256760655 0.3886405333323637
1499.994184664311 746.9997316625919 5.000657700586687 0.40531303333409596
1499.9924050200766 746.9996453531802 5.0008678024631275 0.4219854333350668
1499.990388293511 746.9995459651572 5.001109357453064 0.43865343333163764
1499.9881345236422 746.9994331744043 5.001383153696939 0.4553315333323553
1499.9856437467358 746.9993066703406 5.001689972479912 0.4720127333275741
1499.9829159963126 746.9991661553188 5.002030588298982 0.4887868333316874
1499.9799513031633 746.9990113440471 5.002405768929867 0.5054670333338436
1499.9767496953634 746.9988419630349 5.002816275493625 0.5221357333357446
1499.9733111982857 746.9986577500614 5.003262862523019 0.5388059333345154
1499.9696358346102 746.9984584536661 5.0037462780286 0.5556035333283944
1499.9657236243334 746.9982438326605 5.004267263564525 0.5722752333240351
1499.9615745847761 746.9980136556597 5.004826554294086 0.5889515333255986
1499.9571887305901 746.9977677006341 5.0054248790549405 0.6056191333336756
1499.9525660737618 746.9975057544784 5.006062960424061 0.6222928333299933
1499.9477066236168 746.9972276125995 5.006741514782371 0.638966533326311
1499.9426103868223 746.9969330785207 5.007461252379079 0.6556350333266892
1499.9372773673879 746.9966219635018 5.0082228773956965 0.6723057333292672
1499.931707566666 746.996294086176 5.009027088009749 0.688978133330238
1499.9259009833513 746.9959492722007 5.009874576458156 0.7064077333343448
1499.9198576134781 746.9955873539226 5.010766029100292 0.7231755333341425
1499.9135774504186 746.995208170057 5.011702126480722 0.7420106333302101
1499.9070604848785 746.99481156538 5.012683543391602 0.7586797333351569
1499.9003067048925 746.9943973904329 5.0137109489347464 0.775353733333759
1499.89331609582 746.9939655012391 5.014785006583362 0.7920273333293153
1499.886088640338 746.9935157590322 5.015906374243438 0.8087383333331672
1499.8786243184345 746.9930480299952 5.017075704314799 0.8254198333306704
1499.8709231074022 746.9925621850103 5.018293643751809 0.8422608333348762
1499.862984981829 746.9920580994191 5.019560834123738 0.8589354333234951
1499.8548099135903 746.9915356527914 5.020877911674774 0.8756037333223503
1499.8463978718398 746.9909947287051 5.02224550738369 0.8922798333223909
1499.8377488229996 746.990435214533 5.0236642470231585 0.909628633322427
1499.8288627307497 746.9898570012397 5.025134751218722 0.9263053333270364
1499.8197395560178 746.9892599831854 5.026657635507403 0.9429798333294457
1499.8103792569682 746.9886440579388 5.0282335103959666 0.9596547333349008
1499.8007817889898 746.9880091260962 5.029862981418828 0.9763245333306259
1499.7909471046846 746.9873550911088 5.031546649195605 0.9929921333241509
1499.7808751538555 746.9866818591162 5.033285109488323 1.0096599333337508
1499.7705658834927 746.9859893387865 5.035078953258253 1.0268215333344415
1499.7600192377622 746.9852774411631 5.03692876672241 1.0434886333241593
1499.7492351579913 746.9845460795176 5.038835131409683 1.060158133332152
1499.7382135826556 746.9837951692076 5.040798624216623 1.0768585333280498
1499.7269544473654 746.9830246275411 5.042819817462866 1.0935275333322352
1499.7154576848511 746.9822343736454 5.04489927894621 1.1101995333301602
1499.703723224949 746.9814243283416 5.047037571997334 1.1269925333326682
1499.6917509945877 746.9805944140239 5.049235255534168 1.1436681333289016
1499.6795409177716 746.9797445545429 5.051492884115906 1.160338233326911
1499.6670929155682 746.9788746750945 5.053811007996671 1.1773895333317341
1499.6544069060915 746.977984702112 5.0561901731788295 1.194063933333382
1499.6414828044872 746.9770745631631 5.058630921465951 1.2108371333306422
1499.6283205229176 746.9761441868502 5.061133790515425 1.2275084333232371
1499.6149199705465 746.9751935027149 5.0636993138907265 1.244175333325984
1499.6012810535224 746.9742224411457 5.066328021113334 1.2608477333269548
1499.5874036749642 746.9732309332898 5.0690204377143 1.2775145333289402
1499.5732877349446 746.9722189109673 5.071777085285486 1.294189133332111
1499.5589331304745 746.9711863065893 5.074598481530439 1.3108635333337588
1499.5443397554873 746.9701330530788 5.077485140314936 1.3284139333263738
1499.529507500822 746.9690590837944 5.080437571717188 1.345084633328952
1499.5144362542092 746.9679643324566 5.083456282077698 1.3617534333316144
1499.4991259002522 746.9668487330775 5.086541774048785 1.378427333329455
1499.4835763204135 746.9657122198922 5.089694546643769 1.3954044333222555
1499.4677873929966 746.9645547272929 5.092915095285826 1.4124830333312275
1499.4517589931315 746.9633761897658 5.096203911856499 1.4297279333259212
1499.4354909927572 746.9621765418295 5.099561484743887 1.4464009333314607
1499.4189832606064 746.9609557179765 5.102988298890499 1.4631392333249096
1499.4022356621883 746.9597136526152 5.1064848358407735 1.4968761333293514
1499.3852480597736 746.9584502800157 5.110051573788285 1.5135518333263462
1499.3680203123774 746.9571655342561 5.113688987622607 1.5302199333236786
1499.3505522757432 746.9558593491716 5.117397548975864 1.5475268333248096
1499.3328438023268 746.9545316583045 5.121177726268958 1.5642779333284125
1499.31489474128 746.953182394856 5.12502998475747 1.5810053333261749
1499.296704938435 746.9518114916401 5.1289547865772445 1.59767583332723
1499.2782742362867 746.9504188810389 5.132952590789662 1.6143449333321769
1499.259602473979 746.9490044949587 5.137023853426592 1.6310135333333164
1499.2406894872868 746.947568264788 5.141169027535027 1.6476826333237113
1499.2215351086008 746.9461101213569 5.14538856322142 1.6643794333358528
1499.2021391669116 746.9446299948978 5.149682907695693 1.681329333325266
1499.1825014877932 746.9431278150067 5.154052505314954 1.6980189333262388
1499.1626218933877 746.9416035106065 5.158497797626898 1.7148388333298499
1499.142500202389 746.9400570099106 5.163019223412908 1.7315082333225291
1499.122136230028 746.9384882403887 5.167617218730851 1.7482532333233394
1499.101529788055 746.9368971287321 5.172292216957578 1.7649222333275247
1499.0806806847258 746.9352836008213 5.177044648831118 1.781963633329724
1499.059588724786 746.933647581694 5.181874942492583 1.7986641333263833
1499.0382537094538 746.9319889955137 5.186783523527775 1.8153320333221927
1499.0166754364066 746.93030776554 5.191770815008497 1.8320008333248552
1498.994853699764 746.9286038140983 5.196837237533579 1.8486675333260791
1498.9727882900731 746.9268770625522 5.201983209269611 1.865708633325994
1498.9504789942937 746.9251274312749 5.20720914599139 1.8823857333336491
1498.9279255957817 746.9233548396221 5.212515461122083 1.8993694333330495
1498.9051278742756 746.921559205906 5.2179025657731035 1.9160445333254756
1498.88208560588 746.9197404473688 5.22337086878371 1.932775033332291
1498.8587985630518 746.9178984801576 5.228920776760324 1.9494458333356306
1498.8352665145837 746.9160332193004 5.23455269411557 1.9662410333257867
1498.8114892255915 746.914144578681 5.240267023107043 1.9829154333274346
1498.7874664574972 746.9122324710162 5.246064163875794 1.9995907333359355
1498.7631979680154 746.9102968078325 5.251944514484558 2.016262133329292
1498.7386835111388 746.9083374994437 5.257908470955697 2.033012633328326
1498.7139228371227 746.9063544549288 5.263956427308887 2.049687733335304
1498.6889156924717 746.9043475821101 5.270088775598532 2.0663673333328916
1498.6636618199243 746.9023167875323 5.276305905950918 2.0838670333323535
1498.638160958439 746.9002619764419 5.282608206601101 2.1006404333311366
1498.6124128431798 746.8981830527663 5.2889960639295435 2.117430833328399
1498.5864172055026 746.896079919094 5.2954698624984795 2.1341018333332613
1498.5601737729405 746.8939524766548 5.302029985088036 2.150769533327548
1498.53368226919 746.8918006253008 5.308676812732092 2.167440733333933
1498.506942414097 746.8896242634868 5.315410724753887 2.1841147333325353
1498.479953923643 746.8874232882519 5.3222320988013845 2.2007856333220843
1498.4527165099312 746.8851975952009 5.329141310882376 2.217461733322125
1498.425229881173 746.8829470784863 5.336138735399347 2.2341349333291873
1498.397493741674 746.8806716307897 5.343224745184096 2.251084933333914
1498.3695077918205 746.8783711433051 5.350399711532109 2.2679168333270354
1498.3412717280669 746.8760455057206 5.3576640042366925 2.284592433323269
1498.3127852429207 746.8736946062013 5.365017991622869 2.3012692333286395
1498.2840480249304 746.8713183313723 5.372462040581034 2.3183828333276324
1498.2550597586721 746.868916566302 5.379996516600379 2.335053233327926
1498.225820124736 746.866489194485 5.387621783802077 2.35172433333355
1498.196328799713 746.8640360978256 5.395338204972239 2.3694286333338823
1498.1665854561827 746.861557156622 5.403146141594642 2.3861052333231783
1498.1365897626995 746.8590522495491 5.4110459538832245 2.4027814333239803
1498.10634138378 746.8565212536431 5.419038000814355 2.419453333335696
1498.0758399798908 746.8539640442854 5.427122640158884 2.4363743333233288
