1500.0 747.0 10.0 0.18442495900035283
1499.999526808716 746.999958601127 10.0 0.2841698750003161
1499.9985806616053 746.9998744696743 10.0 0.3190362503337383
1499.9971617870099 746.9997463155713 10.0 0.3413542083339962
1499.995270406405 746.9995728909596 10.0 0.3665299583340129
1499.992906734643 746.9993529888155 10.0 0.39983254233402477
1499.9900709801855 746.9990854416183 10.0 0.4165708333339353
1499.986763345332 746.9987691200611 10.0 0.44988170833403274
1499.982984026438 746.9984029318047 10.0 0.46657433333393783
1499.978733214127 746.9979858202719 10.0 0.48327712533409795
1499.9740110934956 746.997516763481 10.0 0.5165557923337474
1499.9688178443118 746.9969947729179 10.0 0.5332359583339894
1499.9631536412073 746.9964188924445 10.0 0.5665895423339862
1499.9570186538626 746.9957881972434 10.0 0.5998701253338368
1499.950413047187 746.9951017927971 10.0 0.6165601253337627
1499.943336981492 746.9943588138995 10.0 0.6498922083337675
1499.9357906126588 746.9935584237015 10.0 0.6665590003340185
1499.9277740923021 746.9926998127863 10.0 0.6998728333337567
1499.919287567926 746.9917821982757 10.0 0.7165539583338614
1499.9103311830768 746.9908048229653 10.0 0.7498726673338751
1499.90090507749 746.9897669544882 10.0 0.7665565003339907
1499.8910093872323 746.9886678845062 10.0 0.799923958333693
1499.8806442448392 746.9875069279265 10.0 0.8332155833340948
1499.8698097794486 746.9862834221453 10.0 0.8499032923336927
1499.858506116929 746.9849967263157 10.0 0.8832374173339304
1499.8467333800047 746.9836462206387 10.0 0.9170027083337118
1499.8344916883757 746.9822313056786 10.0 0.9498548753340401
1499.8217811588343 746.9807514017002 10.0 0.9671395833338465
1499.8086019053783 746.9792059480276 10.0 0.9865435423339477
1499.79495403932 746.977594402424 10.0 1.0170220003337818
1499.7808376693906 746.9759162404921 10.0 1.033811083334058
1499.7662529018442 746.9741709550938 10.0 1.0505545423338845
1499.7511998405544 746.9723580557888 10.0 1.0838450003338949
1499.7356785871114 746.9704770682921 10.0 1.1005438753340968
1499.719689240913 746.9685275339482 10.0 1.1332533753338794
1499.7032318992558 746.9665090092238 10.0 1.1504844583337217
1499.6863066574192 746.9644210652162 10.0 1.1838196253338538
1499.6689136087507 746.9622632871778 10.0 1.2171319583339937
1499.6510528447463 746.9600352740565 10.0 1.2338089583340661
1499.6327244551287 746.957736638051 10.0 1.2504841673339797
1499.6139285279223 746.9553670041805 10.0 1.2830750003340654
1499.5946651495274 746.952926009869 10.0 1.300262833333818
1499.5749344047904 746.9504133045419 10.0 1.317119750333859
1499.554736377072 746.9478285492378 10.0 1.3338033753339005
1499.534071148314 746.9451714162307 10.0 1.350474500333803
1499.512938799103 746.9424415886667 10.0 1.3671433753338533
1499.491339408732 746.9396387602111 10.0 1.400453083334014
1499.4692730552613 746.9367626347074 10.0 1.4331610833337436
1499.4467398155753 746.933812925848 10.0 1.4504805423339349
1499.4237397654392 746.9307893568549 10.0 1.467154250333806
1499.400272979553 746.9276916601714 10.0 1.4838260423339307
1499.3763395316041 746.9245195771634 10.0 1.517141167333648
1499.3519394943178 746.9212728578311 10.0 1.5338243753340066
1499.3270729395065 746.9179512605294 10.0 1.56714783333382
1499.301739938117 746.9145545516982 10.0 1.5838171673340184
1499.2759405602762 746.9110825056006 10.0 1.616513417333863
1499.2496748753365 746.9075349040705 10.0 1.6338146673338088
1499.222942951917 746.9039115362683 10.0 1.6512127083337873
1499.1957448579467 746.900212198444 10.0 1.68387791733403
1499.1680806607033 746.8964366937088 10.0 1.7211162083340241
1499.139950426853 746.8925848318135 10.0 1.7505817083338115
1499.1113542224873 746.8886564289347 10.0 1.7838190423340166
1499.0822921131603 746.884651307468 10.0 1.8005197503339332
1499.0527641639226 746.8805692958271 10.0 1.8338090423339963
1499.022770439356 746.8764102282506 10.0 1.8504880423338363
1498.9923110036063 746.8721739446146 10.0 1.8838169583336821
1498.9613859204153 746.8678602902511 10.0 1.900495208333723
1498.9299952531508 746.863469115773 10.0 1.9171791253338597
1498.8981390648366 746.8590002769043 10.0 1.950527583333951
1498.865817418182 746.8544536343163 10.0 1.983811792333654
1498.833030375608 746.8498290534685 10.0 2.000874250333709
1498.7997779992759 746.8451264044555 10.0 2.0339871673340895
1498.7660603511122 746.8403455618583 10.0 2.0671160833339854
1498.7318774928342 746.8354864046006 10.0 2.0838448753338525
1498.6972294859738 746.8305488158102 10.0 2.100523792333661
1498.6621163919015 746.8255326826842 10.0 2.133783917333858
1498.6265382718489 746.8204378963594 10.0 2.166477833333829
1498.5904951869306 746.8152643517863 10.0 2.1838094583340535
1498.5539871981657 746.8100119476073 10.0 2.200476917334072
1498.5170143664982 746.8046805860397 10.0 2.2171473753337523
1498.4795767528165 746.799270172761 10.0 2.250480917333789
1498.4416744179732 746.7937806167994 10.0 2.2837074583339927
1498.4033074228037 746.7882118304273 10.0 2.3004125833340368
1498.3644758281432 746.782563729058 10.0 2.33370345833373
1498.325179694845 746.7768362311463 10.0 2.366559625334048
1498.2854190837973 746.7710292580919 10.0 2.383686917333762
1498.2451940559383 746.7651427341464 10.0 2.416522125333813
1498.2045046722735 746.7591765863228 10.0 2.4331927083339906
1498.1633509938895 746.7531307443089 10.0 2.449876667333683
1498.1217330819695 746.7470051403819 10.0 2.483313958333838
1498.0796509978068 746.7407997093277 10.0 2.516676083334005
1498.0371048028192 746.7345143883615 10.0 2.5500493333338454
1497.9940945585615 746.7281491170514 10.0 2.583319417333769
1497.9506203267392 746.7217038372447 10.0 2.6166858333340315
1497.90668216922 746.7151784929963 10.0 2.6500078333338024
1497.8622801480458 746.7085730304997 10.0 2.6833162503339736
1497.8174143254448 746.7018873980198 10.0 2.7166081253340053
1497.7720847638425 746.6951215458288 10.0 2.7499935423338684
1497.7262915258723 746.6882754261429 10.0 2.7833787083336574
1497.680034674386 746.6813489930624 10.0 2.8167500833337726
1497.6333142724636 746.6743422025129 10.0 2.850082500333883
1497.5861303834238 746.6672550121885 10.0 2.8833377083337837
1497.5384830708326 746.6600873814973 10.0 2.916634125333985
1497.4903723985126 746.6528392715082 10.0 2.9499652923336726
1497.4417984305521 746.6455106448998 10.0 2.9832922083337508
1497.3927612313132 746.6381014659106 10.0 3.017169750333778
1497.3432608654402 746.6306117002913 10.0 3.0505057923337517
1497.2932973978675 746.6230413152581 10.0 3.0838056253337527
1497.242870893827 746.6153902794481 10.0 3.117137583333715
1497.1919814188564 746.6076585628757 10.0 3.150635833334036
1497.1406290388045 746.5998461368907 10.0 3.1838053333340213
1497.0888138198397 746.5919529741376 10.0 3.217167958333903
1497.0365358284566 746.5839790485162 10.0 3.250477292333926
1496.9837951314814 746.5759243351439 10.0 3.2837225423340897
1496.9305917960787 746.5677888103187 10.0 3.3170635003339157
1496.8769258897578 746.5595724514835 10.0 3.350528125333767
1496.8227974803779 746.551275237192 10.0 3.3839330003338546
1496.7682066361538 746.5428971470752 10.0 3.4166905423339813
1496.7131534256616 746.5344381618094 10.0 3.4335964173337743
1496.6576379178439 746.5258982630845 10.0 3.455760375333739
1496.601660182014 746.5172774335748 10.0 3.483694792334063
1496.545220287862 746.5085756569091 10.0 3.517107167333961
1496.4883183054583 746.4997929176426 10.0 3.5338216673339957
1496.4309543052586 746.49092920123 10.0 3.550500708333857
1496.373128358109 746.4819844939985 10.0 3.5833881253338404
1496.3148405352483 746.4729587831232 10.0 3.600500083333827
1496.256090908314 746.4638520566015 10.0 3.633813708333946
1496.1968795493453 746.4546643032295 10.0 3.6504990003340936
1496.1372065307867 746.4453955125791 10.0 3.6830536253337414
1496.0770719254917 746.4360456749755 10.0 3.700490458333661
1496.0164758067267 746.4266147814756 10.0 3.733810708333749
1495.9554182481743 746.417102823847 10.0 3.766422042333943
1495.8938993239358 746.407509794548 10.0 3.7838120833339417
1495.8319191085354 746.3978356867076 10.0 3.8161585003340406
1495.7694776769224 746.3880804941072 10.0 3.8338274583338716
1495.7065751044743 746.3782442111614 10.0 3.8671554173338336
1495.6432114669997 746.3683268329012 10.0 3.8838230833339367
1495.5793868407409 746.3583283549564 10.0 3.900499333333755
1495.5151013023765 746.3482487735388 10.0 3.933808167334064
1495.4503549290241 746.3380880854266 10.0 3.9671509583340594
1495.385147798242 746.3278462879488 10.0 4.000473000333841
1495.3194799880328 746.3175233789697 10.0 4.033958333333885
1495.2533515768437 746.3071193568751 10.0 4.066994875333876
1495.1867626435703 746.2966342205577 10.0 4.083726583333828
1495.1197132675582 746.2860679694039 10.0 4.11715841733394
1495.0522035286044 746.2754206032803 10.0 4.14987712533366
1494.9842335069598 746.264692122521 10.0 4.166679833334001
1494.9158032833307 746.2538825279155 10.0 4.183822792334013
1494.8469129388807 746.2429918206968 10.0 4.200494167334
1494.7775625552322 746.2320200025298 10.0 4.233816750333972
1494.707752214468 746.2209670755 10.0 4.2671507503337125
1494.637481999133 746.2098330421028 10.0 4.3004642923338
1494.5667519922354 746.1986179052332 10.0 4.333930542333746
1494.4955622772484 746.1873216681755 10.0 4.367238958333928
1494.4239129381112 746.175944334594 10.0 4.4004732503340165
1494.351804059231 746.1644859085226 10.0 4.417142292333665
1494.279235725483 746.1529463943567 10.0 4.43380929233399
1494.2062080222126 746.141325796844 10.0 4.466513708333878
1494.1327210352363 746.1296241210753 10.0 4.48384920833405
1494.0587748508424 746.1178413724772 10.0 4.516395375334014
1493.9843695557922 746.1059775568036 10.0 4.533829208333827
1493.9095052373214 746.094032680128 10.0 4.566533583333694
1493.8341819831403 746.0820067488357 10.0 4.583822625334051
1493.7583998814353 746.0698997696175 10.0 4.617143917334033
1493.682159020869 746.0577117494612 10.0 4.63382270833381
1493.605459490582 746.0454426956462 10.0 4.66652916733392
1493.528301380193 746.0330926157361 10.0 4.6838122503340855
1493.450684779799 746.0206615175726 10.0 4.716550500334051
1493.3726097799774 746.0081494092695 10.0 4.7338063753340975
1493.2940764717853 745.9955562992063 10.0 4.750482875334001
1493.2150849467605 745.982882196023 10.0 4.783423875333938
1493.1356352969226 745.9701271086138 10.0 4.800484125333696
1493.0557276147726 745.9572910461226 10.0 4.8338644583336645
1492.9753619932944 745.944374017937 10.0 4.867140125333663
1492.8945385259544 745.9313760336836 10.0 4.883814333333703
1492.813257306702 745.918297103223 10.0 4.917039792333981
1492.7315184299712 745.9051372366454 10.0 4.933810708334022
1492.6493219906788 745.8918964442653 10.0 4.96713925033373
1492.5666680842269 745.8785747366177 10.0 5.00046975033365
1492.4835568065018 745.8651721244537 10.0 5.017147542333987
1492.3999882538753 745.851688618736 10.0 5.050474000333907
1492.3159625232038 745.8381242306353 10.0 5.083818125333892
1492.2314797118297 745.8244789715263 10.0 5.117282958333817
1492.1465399175809 745.8107528529837 10.0 5.150483208333753
1492.0611432387711 745.7969458867786 10.0 5.183810292333874
1491.9752897742003 745.7830580848754 10.0 5.200489500333788
1491.8889796231542 745.7690894594278 10.0 5.217158542333891
1491.8022128854054 745.7550400227759 10.0 5.233826042333931
1491.7149896612127 745.7409097874428 10.0 5.2663792923340225
1491.6273100513215 745.7266987661316 10.0 5.2838130833338255
1491.5391741569636 745.7124069717222 10.0 5.300481042334013
1491.4505820798572 745.6980344172688 10.0 5.333812542333817
1491.3615339222079 745.6835811159965 10.0 5.366418875333693
1491.272029786707 745.6690470812993 10.0 5.3838160423338195
1491.1820697765331 745.6544323267366 10.0 5.41714175033394
1491.0916539953512 745.6397368660315 10.0 5.450340208333728
1491.0007825473128 745.6249607130678 10.0 5.467029458333855
1490.9094555370561 745.6101038818878 10.0 5.500438625334027
1490.8176730697055 745.5951663866897 10.0 5.517152083333713
1490.7254352508717 745.5801482418258 10.0 5.550469833333864
1490.6327421866517 745.5650494618001 10.0 5.583079667334005
1490.539593983629 745.549870061266 10.0 5.600482208333688
1490.4459907488724 745.5346100550247 10.0 5.63380937533384
1490.351932589937 745.5192694580228 10.0 5.667140833334088
1490.2574196148635 745.5038482853506 10.0 5.683813708333673
1490.1624519321779 745.4883465522402 10.0 5.700481125333681
1490.0670296508918 745.4727642740636 10.0 5.717149750333647
1489.9711528805017 745.4571014663313 10.0 5.733817125334099
1489.874821730989 745.4413581446903 10.0 5.7504847923337366
1489.77803631282 745.4255343249224 10.0 5.783299750333754
1489.680796736945 745.4096300229428 10.0 5.80048166733377
1489.5831031147993 745.3936452547986 10.0 5.833803417333911
1489.4849555583014 745.3775800366672 10.0 5.850481125333772
1489.3863541798537 745.3614343848546 10.0 5.8838054173338605
1489.2872990923424 745.3452083157949 10.0 5.900491708333902
1489.1877904091364 745.3289018460479 10.0 5.933806958333662
1489.0878282440876 745.3125149922981 10.0 5.950483042333872
1488.9874127115304 745.296047771354 10.0 5.983804417333886
1488.8865439262815 745.279500200146 10.0 6.000486417333832
1488.7852220036398 745.2628722957257 10.0 6.033818708333911
1488.6834470593853 745.2461640752648 10.0 6.050491125333792
1488.5812192097796 745.2293755560537 10.0 6.083805167334049
1488.4785385715652 745.2125067555005 10.0 6.100478458333782
1488.375405261965 745.19555769113 10.0 6.133803667333723
1488.271819398682 745.1785283805827 10.0 6.150482958333669
1488.1677810998995 745.1614188416137 10.0 6.1838140003337685
1488.0632904842798 745.1442290920916 10.0 6.217136333333656
1487.9583476709647 745.126959149998 10.0 6.233804208333822
1487.8529527795745 745.1096090334262 10.0 6.267138500333658
1487.7471059302077 745.0921787605804 10.0 6.300466542333652
1487.6408072434408 745.0746683497749 10.0 6.317142333333777
1487.534056840328 745.0570778194333 10.0 6.3338097923337955
1487.4268548424004 745.0394071880875 10.0 6.350478292333719
1487.3192013716657 745.021656474377 10.0 6.367199542333765
1487.2110965506079 745.0038256970483 10.0 6.400465250334037
1487.102540502187 744.9859148749542 10.0 6.417134917333897
1486.993533349838 744.9679240270526 10.0 6.45045945833408
1486.8840752174713 744.9498531724062 10.0 6.483803375333991
1486.7741662294713 744.9317023301817 10.0 6.500470917334042
1486.6638065106972 744.9134715196492 10.0 6.533752625333818
1486.5529961864809 744.8951607601816 10.0 6.550463750334075
1486.4417353826277 744.8767700712538 10.0 6.583832833333872
1486.3300242254159 744.8582994724421 10.0 6.61641470833365
1486.2178628415952 744.839748983424 10.0 6.633796958333733
1486.105251358388 744.8211186239769 10.0 6.666786875333855
1485.992189903487 744.8024084139782 10.0 6.6838142083338425
1485.8786786050564 744.7836183734046 10.0 6.70048429233384
1485.76471759173 744.7647485223312 10.0 6.733811625334056
1485.6503069926116 744.7457988809314 10.0 6.767140667333933
1485.5354469372742 744.7267694694763 10.0 6.800471708334044
1485.4201375557595 744.7076603083341 10.0 6.8336794583337905
1485.3043789785777 744.6884714179697 10.0 6.8504868753339
1485.188171336706 744.6692028189443 10.0 6.883815458334084
1485.0715147615897 744.6498545319147 10.0 6.917149042333676
1484.95440938514 744.6304265776331 10.0 6.9504833333339775
1484.8368553397347 744.6109189769468 10.0 6.983811375333971
1484.718852758217 744.5913317507972 10.0 7.016437208334082
1484.6004017738956 744.57166492022 10.0 7.033810625333899
1484.4815025205428 744.5519185063445 10.0 7.050486167333929
1484.3621551323959 744.5320925303932 10.0 7.083810417334007
1484.242359744155 744.5121870136818 10.0 7.100487083333974
1484.1221164909837 744.4922019776182 10.0 7.13381337533383
1484.0014255085075 744.4721374437024 10.0 7.15048812533405
1483.8802869328138 744.4519934335266 10.0 7.167476458334022
1483.7587009004515 744.4317699687741 10.0 7.200566417333903
1483.6366675484298 744.4114670712195 10.0 7.233825542333761
1483.5141870142184 744.3910847627279 10.0 7.250506583333845
1483.3912594357462 744.3706230652552 10.0 7.2672697503339805
1483.2678849514016 744.3500820008474 10.0 7.300484750333908
1483.144063700031 744.32946159164 10.0 7.317168833333653
1483.0197958209387 744.3087618598584 10.0 7.350472833333697
1482.8950814538866 744.287982827817 10.0 7.367225333333863
1482.769920739093 744.2671245179193 10.0 7.400484250333648
1482.6443138172324 744.2461869526575 10.0 7.417187833334083
1482.5182608294347 744.2251701546119 10.0 7.450510667333674
1482.391761917285 744.204074146451 10.0 7.483827708334047
1482.2648172228226 744.1828989509314 10.0 7.517100083333844
1482.1374268885404 744.1616445908969 10.0 7.533842542333787
1482.0095910573846 744.1403110892788 10.0 7.567173417333834
1481.881309872754 744.1188984690955 10.0 7.600466208333728
1481.7525834784992 744.0974067534519 10.0 7.617140250333705
1481.6234120189224 744.0758359655398 10.0 7.65049429233386
1481.4937956387764 744.0541861286373 10.0 7.683809000333895
1481.3637344832641 744.0324572661084 10.0 7.70048158333384
1481.233228698038 744.010649401403 10.0 7.733822667333698
1481.102278429199 743.9887625580568 10.0 7.750493292333886
1480.9708838232973 743.9667967596906 10.0 7.767160708333904
1480.8390450273298 743.9447520300106 10.0 7.800484958333982
1480.706762188741 743.922628392808 10.0 7.834346333333997
1480.5740354554218 743.9004258719584 10.0 7.867132708333884
1480.4408649757086 743.8781444914225 10.0 7.8838305003337155
1480.307250898383 743.8557842752449 10.0 7.917188125333723
1480.1731933726714 743.8333452475543 10.0 7.950257208333824
1480.038692548244 743.8108274325638 10.0 7.967123125333728
1479.903748575214 743.7882308545695 10.0 8.000468542333692
1479.7683616041377 743.7655555379517 10.0 8.017148250333776
1479.6325317860133 743.7428015071737 10.0 8.033830833333923
1479.49625927228 743.7199687867819 10.0 8.066806750333853
1479.359544214818 743.6970574014059 10.0 8.083817417333648
1479.2223867659475 743.6740673757578 10.0 8.117138917333705
1479.084787078428 743.6509987346324 10.0 8.150481375334039
1478.946745305458 743.627851502907 10.0 8.183802750334053
1478.808261600674 743.6046257055409 10.0 8.200484375333872
1478.66933611815 743.5813213675757 10.0 8.233759583333722
1478.5299690123968 743.5579385141347 10.0 8.26715512533383
1478.3901604383614 743.534477170423 10.0 8.283830958333965
1478.249910551426 743.5109373617271 10.0 8.316566583333952
1478.109219507408 743.4873191134149 10.0 8.333827750333967
1477.968087462559 743.4636224509354 10.0 8.367145167334002
1477.8265145735636 743.439847399819 10.0 8.400485917333754
1477.68450099754 743.4159939856764 10.0 8.417157042333656
1477.542046892038 743.3920622341994 10.0 8.450771958333917
1477.3991524150388 743.3680521711602 10.0 8.482840208333982
1477.255817724955 743.3439638224113 10.0 8.500473958333714
1477.112042980629 743.3197972138854 10.0 8.53381787533408
1476.9678283413327 743.2955523715954 10.0 8.567142833333946
1476.823173966767 743.2712293216338 10.0 8.600026500334025
1476.6780800170607 743.246828090173 10.0 8.61691033333409
1476.53254665277 743.2223487034653 10.0 8.633819042333926
1476.386574034878 743.1977911878417 10.0 8.667034292333938
1476.2401623247943 743.1731555697131 10.0 8.683828375334087
1476.093311684353 743.1484418755692 10.0 8.717010125333672
1475.9460222758134 743.1236501319788 10.0 8.733780917333661
1475.7982942618592 743.0987803655895 10.0 8.767102750333834
1475.6501278055966 743.0738326031275 10.0 8.783812292334005
1475.501523070555 743.0488068713973 10.0 8.816225958333689
1475.352480220686 743.0237031972823 10.0 8.833785667333814
1475.2029994203617 742.9985216077438 10.0 8.850475458333676
1475.0530808343754 742.973262129821 10.0 8.883805250333808
1474.9027246279397 742.9479247906314 10.0 8.900476708333827
1474.7519309666868 742.9225096173701 10.0 8.933818500333928
1474.6007000166674 742.8970166373098 10.0 8.967147125333668
1474.4490319443496 742.8714458778007 10.0 8.98382945833373
1474.2969269166188 742.8457973662705 10.0 9.017138500333658
1474.1443851007764 742.8200711302239 10.0 9.033836667334072
1473.9914066645401 742.7942671972429 10.0 9.067140208333967
1473.837991776042 742.7683855949862 10.0 9.083811083333785
1473.6841406038284 742.7424263511894 10.0 9.10048291733392
1473.5298533168595 742.7163894936647 10.0 9.133809667333935
1473.375130084508 742.6902750503009 10.0 9.150481083333943
1473.2199710765587 742.6640830490632 10.0 9.183821000333865
1473.064376463208 742.6378135179926 10.0 9.217142583333953
1472.9083464150624 742.6114664852068 10.0 9.250463958333967
1472.7518811031389 742.5850419788991 10.0 9.267141500333764
1472.5949806988635 742.5585400273385 10.0 9.299570000333915
1472.4376453740706 742.5319606588699 10.0 9.317139667333777
1472.2798753010024 742.5053039019137 10.0 9.333811458333912
1472.1216706523085 742.4785697849658 10.0 9.367142625334054
1471.9630316010441 742.4517583365969 10.0 9.400470333333942
1471.8039583206707 742.4248695854533 10.0 9.433810750334032
1471.6444509850544 742.3979035602562 10.0 9.467157583334028
1471.4845097684652 742.3708602898014 10.0 9.500487042334044
1471.3241348455767 742.3437398029597 10.0 9.517154708333692
1471.1633263914653 742.3165421286764 10.0 9.533825500333933
1471.0020845816089 742.2892672959711 10.0 9.566848708333964
1470.840409591887 742.2619153339378 10.0 9.583820292333712
1470.6783015985795 742.2344862717448 10.0 9.616976042334045
1470.515760778366 742.2069801386342 10.0 9.633830458333705
1470.352787308325 742.1793969639222 10.0 9.6671502923341
1470.1893813659335 742.1517367769984 10.0 9.700481667333861
1470.0255431290657 742.1239996073266 10.0 9.717162583333902
1469.8612727759926 742.0961854844436 10.0 9.750487208333652
1469.6965704853815 742.0682944379598 10.0 9.767164333333767
1469.5314364362946 742.0403264975588 10.0 9.800493875333814
1469.365870808189 742.0122816929971 10.0 9.83382658333403
1469.199873780915 741.9841600541046 10.0 9.86727720833369
1469.0334455347165 741.9559616107833 10.0 9.900491833333945
1468.8665862502296 741.9276863930087 10.0 9.932979375334071
1468.6992961084818 741.8993344308283 10.0 9.950482833333808
1468.5315752908914 741.8709057543622 10.0 9.967182167333704
1468.3634239792668 741.8424003938027 10.0 10.000486708333938
1468.1948423558056 741.8138183794143 10.0 10.03381016733374
1468.025830603094 741.7851597415336 10.0 10.05047766733378
1467.8563889041056 741.7564245105689 10.0 10.083805583333742
1467.6865174422016 741.7276127170004 10.0 10.100484458333995
1467.5162164011292 741.6987243913798 10.0 10.133820458333958
1467.3454859650208 741.6697595643302 10.0 10.167144667334014
1467.1743263183937 741.6407182665464 10.0 10.183812375333673
1467.0027376461494 741.6116005287939 10.0 10.21713658333374
1466.8307201335724 741.5824063819098 10.0 10.233813292333707
1466.6582739663297 741.5531358568016 10.0 10.250485833334096
1466.4853993304698 741.5237889844481 10.0 10.26716316733382
1466.312096412422 741.4943657958983 10.0 10.299919708334073
1466.1383653989965 741.464866322272 10.0 10.316909375334035
1465.9642064773818 741.4352905947594 10.0 10.333782375334067
1465.7896198351457 741.4056386446209 10.0 10.367049833334022
1465.6146056602336 741.3759105031871 10.0 10.383812500333988
1465.4391641409677 741.3461062018586 10.0 10.400485833333732
1465.263295466047 741.3162257721056 10.0 10.417157917333952
1465.086999824546 741.2862692454681 10.0 10.450489917333925
1464.9102774059133 741.2562366535561 10.0 10.467160083333965
1464.733128399972 741.2261280280486 10.0 10.500483458333747
1464.555552996918 741.1959434006941 10.0 10.53380879233373
1464.3775513873202 741.1656828033102 10.0 10.550498125333888
1464.1991237621182 741.1353462677836 10.0 10.58380925033407
1464.0202703126233 741.1049338260698 10.0 10.600478667333846
1463.8409912305165 741.0744455101933 10.0 10.633801792333998
1463.661286707848 741.043881352247 10.0 10.650477917333774
1463.4811569370365 741.0132413843925 10.0 10.683799500333862
1463.3006021108688 740.9825256388594 10.0 10.700468333333902
1463.1196224224982 740.9517341479461 10.0 10.73296695833369
1462.938218065444 740.9208669440187 10.0 10.750483292333683
1462.7563892335913 740.8899240595113 10.0 10.767154750333702
1462.5741361211894 740.8589055269257 10.0 10.80047362533378
1462.3914589228518 740.8278113788317 10.0 10.817142917333967
1462.2083578335546 740.7966416478665 10.0 10.833813667333743
1462.024833048636 740.7653963667346 10.0 10.850490750333847
1461.840884763796 740.734075568208 10.0 10.883659167333917
1461.6565131750951 740.7026792851256 10.0 10.90048033333369
1461.4717184789533 740.6712075503932 10.0 10.933797458334084
1461.28650087215 740.6396603969839 10.0 10.950483333333977
1461.1008605518227 740.6080378579372 10.0 10.967151167333668
1460.9147977154662 740.5763399663593 10.0 11.000316500334065
1460.728312560932 740.5445667554228 10.0 11.03380612533374
1460.5414052864276 740.5127182583666 10.0 11.050478792333706
1460.3540760905153 740.4807945084957 10.0 11.083815167333796
1460.166325172112 740.4487955391813 10.0 11.116983667333898
1459.9781527304876 740.4167213838605 10.0 11.133721083333967
1459.7895589652649 740.3845720760359 10.0 11.166505208334002
1459.6005440764184 740.3523476492759 10.0 11.183810833334064
1459.4111082642737 740.3200481372145 10.0 11.200483875333703
1459.2212517295068 740.2876735735508 10.0 11.217150583333932
1459.0309746731427 740.2552239920493 10.0 11.250480625333694
1458.8402772965555 740.2226994265394 10.0 11.26716237533401
1458.6491598014668 740.1900999109155 10.0 11.299967000333709
1458.4576223899453 740.1574254791368 10.0 11.317088833333855
1458.265665264406 740.1246761652271 10.0 11.35048558333392
1458.073288627609 740.0918520032749 10.0 11.383808708334072
1457.8804926826592 740.0589530274327 10.0 11.41697429233409
1457.6872776330056 740.0259792719175 10.0 11.433690042334092
1457.4936436824394 739.9929307710105 10.0 11.467146542333921
1457.2995910350944 739.9598075590565 10.0 11.500484000333927
1457.105119895446 739.9266096704642 10.0 11.533819708333795
1456.9102304683097 739.8933371397062 10.0 11.550494542334036
1456.7149229588408 739.8599900013184 10.0 11.583826917333681
1456.5191975725336 739.8265682899001 10.0 11.617148167333653
1456.3230545152203 739.793072040114 10.0 11.650606083333969
1456.1264939930707 739.7595012866858 10.0 11.683248375333733
1455.9295162125907 739.7258560644042 10.0 11.700488583333936
1455.732121380622 739.6921364081206 10.0 11.717160292334029
1455.5343097043412 739.6583423527493 10.0 11.750476333334063
1455.3360813912589 739.6244739332668 10.0 11.767163958334095
1455.1374366492184 739.5905311847125 10.0 11.800486375334003
1454.9383756863963 739.5565141421877 10.0 11.83380737533389
1454.7388987113 739.5224228408557 10.0 11.850484917333688
1454.5390059327676 739.4882573159422 10.0 11.867280292333817
1454.3386975599676 739.4540176027344 10.0 11.900467750333974
1454.1379738023973 739.4197037365814 10.0 11.933807667333895
1453.9368348698822 739.3853157528936 10.0 11.95048212533402
1453.7352809725753 739.3508536871431 10.0 11.983807000333854
1453.5333123209562 739.316317574863 10.0 12.017148208333765
1453.3309291258302 739.2817074516478 10.0 12.050480583333865
1453.1281315983276 739.2470233531526 10.0 12.083936000333779
1452.9249199499031 739.2122653150938 10.0 12.11712100033401
1452.7212943923344 739.177433373248 10.0 12.150486667334008
1452.5172551377216 739.142527563453 10.0 12.183374708333758
1452.3128023984866 739.1075479216062 10.0 12.200320458333863
1452.1079363873723 739.0724944836659 10.0 12.23382141733373
1451.9026573174415 739.0373672856502 10.0 12.267153125334062
1451.6969654020759 739.0021663636375 10.0 12.300578708333887
1451.4908608549758 738.9668917537656 10.0 12.33388795833389
1451.2843438901589 738.9315434922323 10.0 12.367160958333898
1451.0774147219595 738.8961216152949 10.0 12.400594292334063
1450.870073565028 738.8606261592699 10.0 12.433944958333996
1450.6623206343295 738.8250571605334 10.0 12.467254292334019
1450.4541561451435 738.7894146555204 10.0 12.500485375333938
1450.2455803130629 738.7536986807249 10.0 12.533823667333763
1450.0365933539927 738.7179092726998 10.0 12.567150917333947
1449.8271954841498 738.6820464680566 10.0 12.600476083333888
1449.6173869200622 738.6461103034652 10.0 12.633619917333817
1449.4071678785679 738.6101008156543 10.0 12.666724292334038
1449.1965385768135 738.5740180414105 10.0 12.68365145833377
1448.9854992322544 738.5378620175786 10.0 12.716623417333722
1448.7740500626535 738.5016327810615 10.0 12.733820750333962
1448.5621912860802 738.4653303688198 10.0 12.766793542333744
1448.3499231209096 738.4289548178716 10.0 12.783711542334004
1448.1372457858222 738.3925061652928 10.0 12.816933208333921
1447.9241594998023 738.3559844482166 10.0 12.833828417333734
1447.7106644821376 738.3193897038334 10.0 12.867155375333823
1447.4967609524185 738.2827219693906 10.0 12.883829542333842
1447.2824491305366 738.2459812821928 10.0 12.917154958333867
1447.0677292366845 738.2091676796011 10.0 12.95049150033401
1446.8526014913548 738.1722811990335 10.0 12.983807417333992
1446.6370661153392 738.1353218779642 10.0 13.0004836253338
1446.4211233297276 738.0982897539242 10.0 13.03356737533386
1446.2047733559073 738.0611848645003 10.0 13.050482458334045
1445.9880164155622 738.0240072473356 10.0 13.08380466733388
1445.770852730672 737.986756940129 10.0 13.100501375333806
1445.5532825235114 737.9494339806354 10.0 13.13380883333366
1445.3353060166487 737.912038406665 10.0 13.167146792333824
1445.1169234329461 737.8745702560838 10.0 13.200468167333838
1444.8981349955575 737.8370295668128 10.0 13.233823958333687
1444.6789409279288 737.7994163768285 10.0 13.266497917333709
1444.4593414537962 737.7617307241622 10.0 13.283702500333675
1444.239336797186 737.7239726469004 10.0 13.316484833334016
1444.0189271824136 737.6861421831841 10.0 13.33382954233366
1443.7981128340818 737.6482393712089 10.0 13.367143375333853
1443.5768939770817 737.6102642492249 10.0 13.383821500333852
1443.3552708365903 737.5722168555366 10.0 13.416474000333892
1443.13324363807 737.5340972285026 10.0 13.433822750334002
1442.9108126072688 737.4959054065354 10.0 13.467154167333774
1442.6879779702176 737.4576414281015 10.0 13.483823458333973
1442.464739953231 737.4193053317211 10.0 13.516615000333786
1442.2410987829053 737.380897155968 10.0 13.53382054233407
1442.0170546861186 737.3424169394692 10.0 13.550489083334014
1441.7926078900296 737.3038647209054 10.0 13.583814292333955
1441.567758622076 737.2652405390099 10.0 13.600508458333934
1441.3425071099753 737.2265444325695 10.0 13.633822042334032
1441.1168535817221 737.1877764404235 10.0 13.66697591733373
1440.8907982655885 737.1489366014639 10.0 13.700477125333691
1440.6643413901227 737.1100249546354 10.0 13.733818875333782
1440.4374831841485 737.0710415389349 10.0 13.767346625334085
1440.2102238767643 737.0319863934117 10.0 13.800489125334025
1439.9825636973421 736.992859557167 10.0 13.817160750334097
1439.7545028755267 736.9536610693542 10.0 13.850493792333964
1439.526041641235 736.9143909691783 10.0 13.883824500333958
1439.297180224655 736.875049295896 10.0 13.900491375333786
1439.0679188562451 736.8356360888155 10.0 13.933823792333897
1438.8382577667332 736.7961513872964 10.0 13.96715525033369
1438.6081971871158 736.7565952307493 10.0 13.983840042333668
1438.3777373486569 736.7169676586361 10.0 14.017139375333954
1438.1468784828876 736.6772687104695 10.0 14.05047904233379
1437.9156208216052 736.637498425813 10.0 14.06714787533383
1437.6839645968719 736.5976568442806 10.0 14.10048904233372
1437.4519100410146 736.5577440055367 10.0 14.133822083334053
1437.2194573866232 736.5177599492963 10.0 14.167278292333776
1436.9866068665508 736.4777047153243 10.0 14.200618458333793
1436.753358713912 736.4375783434357 10.0 14.233814958333824
1436.519713162082 736.3973808734952 10.0 14.267105000333686
1436.285670444697 736.3571123454175 10.0 14.299559417333967
1436.0512307956515 736.3167727991666 10.0 14.317114292333827
1435.8163944490989 736.2763622747563 10.0 14.333809792333795
1435.5811616394499 736.235880812249 10.0 14.367140042334086
1435.345532601372 736.1953284517568 10.0 14.383816125333851
1435.1095075697885 736.1547052334406 10.0 14.416444917334047
1434.8730867798774 736.11401119751 10.0 14.433823792333897
1434.6362704670712 736.0732463842232 10.0 14.46715900033405
1434.3990588670554 736.0324108338873 10.0 14.500474667333947
1434.161452215768 735.9915045868573 10.0 14.517156625333882
1433.9234507493984 735.9505276835368 10.0 14.53382754233371
1433.685054704387 735.9094801643772 10.0 14.567133500333966
1433.4462643174238 735.868362069878 10.0 14.600480917333698
1433.2070798254479 735.8271734405863 10.0 14.633940917333803
1432.9675014656461 735.7859143170969 10.0 14.666972083333803
1432.7275294754531 735.744584740052 10.0 14.700601083333822
1432.4871640925496 735.7031847501413 10.0 14.733818333334057
1432.2464055548621 735.6617143881015 10.0 14.76714316733387
1432.0052541005616 735.6201736947163 10.0 14.799645875333681
1431.7637099680633 735.5785627108163 10.0 14.817144917333735
1431.5217733960249 735.5368814772789 10.0 14.849941208333803
1431.2794446233465 735.4951300350281 10.0 14.86708845833391
1431.0367238891697 735.453308425034 10.0 14.90048570833369
1430.793611432876 735.4114166883135 10.0 14.933252458333754
1430.5501074940871 735.369454865929 10.0 14.950504792333959
1430.3062123126629 735.3274229989894 10.0 14.983798917333843
1430.0619261287015 735.2853211286491 10.0 15.000484000333927
1429.8172491825378 735.2431492961083 10.0 15.03364858333407
1429.572181714743 735.2009075426126 10.0 15.05032275033409
1429.3267239661236 735.1585959094531 10.0 15.083661792333714
1429.0808761777207 735.116214437966 10.0 15.100329000333659
1428.8346385908087 735.0737631695328 10.0 15.133967583333742
1428.5880114468946 735.0312421455794 10.0 15.16658575033398
1428.3409949877177 734.9886514075771 10.0 15.183824458333675
1428.0935894552485 734.9459909970413 10.0 15.216892292333796
1427.845795091687 734.9032609555322 10.0 15.233573708334006
1427.597612139463 734.8604613246542 10.0 15.250481583334022
1427.3490408412347 734.8175921460559 10.0 15.283809583334005
1427.1000814398876 734.7746534614297 10.0 15.31649441733407
1426.8507341785346 734.7316453125121 10.0 15.333814958333733
1426.6009993005139 734.6885677410834 10.0 15.367142667334065
1426.350877049389 734.645420788967 10.0 15.383813500333872
1426.100367668948 734.6022044980303 10.0 15.416640083333732
1425.8494714032013 734.5589189101836 10.0 15.433815917333959
1425.5981884963828 734.5155640673804 10.0 15.45048350033403
1425.3465191929477 734.4721400116171 10.0 15.467151083333647
1425.094463737572 734.4286467849329 10.0 15.500487542333758
1424.8420223751514 734.3850844294099 10.0 15.533828667334092
1424.589195350801 734.3414529871724 10.0 15.550499417333867
1424.335982909854 734.2977525003872 10.0 15.585156958333755
1424.082385297861 734.2539830112634 10.0 15.616976125334077
1423.8284027605891 734.2101445620519 10.0 15.633816417333946
1423.5740355440212 734.1662371950458 10.0 15.667131750333738
1423.3192838943546 734.1222609525798 10.0 15.683813000333885
1423.0641480580011 734.0782158770302 10.0 15.7170476673341
1422.8086282815855 734.0341020108148 10.0 15.733734417333835
1422.5527248119445 733.9899193963926 10.0 15.750473458334
1422.2964378961265 733.9456680762639 10.0 15.767140875334007
1422.0397677813903 733.90134809297 10.0 15.783809958333677
1421.7827147152047 733.856959489093 10.0 15.816582833333996
1421.5252789452475 733.8125023072557 10.0 15.83381058333407
1421.2674607194037 733.7679765901215 10.0 15.86674241733408
1421.0092602857662 733.7233823803942 10.0 15.88381204233383
1420.750677892634 733.6787197208178 10.0 15.917078833334017
1420.4917137885113 733.6339886541764 10.0 15.933795833333988
1420.2323682221074 733.589189223294 10.0 15.95048083333404
1419.9726414423349 733.5443214710348 10.0 15.967152208334028
1419.7125336983095 733.499385440302 10.0 16.105507583333747
