1499.9998812569468 746.9999948892754 5.0 0.07435670006088912
1499.9995250544032 746.9999794035759 5.0 0.28037003334611654
1499.998931431126 746.9999531023294 5.0 0.31419113324955106
1499.9981004243723 746.9999155637712 5.0 0.33086133329197764
1499.9970320699695 746.9998663841424 5.0 0.3475400332827121
1499.9957264023822 746.9998051769213 5.0 0.36421303334645927
1499.9941834547772 746.9997315720886 5.0 0.3808866331819445
1499.992403259084 746.9996452154234 5.0 0.3975607333704829
1499.9903858460548 746.999545767829 5.0 0.4142358333338052
1499.98813124532 746.9994329046885 5.0 0.4309107332956046
1499.9856394854419 746.9993063152472 5.0 0.4483876333106309
1499.982910593968 746.9991657020206 5.0 0.46505833324044943
1499.9799445974786 746.9990107802296 5.0 0.4819873331580311
1499.9767415216354 746.998841277258 5.0 0.4986591332126409
1499.973301391226 746.9986569321342 5.0 0.5156470332294703
1499.9696242302077 746.9984574950345 5.0 0.5323233332019299
1499.9657100617494 746.9982427268079 5.0 0.5490278333891183
1499.9615589082707 746.9980123985212 5.0 0.5661848331801593
1499.9571707914802 746.9977662910228 5.0 0.5828721332363784
1499.9525457324119 746.9975041945266 5.0 0.5995397332590073
1499.9476837514605 746.9972259082123 5.0 0.6162149333395064
1499.9425848684145 746.9969312398429 5.0 0.6328888332936913
1499.9372491024878 746.9966200053996 5.0 0.6495655332691967
1499.931676472351 746.9962920287309 5.0 0.6662375333253294
1499.9258669961603 746.9959471412177 5.0 0.6829054332338274
1499.9198206915853 746.9955851814522 5.0 0.6996640332508832
1499.9135375758367 746.9952059949305 5.0 0.7163368333131075
1499.9070176656912 746.9948094337589 5.0 0.7333079332020134
1499.9002609775166 746.9943953563715 5.0 0.7499760333448648
1499.8932675272952 746.9939636272613 5.0 0.7666454333811998
1499.8860373306459 746.993514116722 5.0 0.7833208332303911
1499.8785704028464 746.9930467006008 5.0 0.7999921331647784
1499.870866758854 746.9925612600615 5.0 0.8166607331950217
1499.8629264133247 746.9920576813591 5.0 0.833327733213082
1499.8547493806325 746.9915358556221 5.0 0.849996933247894
1499.8463356748878 746.9909956786455 5.0 0.8666725333314389
1499.8376853099542 746.9904370506918 5.0 0.8845189332496375
1499.8287982994655 746.989859876301 5.0 0.9011887332890183
1499.8196746568417 746.9892640641089 5.0 0.9178870331961662
1499.810314395304 746.9886495266719 5.0 0.9345627331640571
1499.800717527889 746.9880161803014 5.0 0.951238333247602
1499.7908840674634 746.987363944903 5.0 0.9679051332641393
1499.780814026737 746.986692743824 5.0 0.9845808332320303
1499.7705074182757 746.9860025037075 5.0 1.0012527331709862
1499.759964254513 746.9852931543512 5.0 1.017928533256054
1499.749184547763 746.9845646285743 5.0 1.0346001333091408
1499.73816831023 746.9838168620885 5.0 1.0512699333485216
1499.726915554021 746.9830497933751 5.0 1.0679382332600653
1499.7154262911542 746.9822633635677 5.0 1.0846086333040148
1499.7037005335706 746.9814575163389 5.0 1.101277833338827
1499.691738293142 746.980632197793 5.0 1.1182959333527833
1499.6795395816805 746.9797873563626 5.0 1.1349690333008766
1499.6671044109473 746.9789229427096 5.0 1.1516380333341658
1499.654432792661 746.9780389096304 5.0 1.1803962332196534
1499.6415247385053 746.977135211966 5.0 1.1970660332590342
1499.6283802601363 746.9762118065146 5.0 1.213887433288619
1499.6149993691904 746.9752686519489 5.0 1.2305561332032084
1499.6013820772907 746.9743057087364 5.0 1.2472571332473308
1499.5875283960538 746.9733229390637 5.0 1.2639329333323985
1499.5734383370961 746.9723203067631 5.0 1.2806044332683086
1499.5591119120404 746.9712977772435 5.0 1.2972915333230048
1499.5445491325206 746.9702553174232 5.0 1.3139638332650065
1499.5297500101883 746.9691928956661 5.0 1.3306354333180934
1499.5147145567175 746.9681104817206 5.0 1.3477266333065927
1499.4994427838103 746.967008046661 5.0 1.3643941332120448
1499.4839347032014 746.9658855628314 5.0 1.3810682331677526
1499.4681903266626 746.9647430037923 5.0 1.3977418332360685
1499.4522096660073 746.9635803442684 5.0 1.4144134332891554
1499.4359927330956 746.9623975601006 5.0 1.431089933263138
1499.4195395398374 746.9611946281981 5.0 1.4477660332340747
1499.4028500981963 746.9599715264934 5.0 1.464434333378449
1499.3859244201942 746.9587282338994 5.0 1.4819810332264751
1499.3687625179145 746.9574647302677 5.0 1.498650133376941
1499.3513644035052 746.9561809963498 5.0 1.5153170332778245
1499.3337300891824 746.9548770137583 5.0 1.5320388332474977
1499.3158595872335 746.9535527649313 5.0 1.5487104333005846
1499.2977529100203 746.9522082330975 5.0 1.565383033361286
1499.2794100699819 746.950843402243 5.0 1.5820560331922024
1499.2608310796368 746.9494582570793 5.0 1.5987240332178771
1499.2420159515866 746.9480527830134 5.0 1.6154129332862794
1499.222964698518 746.946626966118 5.0 1.6320855333469808
1499.2036773332047 746.945180793104 5.0 1.6488634331617504
1499.1841538685107 746.9437142512937 5.0 1.6665993332862854
1499.1643943173917 746.9422273285954 5.0 1.6832764332648367
1499.1443986928978 746.9407200134785 5.0 1.6999514333438128
1499.1241670081747 746.9391922949504 5.0 1.716623033164069
1499.103699276467 746.9376441625341 5.0 1.733296433230862
1499.0829955111187 746.9360756062463 5.0 1.749972333200276
1499.0620557255754 746.9344866165776 5.0 1.7666444333735853
1499.0408799333863 746.9328771844721 5.0 1.7833161333110183
1499.0194681482058 746.9312473013089 5.0 1.7999845333397388
1498.9978203837945 746.9295969588841 5.0 1.8166562332771719
1498.9759366540213 746.9279261493932 5.0 1.8333243331871927
1498.9538169728642 746.926234865415 5.0 1.8499993332661688
1498.9314613544122 746.9245230998956 5.0 1.8666771333664656
1498.908869812867 746.9227908461331 5.0 1.8833468332886696
1498.8860423625422 746.9210380977634 5.0 1.9002519333735108
1498.8629790178672 746.9192648487458 5.0 1.9169259332120419
1498.8396797933867 746.9174710933505 5.0 1.9345464333891869
1498.816144703762 746.9156568261452 5.0 1.9512163333129138
1498.7923737637718 746.9138220419832 5.0 1.9678899333812296
1498.7683669883145 746.9119667359915 5.0 1.9845663332380354
1498.7441243924072 746.9100909035602 5.0 2.0012350333854556
1498.719645991188 746.9081945403311 5.0 2.0179048331920058
1498.6949317999163 746.9062776421881 5.0 2.034575133351609
1498.6699818339741 746.9043402052469 5.0 2.05124913319014
1498.644796108866 746.9023822258458 5.0 2.0679158333223313
1498.619374640221 746.900403700537 5.0 2.0850271333474666
1498.5937174437918 746.8984046260776 5.0 2.102064333157614
1498.5678245354568 746.8963849994217 5.0 2.118737133219838
1498.5416959312201 746.8943448177121 5.0 2.135413033189252
1498.5153316472124 746.8922840782732 5.0 2.152145233238116
1498.4887316996915 746.8902027786037 5.0 2.168816233286634
1498.4618961050423 746.8881009163694 5.0 2.1854927332606167
1498.4348248797787 746.885978489397 5.0 2.202165733324364
1498.4075180405425 746.8838354956673 5.0 2.2188336332328618
1498.379975604105 746.8816719333097 5.0 2.235506633296609
1498.3521975873675 746.8794878005958 5.0 2.2521768333390355
1498.3241840073606 746.8772830959343 5.0 2.2688566332217306
1498.295934881246 746.8750578178656 5.0 2.285598333226517
1498.2674502263162 746.8728119650564 5.0 2.3024273333139718
1498.2387300599949 746.870545536295 5.0 2.319102633278817
1498.2097743998374 746.8682585304871 5.0 2.33577603334561
1498.1805832635312 746.8659509466504 5.0 2.352443733252585
1498.151156668896 746.8636227839112 5.0 2.369118533330038
1498.1214946338844 746.8612740414997 5.0 2.385831133229658
1498.0915971765814 746.8589047187464 5.0 2.4025338331703097
1498.0614643152062 746.8565148150784 5.0 2.41920393332839
1498.0310960681106 746.8541043300155 5.0 2.435879633296281
1498.0004924537805 746.8516732631671 5.0 2.452551133232191
1497.969653490836 746.8492216142284 5.0 2.4692210333887488
1497.9385791980312 746.846749382978 5.0 2.4858927333261818
1497.9072695942548 746.8442565692742 5.0 2.503327833255753
1497.8757246985301 746.8417431730525 5.0 2.5201273332349956
1497.8439445300153 746.8392091943226 5.0 2.536796133266762
1497.8119291080036 746.8366546331661 5.0 2.553466033190489
1497.7796784519237 746.8340794897333 5.0 2.5701360332313925
1497.7471925813393 746.8314837642417 5.0 2.5873709332663566
1497.71447151595 746.8288674569728 5.0 2.6040909332223237
1497.681515275591 746.8262305682705 5.0 2.6207664331886917
1497.6483238802332 746.8235730985385 5.0 2.6374446332920343
1497.6148973499835 746.8208950482386 5.0 2.6541384332813323
1497.5812357050852 746.8181964178887 5.0 2.670812633354217
1497.5473389659173 746.8154772080605 5.0 2.6874802333768457
1497.5132071529956 746.8127374193787 5.0 2.7041525333188474
1497.4788402869722 746.809977052518 5.0 2.720824333373457
1497.4442383886353 746.8071961082026 5.0 2.7374978333245963
1497.4094014789105 746.8043945872038 5.0 2.7542073333170265
1497.3743295788593 746.801572490339 5.0 2.7708971332758665
1497.3390227096802 746.7987298184703 5.0 2.787565133301541
1497.3034808927089 746.7958665725024 5.0 2.804239233257249
1497.2677041494173 746.7929827533823 5.0 2.820909133180976
1497.231692501415 746.7900783620972 5.0 2.837579933227971
1497.195445970448 746.7871533996739 5.0 2.8542565333191305
1497.1589645783997 746.7842078671772 5.0 2.87093143328093
1497.1222483472905 746.781241765709 5.0 2.887606733245775
1497.085297299278 746.7782550964071 5.0 2.9042809333186597
1497.0481114566567 746.7752478604444 5.0 2.920949533348903
1497.0106908418586 746.7722200590279 5.0 2.937621633289382
1496.9730354774529 746.7691716933973 5.0 2.954293133225292
1496.9351453861457 746.766102764825 5.0 2.9709608333650976
1496.8970205907808 746.7630132746142 5.0 2.9876527332235128
1496.8586611143394 746.759903224099 5.0 3.004319433355704
1496.8200669799394 746.7567726146431 5.0 3.0209968332201242
1496.7812382108366 746.753621447639 5.0 3.037666433257982
1496.742174830424 746.7504497245078 5.0 3.0543408333323896
1496.7028768622315 746.7472574466977 5.0 3.071010133251548
1496.6633443299268 746.7440446156843 5.0 3.087685333332047
1496.6235772573148 746.7408112329691 5.0 3.104356733383611
1496.5835756683377 746.7375573000795 5.0 3.1210257331840694
1496.543339587075 746.734282818568 5.0 3.1383353332057595
1496.5028690377435 746.7309877900113 5.0 3.1550210332497954
1496.4621640446971 746.7276722160105 5.0 3.1716889331582934
1496.4212246324275 746.7243360981901 5.0 3.188360633328557
1496.3800508255633 746.7209794381973 5.0 3.2050274333450943
1496.3386426488703 746.7176022377023 5.0 3.221718333195895
1496.2970001272515 746.7142044983971 5.0 3.2383869332261384
1496.2551232857475 746.7107862219955 5.0 3.2550577332731336
1496.2130121495356 746.7073474102325 5.0 3.2717297333292663
1496.1706667439305 746.703888064864 5.0 3.288405833300203
1496.128087094384 746.7004081876664 5.0 3.3050763332284987
1496.0852732264848 746.6969077804362 5.0 3.321752733318135
1496.042225165959 746.6933868449895 5.0 3.3384232332464308
1495.9989429386694 746.6898453831623 5.0 3.3550955331884325
1495.955426570616 746.6862833968092 5.0 3.3717653332278132
1495.9116760879358 746.6827008878042 5.0 3.388441533315927
1495.8676915169026 746.6790978580394 5.0 3.4052625333424658
1495.823472883927 746.6754743094253 5.0 3.4219335331581533
1495.7790202155566 746.6718302438906 5.0 3.4386164331808686
1495.7343335384758 746.6681656633813 5.0 3.4552900332491845
1495.6894128795057 746.6644805698612 5.0 3.471958633279428
1495.6442582656039 746.6607749653115 5.0 3.488628333201632
1495.5988697238652 746.6570488517301 5.0 3.5052998333703727
1495.5532472815205 746.6533022311319 5.0 3.521970733301714
1495.5073909659377 746.6495351055484 5.0 3.538676733383909
1495.4613008046208 746.6457474770275 5.0 3.5553508333396167
1495.4149768252107 746.6419393476333 5.0 3.572021633386612
1495.3684190554843 746.6381107194461 5.0 3.5886990332510322
1495.3216275233553 746.6342615945618 5.0 3.60536693315953
1495.2746022568735 746.6303919750923 5.0 3.6220431332476437
1495.2273432842248 746.6265018631647 5.0 3.638711533276364
1495.1798506337318 746.6225912609218 5.0 3.6563803332392126
1495.1321243338527 746.6186601705215 5.0 3.673121333355084
1495.0841644131824 746.6147085941368 5.0 3.689797233324498
1495.0359709004513 746.6107365339557 5.0 3.706493533216417
1494.987543824526 746.606743992181 5.0 3.723168833181262
1494.9388832144093 746.6027309710303 5.0 3.7398385333362967
1494.8899890992395 746.5986974727356 5.0 3.7565102332737297
1494.8408615082908 746.5946434995435 5.0 3.7731807332020253
1494.7915004709732 746.5905690537151 5.0 3.789880233351141
1494.7419060168324 746.5864741375254 5.0 3.806621633237228
1494.6920781755498 746.582358753264 5.0 3.8232893333770335
1494.6420169769422 746.5782229032342 5.0 3.8399606333114207
1494.5917224509622 746.5740665897533 5.0 3.8566340333782136
1494.5411946276975 746.5698898151527 5.0 3.873303333297372
1494.4904335373712 746.5656925817774 5.0 3.8899749333504587
1494.4394392103422 746.5614748919862 5.0 3.906641833251342
1494.388211677104 746.5572367481515 5.0 3.9233100332785398
1494.3367509682857 746.5529781526591 5.0 3.939979333197698
1494.2850571146514 746.5486991079085 5.0 3.956656333291903
1494.2331301471002 746.5443996163126 5.0 3.9733338332735
1494.180970096666 746.5400796802975 5.0 3.9900027331896126
1494.128576994518 746.5357393023025 5.0 4.006983833387494
1494.07595087196 746.5313784847805 5.0 4.0239637333434075
1494.0230917604308 746.526997230197 5.0 4.040632833261043
1493.9699996915037 746.5225955410311 5.0 4.05730893323198
1493.9166746968867 746.5181734197746 5.0 4.074256033170968
1493.8631168084223 746.5137308689325 5.0 4.0909230331890285
1493.8093260580874 746.5092678910225 5.0 4.107991533353925
1493.7553024779936 746.5047844885754 5.0 4.124662933172658
1493.7010461003865 746.5002806641347 5.0 4.1413413332775235
1493.6465569576465 746.4957564202567 5.0 4.158016833243892
1493.5918350822874 746.4912117595105 5.0 4.174688033293933
1493.536880506958 746.4866466844779 5.0 4.191359933232889
1493.4816932644403 746.4820611977533 5.0 4.208027133252472
1493.4262733876512 746.4774553019437 5.0 4.224695133278146
1493.3706209096408 746.4728289996686 5.0 4.241363133303821
1493.3147358635933 746.4681822935605 5.0 4.258283033268526
1493.2586182828265 746.4635151862639 5.0 4.275367333320901
1493.202268200792 746.4588276804358 5.0 4.2920416332781315
1493.1456856510752 746.4541197787458 5.0 4.308716133236885
1493.0888706673943 746.4493914838761 5.0 4.3253945333417505
1493.0318232836019 746.4446427985208 5.0 4.34206913318485
1492.9745435336831 746.4398737253867 5.0 4.358743333257735
1492.9170314517569 746.4350842671929 5.0 4.37541893334128
1492.8592870720754 746.4302744266706 5.0 4.393009933177382
1492.8013104290235 746.4254442065634 5.0 4.409688733285293
1492.7431015571194 746.420593609627 5.0 4.4263554331846535
1492.6846604910145 746.4157226386294 5.0 4.443023933330551
1492.6259872654925 746.4108312963509 5.0 4.459736133227125
1492.5670819154705 746.4059195855838 5.0 4.4767473333049566
1492.5079444759979 746.4009875091325 5.0 4.493418633239344
1492.448574982257 746.3960350698137 5.0 4.510088133160025
1492.3889734695626 746.391062270456 5.0 4.526760433334857
1492.329139973362 746.3860691139001 5.0 4.5434335332829505
1492.2690745292348 746.3810556029989 5.0 4.560100433183834
1492.208777172893 746.3760217406171 5.0 4.576774533372372
1492.148247940181 746.3709675296317 5.0 4.593449733220041
1492.0874868670749 746.3658929729313 5.0 4.61012493330054
1492.0264939896833 746.3607980734167 5.0 4.626794833224267
1491.9652693442467 746.3556828340008 5.0 4.643468433292583
1491.9038129671374 746.3505472576082 5.0 4.660138833336532
1491.8421248948594 746.3453913471755 5.0 4.676814733305946
1491.7802051640488 746.340215105651 5.0 4.693484333343804
1491.718053811473 746.3350185359953 5.0 4.710191933205351
1491.655670874031 746.3298016411806 5.0 4.726859733229503
1491.5930563887537 746.3245644241908 5.0 4.743531733285636
1491.530210392803 746.3193068880221 5.0 4.760212433291599
1491.4671329234718 746.314029035682 5.0 4.776886833366007
1491.4038240181849 746.3087308701902 5.0 4.793556233169511
1491.340283714498 746.3034123945779 5.0 4.810249133268371
1491.2765120500974 746.2980736118883 5.0 4.827104633208364
1491.212509062801 746.2927145251763 5.0 4.843775933375582
1491.1482747905573 746.2873351375085 5.0 4.860450133215636
1491.0838092714453 746.2819354519634 5.0 4.877121733268723
1491.019112543675 746.2765154716309 5.0 4.893797533353791
1490.954184645587 746.2710751996129 5.0 4.9105058333370835
1490.8890256156524 746.2656146390229 5.0 4.927176833385602
1490.8236354924725 746.260133792986 5.0 4.943853333359584
1490.758014314779 746.2546326646392 5.0 4.960527733201161
1490.6921621214342 746.249111257131 5.0 4.977200833382085
1490.6260789514301 746.2435695736214 5.0 4.9938758332282305
1490.559764843889 746.2380076172823 5.0 5.010551933199167
1490.4932198380632 746.2324253912972 5.0 5.027244433294982
1490.4264439733347 746.2268228988611 5.0 5.043917733244598
1490.3594372892153 746.2212001431807 5.0 5.06058693327941
1490.2921998253466 746.2155571274742 5.0 5.077263433253393
1490.2247316214998 746.2098938549714 5.0 5.093935233308002
1490.1570327175757 746.2042103289136 5.0 5.110620233230293
1490.0891031536041 746.198506552554 5.0 5.127290333388373
1490.0209429697445 746.192782529157 5.0 5.143958333181217
1489.9525522062856 746.1870382619984 5.0 5.161189133301377
1489.883930903645 746.1812737543661 5.0 5.177856233203784
1489.8150791023697 746.175489009559 5.0 5.194531633285806
1489.7459968431353 746.1696840308877 5.0 5.211199733195826
1489.6766841667466 746.1638588216742 5.0 5.227870733244345
1489.6071411141365 746.1580133852524 5.0 5.244541133288294
1489.5373677263676 746.152147724967 5.0 5.2612085333094
1489.4673640446301 746.1462618441747 5.0 5.277883933158591
1489.397130110243 746.1403557462434 5.0 5.294556833337992
1489.326665964654 746.1344294345524 5.0 5.311225533252582
1489.2559716494386 746.1284829124928 5.0 5.327896633185446
1489.1850472063009 746.1225161834667 5.0 5.344564233208075
1489.1138926770725 746.1165292508879 5.0 5.361241033300757
1489.0425081037135 746.1105221181814 5.0 5.377908933209255
1488.970893528312 746.1044947887838 5.0 5.394811033271253
1488.8990489930834 746.0984472661429 5.0 5.411487233359367
1488.8269745403709 746.0923795537179 5.0 5.428419433301315
1488.7546702126456 746.0862916549796 5.0 5.445549233350903
1488.682136052506 746.08018357341 5.0 5.462325333384797
1488.6093721026775 746.0740553125023 5.0 5.479035633383319
1488.5363784060137 746.0679068757613 5.0 5.49572173319757
1488.4631550054946 746.061738266703 5.0 5.5124055333435535
1488.3897019442277 746.0555494888547 5.0 5.529076333157718
1488.3160192654475 746.0493405457551 5.0 5.545746933203191
1488.2421070125151 746.0431114409541 5.0 5.562480533262715
1488.1679652289188 746.036862178013 5.0 5.579149533296004
1488.0935939582732 746.0305927605044 5.0 5.59582313336432
1488.01899324432 746.024303192012 5.0 5.612494133180007
1487.9441631309269 746.0179934761309 5.0 5.629453033208847
1487.8691036620883 746.0116636164674 5.0 5.646124333376065
1487.7938148819246 746.0053136166393 5.0 5.662800433347002
1487.7182968346829 745.9989434802753 5.0 5.679475233191624
1487.6425495647359 745.9925532110154 5.0 5.696143833221868
1487.5665731165825 745.9861428125109 5.0 5.712812633253634
1487.4903675348473 745.9797122884244 5.0 5.729485633317381
1487.413932864281 745.9732616424294 5.0 5.746157533256337
1487.3372691497595 745.9667908782109 5.0 5.762833033222705
1487.260376436285 745.960299999465 5.0 5.779507433297113
1487.1832547689844 745.9537890098989 5.0 5.796175533207133
1487.1059041931105 745.9472579132309 5.0 5.8128510331735015
1487.0283247540413 745.9407067131908 5.0 5.829523833235726
1486.9505164972795 745.9341354135192 5.0 5.846394333289936
1486.8724794684533 745.927544017968 5.0 5.863068233244121
1486.7942137133157 745.9209325303001 5.0 5.879741233307868
1486.7157192777447 745.9143009542896 5.0 5.896414533257484
1486.6369962077426 745.9076492937219 5.0 5.913089633220807
1486.558044549437 745.9009775523931 5.0 5.9297634332906455
1486.4788643490795 745.8942857341107 5.0 5.946436033351347
1486.399455653046 745.8875738426932 5.0 5.963106633163989
1486.3198185078375 745.8808418819701 5.0 5.979779633227736
1486.2399529600784 745.8740898557822 5.0 5.996456033317372
1486.1598590565175 745.8673177679811 5.0 6.013122933218256
1486.0795368440274 745.8605256224296 5.0 6.029800033196807
1485.998986369605 745.8537134230013 5.0 6.046467433217913
1485.9182076803709 745.8468811735811 5.0 6.063174433307722
1485.8372008235688 745.8400288780648 5.0 6.079921133350581
1485.7559658465664 745.8331565403594 5.0 6.096595033304766
1485.6745027968548 745.8262641643825 5.0 6.1132713332772255
1485.5928117220485 745.8193517540631 5.0 6.130007033236325
1485.5108926698854 745.8124193133409 5.0 6.1467006332241
1485.428745688226 745.8054668461667 5.0 6.163679133169353
1485.346370825054 745.7984943565024 5.0 6.180368033237755
1485.2637681284762 745.7915018483204 5.0 6.197040633298457
1485.1809376467222 745.7844893256046 5.0 6.213729233248159
1485.097879428144 745.7774567923494 5.0 6.2304005331825465
1485.0145935212165 745.7704042525605 5.0 6.247154533164576
1484.9310799745367 745.7633317102542 5.0 6.2638482332695276
1484.8473388368243 745.7562391694578 5.0 6.280564033193514
1484.763370156921 745.7491266342096 5.0 6.297241133172065
1484.6791739837906 745.7419941085586 5.0 6.313915833365172
1484.594750366519 745.734841596565 5.0 6.330590533325449
1484.5100993543142 745.7276691022996 5.0 6.347261533373967
1484.4252209965057 745.720476629844 5.0 6.363931233296171
1484.3401153425448 745.7132641832909 5.0 6.380603833356872
1484.2547824420042 745.7060317667436 5.0 6.397272533271462
1484.1692223445782 745.6987793843165 5.0 6.4139408331830055
1484.0834351000826 745.6915070401345 5.0 6.4310766332782805
1483.9974207584542 745.6842147383336 5.0 6.447743733180687
1483.9111793697507 745.6769024830604 5.0 6.464439233299345
1483.8247109841514 745.6695702784725 5.0 6.481114433379844
1483.7380156519557 745.662218128738 5.0 6.497783733299002
1483.6510934235846 745.6548460380361 5.0 6.515272033168003
1483.563944349579 745.6474540105565 5.0 6.53194503323175
1483.476568480601 745.6400420504998 5.0 6.54861683328636
1483.3889658674323 745.6326101620772 5.0 6.565290933242068
1483.3011365609757 745.6251583495108 5.0 6.581958033377305
1483.2130806122539 745.6176866170334 5.0 6.598630933323875
1483.1247980724097 745.6101949688884 5.0 6.615305433282629
1483.0362889927057 745.6026834093301 5.0 6.631974833318964
1482.9475534245246 745.5951519426233 5.0 6.6486469332594424
1482.8585914193684 745.5876005730435 5.0 6.665319333318621
1482.7694030288592 745.580029304877 5.0 6.681995633291081
1482.6799883047383 745.5724381424208 5.0 6.698666133219376
1482.5903472988666 745.5648270899824 5.0 6.715343533316627
1482.500480063224 745.5571961518799 5.0 6.7320138332434
1482.4103866499092 745.5495453324423 5.0 6.748686433304101
1482.320067111141 745.5418746360091 5.0 6.765491733327508
1482.2295214992562 745.5341840669302 5.0 6.78216513316147
1482.1387498667107 745.5264736295663 5.0 6.798939533298835
1482.0477522660788 745.5187433282889 5.0 6.815610033227131
1481.9565287500538 745.5109931674798 5.0 6.8322818332817405
1481.865079371447 745.5032231515314 5.0 6.848956933245063
1481.7734041831884 745.4954332848469 5.0 6.865633033216
1481.6815032383256 745.4876235718395 5.0 6.882312233326957
1481.589376590025 745.4797940169337 5.0 6.898991433205083
1481.4970242915704 745.4719446245641 5.0 6.91565823322162
1481.4044463963635 745.4640753991758 5.0 6.9323312332853675
1481.311642957924 745.4561863452246 5.0 6.949007233371958
1481.218614029889 745.4482774671767 5.0 6.965675333281979
1481.1253596660129 745.4403487695088 5.0 6.98238453338854
1481.0318799201675 745.4324002567081 5.0 6.999059833353385
1480.9381748463422 745.4244319332723 5.0 7.015893933363259
1480.8442444986433 745.4164438037095 5.0 7.032561333384365
1480.7500889312937 745.4084358725383 5.0 7.049235133221373
1480.6557081986336 745.4004081442879 5.0 7.065910733304918
1480.5611023551198 745.3923606234976 5.0 7.082583933370188
1480.4662714553256 745.3842933147173 5.0 7.099256333196536
1480.371215553941 745.3762062225073 5.0 7.11592943337746
1480.2759347057722 745.3680993514386 5.0 7.1326015333179384
1480.1804289657418 745.359972706092 5.0 7.1492689333390445
1480.0846983888882 745.3518262910591 5.0 7.165941333165392
1479.9887430303663 745.3436601109418 5.0 7.182718033203855
1479.8925629454463 745.3354741703522 5.0 7.199413933325559
1479.7961581895147 745.3272684739131 5.0 7.216306833317503
1479.699528818073 745.3190430262573 5.0 7.232977533247322
1479.602674886739 745.3107978320281 5.0 7.249646733282134
1479.505596451245 745.3025328958792 5.0 7.26635183324106
1479.4082935674394 745.2942482224742 5.0 7.283026533201337
1479.310766291285 745.2859438164875 5.0 7.299698133254424
1479.2130146788602 745.2776196826035 5.0 7.316364933270961
1479.1150387863577 745.269275825517 5.0 7.333036333322525
1479.0168386700852 745.260912249933 5.0 7.34970883326605
1478.9184143864652 745.2525289605668 5.0 7.366377133177593
1478.8197659920345 745.2441259621439 5.0 7.383048233343288
1478.7208935434444 745.2357032594002 5.0 7.399724833201617
1478.6217970974603 745.2272608570815 5.0 7.4164254332426935
1478.5224767109619 745.2187987599442 5.0 7.4330925333779305
1478.4229324409425 745.2103169727545 5.0 7.449767733225599
1478.3231643445097 745.2018155002892 5.0 7.4664442331995815
1478.2231724788846 745.1932943473348 5.0 7.483143733348697
1478.1229569014022 745.1847535186886 5.0 7.4998192333150655
1478.0225176695103 745.1761930191575 5.0 7.516489533241838
1477.921854840771 745.1676128535588 5.0 7.533166433218867
1477.8209684728588 745.1590130267199 5.0 7.549942933255807
1477.7198586235618 745.1503935434783 5.0 7.566611333284527
1477.6185253507808 745.1417544086819 5.0 7.583284333348274
1477.5169687125297 745.1330956271881 5.0 7.599961333209649
1477.4151887669348 745.124417203865 5.0 7.616636233171448
1477.3131855722352 745.1157191435906 5.0 7.633305833209306
1477.2109591867822 745.1070014512527 5.0 7.649980833288282
1477.10850966904 745.0982641317495 5.0 7.666651233332232
1477.0058370775841 745.089507189989 5.0 7.68332813330926
1476.9029414711028 745.0807306308895 5.0 7.699999033240601
1476.7998229083962 745.0719344593792 5.0 7.716699533164501
1476.696481448376 745.0631186803963 5.0 7.733367833308876
1476.5929171500657 745.054283298889 5.0 7.750041333260015
1476.4891300726001 745.0454283198155 5.0 7.7667330333497375
1476.385120275226 745.0365537481441 5.0 7.783402333268896
1476.2808878173007 745.0276595888529 5.0 7.800072833197191
1476.1764327582932 745.0187458469301 5.0 7.816743333358318
1476.0717551577834 745.0098125273738 5.0 7.833417433314025
1475.966855075462 745.000859635192 5.0 7.850089733256027
1475.8617325711305 744.9918871754028 5.0 7.866757633164525
1475.756387704701 744.982895153034 5.0 7.883424633182585
1475.650820536196 744.9738835731233 5.0 7.900099333375692
1475.5450311257487 744.9648524407186 5.0 7.9167728333268315
1475.439019533602 744.9558017608773 5.0 7.933445333270356
1475.3327858201096 744.946731538667 5.0 7.9504353331867605
1475.2263300457344 744.937641779165 5.0 7.967105533229187
1475.1196522710495 744.9285324874585 5.0 7.983807533280924
1475.0127525567377 744.9194036686445 5.0 8.000477133318782
1474.9056309635914 744.9102553278298 5.0 8.01716503337957
1474.7982875525122 744.901087470131 5.0 8.033998233266175
1474.690722384511 744.8919001006747 5.0 8.050667533185333
1474.5829355207081 744.882693224597 5.0 8.067355133360252
1474.4749270223328 744.8734668470441 5.0 8.084023733157665
1474.366696950723 744.8642209731719 5.0 8.100696433335543
1474.2582453673258 744.8549556081458 5.0 8.117367133265361
1474.1495723336964 744.8456707571412 5.0 8.134043033234775
1474.040677911499 744.8363664253432 5.0 8.150820433162153
1473.9315621625055 744.8270426179465 5.0 8.167497233254835
1473.8222251485968 744.8176993401557 5.0 8.18417283333838
1473.7126669317613 744.808336597185 5.0 8.200885033234954
1473.6028875740956 744.7989543942582 5.0 8.217554733389989
1473.4928871378038 744.789552736609 5.0 8.234228533226997
1473.3826656851982 744.7801316294807 5.0 8.250902733299881
1473.2722232786982 744.7706910781261 5.0 8.267575833247975
1473.1615599808308 744.7612310878078 5.0 8.284247133182362
1473.0506758542301 744.751751663798 5.0 8.300914033316076
1472.9395709616374 744.7422528113786 5.0 8.317607433302328
1472.828245365901 744.732734535841 5.0 8.334350233199075
1472.716699129976 744.7231968424861 5.0 8.351024533389136
1472.6049323169243 744.7136397366246 5.0 8.367700233357027
1472.4929449899143 744.7040632235767 5.0 8.38436743337661
1472.3807372122212 744.6944673086722 5.0 8.401121733244509
1472.2683090472258 744.6848519972503 5.0 8.417790333274752
1472.1556605584155 744.67521729466 5.0 8.434458833187819
1472.0427918093837 744.6655632062595 5.0 8.45113423326984
1471.9297028638298 744.6558897374168 5.0 8.46780323330313
1471.8163937855584 744.6461968935093 5.0 8.484519433230162
1471.7028646384804 744.6364846799239 5.0 8.501196233322844
1471.5891154866117 744.626753102057 5.0 8.517873133299872
1471.4751463940738 744.6170021653144 5.0 8.534548033261672
1471.3609574250934 744.6072318751114 5.0 8.551217933185399
1471.246548644002 744.5974422368729 5.0 8.567889233352616
1471.131920115236 744.5876332560329 5.0 8.584560233168304
1471.017071903337 744.577804938035 5.0 8.601229533320293
1470.9020040729508 744.5679572883324 5.0 8.617903233272955
1470.786716688828 744.5580903123874 5.0 8.634575633332133
1470.6712098158232 744.5482040156719 5.0 8.65124723338522
1470.5554835188957 744.538298403667 5.0 8.667922433232889
1470.4395378631084 744.5283734818632 5.0 8.68459053337574
1470.3233729136284 744.5184292557606 5.0 8.701363033382222
1470.2069887357266 744.5084657308682 5.0 8.718031833181158
1470.090385394777 744.4984829127047 5.0 8.734819933306426
1469.973562956258 744.4884808067981 5.0 8.751490533351898
1469.856521485751 744.4784594186854 5.0 8.768169233342633
1469.7392610489403 744.468418753913 5.0 8.784938233206049
1469.6217817116137 744.4583588180369 5.0 8.801608433248475
1469.504083539662 744.448279616622 5.0 8.818283133208752
1469.386166599078 744.4381811552425 5.0 8.834953633369878
1469.2680309559585 744.4280634394821 5.0 8.851816133363172
1469.1496766765015 744.4179264749334 5.0 8.86848403327167
1469.0311038270083 744.4077702671985 5.0 8.885180733166635
1468.912312473882 744.3975948218886 5.0 8.901854733237997
1468.7933026836276 744.3874001446238 5.0 8.91853373334743
1468.6740745228528 744.3771862410339 5.0 8.935227433219552
1468.5546280582664 744.3669531167575 5.0 8.95195613335818
1468.434963356679 744.3567007774425 5.0 8.968627033289522
1468.315080485003 744.3464292287459 5.0 8.985297633334994
1468.1949795102516 744.3361384763341 5.0 9.001996433362365
1468.0746604995402 744.3258285258821 5.0 9.018682333175093
1467.9541235200843 744.3154993830744 5.0 9.03535083332099
1467.833368639201 744.3051510536045 5.0 9.052019333234057
1467.7123959243077 744.294783543175 5.0 9.068746433360502
1467.5912054429227 744.2843968574973 5.0 9.085423433221877
1467.469797262665 744.2739910022924 5.0 9.10209033335559
1467.3481714512538 744.2635659832899 5.0 9.118761633289978
1467.2263280765085 744.2531218062287 5.0 9.135428533190861
1467.1042672063484 744.2426584768565 5.0 9.152104333275929
1466.981988908793 744.23217600093 5.0 9.16877413331531
1466.8594932519616 744.2216743842152 5.0 9.185450533172116
1466.736780304073 744.2111536324869 5.0 9.2021692332346
1466.6138501334453 744.2006137515289 5.0 9.218855533283204
1466.4907028084967 744.1900547471337 5.0 9.235597433289513
1466.3673383977439 744.1794766251031 5.0 9.252272333251312
1466.2437569698027 744.1688793912479 5.0 9.268943533301353
1466.1199585933882 744.1582630513874 5.0 9.285619333386421
1465.995943337314 744.1476276113501 5.0 9.311784233199432
1465.8717112704924 744.1369730769735 5.0 9.331892233341932
1465.747262461934 744.1262994541037 5.0 9.350892033195123
1465.622596980748 744.1156067485957 5.0 9.367564333369955
1465.4977148961418 744.1048949663137 5.0 9.385969133349136
1465.3726162774208 744.0941641131304 5.0 9.405460733221844
1465.2473011939878 744.0834141949275 5.0 9.422133833169937
1465.121769715344 744.0726452175954 5.0 9.439282033359632
1464.996021911088 744.0618571870334 5.0 9.45596173335798
1464.8700578509158 744.0510501091496 5.0 9.475155333289877
1464.7438776046206 744.0402239898609 5.0 9.491832533385605
1464.617481242093 744.0293788350929 5.0 9.509364033350721
1464.4908688333203 744.0185146507799 5.0 9.526034633163363
1464.364040448387 744.0076314428653 5.0 9.543813933385536
1464.236996157474 743.9967292173008 5.0 9.560535033233464
1464.1097360308593 743.985807980047 5.0 9.579297333257273
1463.9822601389164 743.9748677370732 5.0 9.595970433205366
1463.8545685521158 743.9639084943575 5.0 9.614280033158138
1463.726661341024 743.9529302578866 5.0 9.631032433360815
1463.5985385763033 743.9419330336558 5.0 9.647800233215094
1463.470200328712 743.9309168276691 5.0 9.66447043325752
1463.341646669104 743.9198816459392 5.0 9.681550133274868
1463.2128776684285 743.9088274944875 5.0 9.698512233328074
1463.0838933977307 743.8977543793437 5.0 9.716771533247083
1462.9546939281502 743.8866623065466 5.0 9.733448333339766
1462.8252793309223 743.875551282143 5.0 9.751252733170986
1462.695649677377 743.8644213121888 5.0 9.768660933244973
1462.5658050389393 743.8532724027483 5.0 9.785901633324102
1462.4357454871285 743.8421045598942 5.0 9.803077733376995
1462.3054710935585 743.830917789708 5.0 9.82090733316727
1462.1749819299375 743.8197120982795 5.0 9.83763963333331
1462.0442780680683 743.8084874917072 5.0 9.855250533204526
1461.9133595798469 743.797243976098 5.0 9.871921133249998
1461.7822265372638 743.7859815575673 5.0 9.89016123325564
1461.6508790124033 743.774700242239 5.0 9.9068282332737
1461.5193170774428 743.7634000362455 5.0 9.923507033381611
1461.3875408046536 743.7520809457275 5.0 9.941073033260182
1461.2555502664 743.7407429768343 5.0 9.958132133353502
1461.1233455351396 743.7293861357236 5.0 9.974806733196601
1460.990926683423 743.7180104285616 5.0 9.991481533274055
1460.858293783893 743.7066158615227 5.0 10.008501733187586
1460.7254469092861 743.6952024407897 5.0 10.025175233371556
1460.5923861324306 743.683770172554 5.0 10.043102633208036
1460.4591115262476 743.6723190630152 5.0 10.05976983322762
1460.3256231637502 743.6608491183811 5.0 10.077577733201906
1460.1919211180434 743.6493603448681 5.0 10.094252733280882
1460.0580054623244 743.637852748701 5.0 10.112275733379647
1459.9238762698822 743.6263263361126 5.0 10.128944433294237
1459.789533614097 743.6147811133441 5.0 10.145614933222532
1459.6549775684412 743.603217086645 5.0 10.16229213331826
1459.5202082064775 743.5916342622733 5.0 10.178970433305949
1459.3852256018608 743.5800326464948 5.0 10.196004633326083
1459.2500298283364 743.568412245584 5.0 10.212683433201164
1459.1146209597407 743.5567730658232 5.0 10.230247133178636
1458.9789990700006 743.5451151135034 5.0 10.246922833379358
1458.8431642331336 743.5334383949233 5.0 10.265044833300635
1458.7071165232478 743.5217429163903 5.0 10.2817162333522
1458.5708560145413 743.5100286842195 5.0 10.30008303327486
1458.4343827813025 743.4982957047345 5.0 10.316758133238181
1458.2976968979094 743.4865439842669 5.0 10.33508133329451
1458.1607984388304 743.4747735291564 5.0 10.351749733323231
1458.0236874786228 743.4629843457511 5.0 10.368902933318168
1457.886364091934 743.4511764404069 5.0 10.385573033243418
1457.7488283535004 743.4393498194879 5.0 10.402246333193034
1457.6110803381475 743.4275044893664 5.0 10.418916733236983
1457.47312012079 743.4156404564225 5.0 10.435586433159187
1457.3349477764318 743.4037577270446 5.0 10.453032933175564
1457.196563380165 743.3918563076293 5.0 10.469834233168513
1457.05796700717 743.3799362045808 5.0 10.48764663329348
1456.9191587327164 743.3679974243115 5.0 10.504320333246142
1456.7801386321614 743.3560399732421 5.0 10.522068633232266
1456.6409067809507 743.3440638578008 5.0 10.538735833251849
1456.5014632546179 743.3320690844242 5.0 10.557749233208597
1456.361808128784 743.3200556595566 5.0 10.574418433243409
1456.2219414791584 743.3080235896504 5.0 10.591475733323023
1456.0818633815372 743.2959728811658 5.0 10.60814983327873
1455.9415739118042 743.283903540571 5.0 10.624824833357707
1455.80107314593 743.2718155743422 5.0 10.64150133333169
1455.660361159973 743.2597089889634 5.0 10.658180933212861
1455.5194380300777 743.2475837909266 5.0 10.675534933339804
1455.3783038324757 743.2354399867314 5.0 10.692210433306172
1455.236958643485 743.2232775828857 5.0 10.709796933224425
1455.0954025395101 743.2110965859048 5.0 10.726477733347565
1454.9536355970417 743.1988970023122 5.0 10.744452133309096
1454.8116578926565 743.1866788386388 5.0 10.761150033213198
1454.6694695030171 743.1744421014239 5.0 10.779573033330962
1454.5270705048722 743.162186797214 5.0 10.796240533236414
1454.3844609750556 743.1499129325637 5.0 10.813725733198225
1454.2416409904872 743.1376205140352 5.0 10.830414233263582
1454.0986106281716 743.1253095481987 5.0 10.849035133374855
1453.955369965199 743.112980041632 5.0 10.865717633161694
1453.8119190787443 743.1006320009205 5.0 10.883492433233187
1453.6682580460674 743.0882654326576 5.0 10.900163933169097
1453.5243869445128 743.0758803434442 5.0 10.918980133254081
1453.3803058515098 743.0634767398888 5.0 10.93582673324272
1453.2360148445716 743.0510546286077 5.0 10.95335983322002
1453.091514001296 743.038614016225 5.0 10.970051233191043
1452.9468033993646 743.0261549093722 5.0 10.987617733189836
1452.8018831165432 743.0136773146885 5.0 11.004292633384466
1452.656753230681 743.0011812388208 5.0 11.022736833197996
1452.5114138197112 742.9886666884236 5.0 11.039407333359122
1452.36586496165 742.9761336701588 5.0 11.056999733205885
1452.220106734597 742.9635821906961 5.0 11.073678233195096
1452.0741392167354 742.9510122567127 5.0 11.092064433265477
1451.9279624863307 742.9384238748934 5.0 11.108736833324656
1451.7815766217313 742.9258170519304 5.0 11.126313233282417
1451.6349817013688 742.9131917945235 5.0 11.143072133185342
1451.4881778037568 742.9005481093801 5.0 11.160856233211234
1451.3411650074913 742.8878860032148 5.0 11.177532733185217
1451.1939433912505 742.8752054827501 5.0 11.19420473324135
1451.0465130337948 742.8625065547157 5.0 11.210885633248836
1450.8988740139664 742.8497892258487 5.0 11.227579433238134
1450.7510264106888 742.8370535028939 5.0 11.244585033273324
1450.6029703029678 742.8242993926034 5.0 11.261257433332503
1450.4547057698899 742.8115269017366 5.0 11.27961443318054
1450.3062328906233 742.7987360370604 5.0 11.296647533308715
1450.1575517444169 742.7859268053492 5.0 11.313697533216327
1450.008662410601 742.7730992133845 5.0 11.330682333325967
1449.8595649685858 742.7602532679555 5.0 11.348647333215922
1449.7102594978633 742.7473889758584 5.0 11.365358733339235
1449.560746078005 742.734506343897 5.0 11.384531733347103
1449.411024788663 742.7216053788824 5.0 11.401333433343098
1449.2610957095699 742.7086860876328 5.0 11.418668233323842
1449.1109589205375 742.6957484769739 5.0 11.435369233367965
1448.9606145014582 742.6827925537385 5.0 11.453073733253404
1448.8100625323034 742.6698183247669 5.0 11.469746333314106
1448.6593030931242 742.6568257969064 5.0 11.487638233229518
1448.5083362640514 742.6438149770117 5.0 11.50430773338303
1448.3571621252947 742.6307858719447 5.0 11.521758133312687
1448.2057807571427 742.6177384885744 5.0 11.538433433277532
1448.054192239963 742.6046728337773 5.0 11.555102833313867
1447.902396654202 742.5915889144366 5.0 11.571889033308253
1447.7503940803845 742.578486737443 5.0 11.588826833292842
1447.5981845991137 742.5653663096944 5.0 11.605493933195248
1447.4457682910709 742.5522276380956 5.0 11.622167433379218
1447.2931452370158 742.5390707295587 5.0 11.640063433209434
1447.140315517786 742.5258955910028 5.0 11.65674013318494
1446.9872792142964 742.5127022293543 5.0 11.673415233381093
1446.8340364075402 742.4994906515465 5.0 11.690231533255428
1446.6805871785873 742.4862608645197 5.0 11.706912133377045
1446.5269316085853 742.4730128752217 5.0 11.72378363320604
1446.3730697787587 742.4597466906067 5.0 11.740482933353633
1446.2190017704092 742.4464623176365 5.0 11.758313833270222
1446.0647276649154 742.4331597632795 5.0 11.775075433310121
1445.9102475437319 742.4198390345114 5.0 11.793229033239186
1445.7555614883904 742.4065001383146 5.0 11.809899733169004
1445.6006695804988 742.3931430816789 5.0 11.827954333275557
1445.445571901741 742.3797678716005 5.0 11.844628733349964
1445.290268533877 742.3663745150831 5.0 11.862714433344081
1445.1347595587426 742.352963019137 5.0 11.87938823318109
1444.9790450582493 742.3395333907795 5.0 11.896590233314782
1444.8231251143843 742.3260856370348 5.0 11.913257133215666
1444.6669998092098 742.312619764934 5.0 11.931914633372799
1444.5106692248635 742.2991357815151 5.0 11.948587633203715
1444.3541334435579 742.285633693823 5.0 11.966994033195078
1444.1973925475806 742.2721135089093 5.0 11.983672633301467
1444.040446619294 742.2585752338327 5.0 12.00133763323538
1443.8832957411348 742.2450188756585 5.0 12.018013233318925
1443.7259399956145 742.2314444414587 5.0 12.03612373326905
1443.5683794653182 742.2178519383125 5.0 12.052791433176026
1443.4106142329058 742.2042413733054 5.0 12.070751633262262
1443.2526443811105 742.1906127535301 5.0 12.08742603333667
1443.0944699927397 742.1769660860858 5.0 12.105703133158386
1442.9360911506742 742.1633013780786 5.0 12.122371033299714
1442.7775079378684 742.1496186366211 5.0 12.139842133270577
1442.6187204373498 742.1359178688327 5.0 12.156516533344984
1442.4597287322192 742.1221990818398 5.0 12.175059833331034
1442.3005329056502 742.108462282775 5.0 12.191733233164996
1442.1411330408894 742.0947074787779 5.0 12.20972303324379
1441.9815292212559 742.0809346769945 5.0 12.226391233270988
1441.8217215301413 742.0671438845777 5.0 12.24470843328163
1441.6617100510095 742.053335108687 5.0 12.261379333212972
1441.5014948673968 742.0395083564882 5.0 12.279371033189818
1441.341076062911 742.0256636351543 5.0 12.29633633326739
1441.1804537212322 742.0118009518642 5.0 12.313460333272815
1441.0196279261122 741.9979203138039 5.0 12.330206633312628
1440.858598761374 741.9840217281657 5.0 12.348916233284399
1440.697366310912 741.9701052021484 5.0 12.365858533186838
1440.5359306586922 741.9561707429575 5.0 12.383494433248416
1440.3742918887513 741.9422183578049 5.0 12.400165733182803
1440.2124500851967 741.9282480539091 5.0 12.418051133165136
1440.050405332207 741.914259838495 5.0 12.4347228333354
1439.8881577140312 741.900253718794 5.0 12.451394533272833
1439.7257073149885 741.8862297020441 5.0 12.468072533374652
1439.5630542194685 741.8721877954896 5.0 12.484749233350158
1439.4001985119307 741.8581280063811 5.0 12.501513433177024
1439.237140276905 741.8440503419758 5.0 12.518204633379355
1439.0738795989903 741.8299548095374 5.0 12.536345033207908
1438.9104165628557 741.8158414163357 5.0 12.553011933341622
1438.7467512532396 741.8017101696472 5.0 12.570897433208302
1438.5828837549495 741.7875610767545 5.0 12.587565833237022
1438.4188141528623 741.7733941449467 5.0 12.605178133351728
1438.2545425319236 741.7592093815191 5.0 12.621851033298299
1438.0900689771477 741.7450067937735 5.0 12.640289833303541
1437.9253935736178 741.7307863890179 5.0 12.656956533202901
1437.7605164064855 741.7165481745666 5.0 12.675107133341953
1437.5954375609708 741.7022921577402 5.0 12.691780333174393
1437.4301571223616 741.6880183458655 5.0 12.709935733349994
1437.2646751760137 741.6737267462757 5.0 12.726608833298087
1437.0989918073512 741.6594173663101 5.0 12.744905433384702
1436.9331071018655 741.6450902133141 5.0 12.761589533183724
1436.7670211451157 741.6307452946397 5.0 12.779560333350673
1436.6007340227281 741.6163826176448 5.0 12.796232733177021
1436.4342458203962 741.6020021896935 5.0 12.813402033178136
1436.2675566238804 741.5876040181561 5.0 12.830071033211425
1436.1006665190084 741.5731881104091 5.0 12.846747233299538
1435.933575591674 741.558754473835 5.0 12.863419433357194
1435.7662839278382 741.5443031158227 5.0 12.880092833191156
1435.5987916135277 741.5298340437669 5.0 12.89693203335628
1435.4310987348358 741.5153472650685 5.0 12.91360153327696
1435.2632053779218 741.5008427871346 5.0 12.93032173323445
1435.095111629011 741.4863206173783 5.0 12.94699973333627
1434.9268175743941 741.4717807632187 5.0 12.963675133185461
1434.7583233004277 741.457223232081 5.0 12.98034783336334
1434.5896288935337 741.4426480313964 5.0 12.997019433183596
1434.420734440199 741.4280551686021 5.0 13.01534333336167
1434.2516400269762 741.4134446511413 5.0 13.032015533186495
1434.0823457404822 741.3988164864631 5.0 13.050129133276641
1433.9128516673989 741.3841706820228 5.0 13.06680603325367
1433.7431578944727 741.3695072452815 5.0 13.08433743333444
1433.5732645085147 741.3548261837062 5.0 13.10101683321409
1433.4031715964002 741.34012750477 5.0 13.117689933162183
1433.2328792450685 741.3254112159516 5.0 13.134367533260956
1433.0623875415229 741.3106773247359 5.0 13.151035933289677
1432.8916965728304 741.2959258386136 5.0 13.167821833165362
1432.720806426122 741.2811567650812 5.0 13.184817733243108
1432.5497171885916 741.2663701116411 5.0 13.202965333359316
1432.378428947497 741.2515658858017 5.0 13.219638633308932
1432.2069417901587 741.236744095077 5.0 13.23745493334718
1432.0352558039604 741.2219047469869 5.0 13.254121733363718
1431.8633710763486 741.2070478490571 5.0 13.271894533187151
1431.6912876948327 741.192173408819 5.0 13.288569133263081
1431.519005746984 741.17728143381 5.0 13.30688473326154
1431.3465253204367 741.162371931573 5.0 13.32355373329483
1431.173846502887 741.1474449096569 5.0 13.340352633269504
1431.0009693820932 741.132500375616 5.0 13.357025733217597
1430.8278940458754 741.1175383370106 5.0 13.37617553328164
1430.6546205821153 741.1025588014066 5.0 13.392844833200797
1430.4811490787563 741.0875617763757 5.0 13.410955133382231
1430.3074796238031 741.072547269495 5.0 13.42763143335469
1430.1336123053215 741.0575152883475 5.0 13.444307933328673
1429.9595472114388 741.0424658405218 5.0 13.46098373318091
1429.7852844303427 741.0273989336121 5.0 13.47765723336488
1429.6108240502817 741.0123145752182 5.0 13.495067833224311
1429.4361661595651 740.9972127729455 5.0 13.512237733229995
1429.2613108465625 740.9820935344051 5.0 13.529139133170247
1429.0862581997037 740.9669568672135 5.0 13.54581703338772
1428.9110083074788 740.9518027789929 5.0 13.563511533197016
1428.7355612584377 740.936631277371 5.0 13.580179733224213
1428.5599171411898 740.921442369981 5.0 13.59691463317722
1428.3840760444043 740.9062360644617 5.0 13.613967033335939
1428.2080380568102 740.8910123684574 5.0 13.63065203325823
1428.0318032671953 740.8757712896177 5.0 13.64731873315759
1427.8553717644068 740.8605128355979 5.0 13.66398943332024
1427.6787436373506 740.8452370140586 5.0 13.681686833268031
1427.5019189749917 740.8299438326661 5.0 13.698361033340916
1427.3248978663535 740.814633299092 5.0 13.715031933272257
1427.147680400518 740.7993054210131 5.0 13.731713933171704
1426.9702666666258 740.7839602061118 5.0 13.748387433355674
1426.792656753875 740.768597662076 5.0 13.765345533378422
1426.6148507515222 740.7532177965987 5.0 13.782052633352578
1426.4368487488816 740.7378206173787 5.0 13.799626233289018
1426.2586508353252 740.7224061321197 5.0 13.816303233383223
1426.0802571002826 740.7069743485308 5.0 13.832970733288676
1425.9016676332403 740.6915252743268 5.0 13.849638633197173
1425.7228825237428 740.6760589172274 5.0 13.866307333344594
1425.5439018613909 740.6605752849576 5.0 13.883170133223757
1425.3647257358425 740.6450743852481 5.0 13.900041333166882
1425.1853542368124 740.6295562258343 5.0 13.918165133334696
1425.0057874540717 740.6140208144574 5.0 13.93483823328279
1424.8260254774477 740.5984681588633 5.0 13.953037333209068
1424.6460683968246 740.5828982668036 5.0 13.969707733253017
1424.4659163021422 740.5673111460347 5.0 13.987480333307758
1424.2855692833962 740.5517068043187 5.0 14.004150233231485
1424.105027430638 740.5360852494223 5.0 14.0218740333803
1423.924290833975 740.5204464891177 5.0 14.038547533331439
1423.7433595835696 740.5047905311823 5.0 14.055228633340448
1423.5622337696395 740.4891173833984 5.0 14.07190823322162
1423.3809134824578 740.4734270535536 5.0 14.088582133175805
1423.1993988123522 740.4577195494405 5.0 14.105461333179846
1423.0176898497054 740.441994878857 5.0 14.122150833252817
1422.8357866849547 740.4262530496059 5.0 14.139970033196732
1422.6536894085914 740.410494069495 5.0 14.156647033290938
1422.471398111162 740.3947179463374 5.0 14.17331733321771
1422.2889128832664 740.3789246879511 5.0 14.189995933324099
1422.1062338155589 740.363114302159 5.0 14.206665533361956
1421.9233609987473 740.3472867967893 5.0 14.223780133295804
1421.7402945235933 740.3314421796749 5.0 14.24045233335346
1421.557034480912 740.315580458654 5.0 14.25814133323729
1421.373580961572 740.2997016415695 5.0 14.274818233214319
1421.1899340564948 740.2838057362693 5.0 14.291492733173072
1421.006093856655 740.2678927506064 5.0 14.308324333280325
1420.8220604530802 740.2519626924385 5.0 14.324997333344072
1420.6378339368505 740.2360155696284 5.0 14.341782633215189
1420.4534143990986 740.2200513900437 5.0 14.358670633286238
1420.2688019310099 740.2040701615571 5.0 14.37640353338793
1420.0839966238216 740.1880718920457 5.0 14.393073633313179
1419.8989985688231 740.172056589392 5.0 14.411076033255085
1419.7138078573557 740.1560242614829 5.0 14.427745233289897
1419.5284245808125 740.1399749162103 5.0 14.445850533200428
1419.342848830638 740.1239085614711 5.0 14.462521333247423
1419.1570806983286 740.1078252051668 5.0 14.480507233180106
1418.9711202754313 740.0917248552037 5.0 14.497181833256036
1418.7849676535448 740.0756075194928 5.0 14.514857433270663
1418.598622924318 740.0594732059501 5.0 14.531531733227894
1418.4120861794515 740.0433219224961 5.0 14.548200433375314
1418.2253575106956 740.0271536770563 5.0 14.565676533384249
1418.0384370098518 740.0109684775605 5.0 14.58242903323844
1417.8513247687717 739.9947663319435 5.0 14.599108133232221
1417.664020879357 739.9785472481449 5.0 14.615780033171177
1417.476525433559 739.9623112341087 5.0 14.633183233207092
1417.2888385233794 739.9460582977837 5.0 14.649850733345374
1417.1009602408692 739.9297884471233 5.0 14.666523733176291
1416.9128906781293 739.9135016900856 5.0 14.68382073333487
1416.7246299273095 739.8971980346332 5.0 14.70058763329871
1416.536178080609 739.8808774887335 5.0 14.71726503316313
1416.347535230276 739.8645400603583 5.0 14.733938033226877
1416.1587014686077 739.848185757484 5.0 14.751320133218542
1415.9696768879498 739.8318145880917 5.0 14.76799733331427
1415.7804615806967 739.8154265601669 5.0 14.786746233236045
1415.591055639291 739.7990216816996 5.0 14.803489833371714
1415.4014591562238 739.7825999606846 5.0 14.820986033184454
1415.2116722240341 739.766161405121 5.0 14.837664933176711
1415.021694935309 739.7497060230123 5.0 14.855525033315644
1414.831527382683 739.7332338223667 5.0 14.872199533274397
1414.6411696588384 739.7167448111968 5.0 14.890091533306986
1414.450621856505 739.7002389975195 5.0 14.90676153334789
1414.25988406846 739.6837163893563 5.0 14.925329533172771
1414.0689563875274 739.6671769947329 5.0 14.941999433329329
1413.8778389065783 739.6506208216799 5.0 14.959717933321372
1413.6865317185307 739.6340478782317 5.0 14.976387033239007
1413.4950349163491 739.6174581724276 5.0 14.995071433251724
1413.3033485930448 739.6008517123109 5.0 15.011747933225706
1413.111472841675 739.5842285059293 5.0 15.029562033247203
1412.9194077553434 739.5675885613351 5.0 15.046233833301812
1412.7271534271995 739.5509318865846 5.0 15.063519233372062
1412.5347099504386 739.5342584897387 5.0 15.080187933286652
1412.342077418302 739.5175683788623 5.0 15.098877733340487
1412.1492559240764 739.5008615620247 5.0 15.115551533177495
1411.956245561094 739.4841380472998 5.0 15.13263103319332
1411.7630464227318 739.4673978427652 5.0 15.149301033234224
1411.5696586024123 739.4506409565031 5.0 15.168197433231398
1411.3760821936028 739.4338673965998 5.0 15.18495503324084
1411.182317289815 739.4170771711459 5.0 15.203062833286822
1410.988363984606 739.4002702882362 5.0 15.220037933206186
1410.7942223715763 739.3834467559697 5.0 15.238093933323398
1410.5998925443716 739.3666065824492 5.0 15.254763733362779
1410.4053745966814 739.3497497757822 5.0 15.272002433193848
1410.210668622239 739.3328763440802 5.0 15.288673933362588
1410.0157747148214 739.3159862954585 5.0 15.30817753332667
1409.8206929682497 739.2990796380369 5.0 15.325283133191988
1409.6254234763883 739.2821563799392 5.0 15.342367633245885
1409.4299663331446 739.2652165292933 5.0 15.35914763319306
1409.2343216324698 739.248260094231 5.0 15.380699533270672
1409.0384894683577 739.2312870828883 5.0 15.397373433224857
1408.842469934845 739.2142975034054 5.0 15.417984733358026
1408.646263126011 739.1972913639263 5.0 15.435004833387211
1408.449869135978 739.1802686725991 5.0 15.452911333180964
1408.2532880589101 739.163229437576 5.0 15.469582333229482
1408.0565199890143 739.1461736670129 5.0 15.487542833201587
1407.8595650205389 739.12910136907 5.0 15.504218133166432
1407.6624232477748 739.1120125519113 5.0 15.52089223335497
1407.4650947650543 739.0949072237049 5.0 15.544750733301044
1407.2675796667515 739.0777853926227 5.0 15.561504333280027
1407.069878047282 739.0606470668404 5.0 15.578969433205202
1406.8719900011022 739.0434922545379 5.0 15.59575103316456
1406.6739156227102 739.0263209638989 5.0 15.612522133160383
1406.475655006645 739.0091332031109 5.0 15.629192133201286
1406.277208247486 738.9919289803653 5.0 15.645865133265033
1406.078575439854 738.9747083038575 5.0 15.663093833252788
1405.8797566784094 738.9574711817864 5.0 15.679823333164677
1405.680752057854 738.9402176223551 5.0 15.696494433330372
1405.481561672929 738.9229476337704 5.0 15.713164133252576
1405.282185618416 738.9056612242426 5.0 15.730133133241907
1405.0826239891362 738.8883584019864 5.0 15.746801933273673
1404.882876879951 738.8710391752196 5.0 15.76347073330544
1404.6829443857612 738.8537035521642 5.0 15.780147233279422
1404.4828266015068 738.8363515410458 5.0 15.796815233305097
1404.2825236221672 738.8189831500938 5.0 15.813488733256236
1404.082035542761 738.8015983875413 5.0 15.830639133229852
1403.8813624583458 738.784197261625 5.0 15.849012533202767
1403.680504464018 738.7667797805852 5.0 15.865681033348665
1403.4794616549123 738.7493459526663 5.0 15.883117733290419
1403.2782341262023 738.7318957861161 5.0 15.899786433205009
1403.0768219730999 738.7144292891859 5.0 15.916455833241343
1402.8752252908548 738.6969464701308 5.0 15.93313053320162
1402.6734441747553 738.6794473372096 5.0 15.949957833159715
1402.4714787201274 738.6619318986845 5.0 15.966872333316132
1402.2693290223344 738.6444001628216 5.0 15.983816133346409
1402.0669951767777 738.6268521378902 5.0 16.001231633359566
1401.8644772788957 738.6092878321634 5.0 16.017903433181345
1401.6617754241645 738.5917072539179 5.0 16.03457963326946
1401.4588897080969 738.5741104114338 5.0 16.0518681332469
1401.2558202262428 738.5564973129948 5.0 16.070898233214393
1401.052567074189 738.538867966888 5.0 16.08761763316579
1400.849130347559 738.5212223814042 5.0 16.104296433273703
1400.6455101420122 738.5035605648376 5.0 16.121885133208707
1400.4417065532452 738.4858825254857 5.0 16.140325233340263
1400.23771967699 738.4681882716498 5.0 16.157003233209252
1400.0335496090154 738.4504778116343 5.0 16.175005533266813
1399.8291964451253 738.4327511537473 5.0 16.191748833283782
1399.6246602811598 738.4150083063 5.0 16.209587733261287
1399.4199412129944 738.3972492776074 5.0 16.226257133297622
1399.2150393365403 738.3794740759877 5.0 16.250975333387032
1399.0099547477432 738.3616827097624 5.0 16.267666433239356
1398.8046875425848 738.3438751872563 5.0 16.284340533195063
1398.5992378170813 738.326051516798 5.0 16.301013433374465
1398.3936056672837 738.3082117067189 5.0 16.317692733369768
1398.187791189278 738.290355765354 5.0 16.334729133173823
1397.981794479184 738.2724837010416 5.0 16.35181033331901
1397.7756156331563 738.2545955221232 5.0 16.36926003335975
1397.5692547473839 738.2366912369436 5.0 16.391996933380142
1397.3627119180894 738.218770853851 5.0 16.40867243334651
1397.1559872415294 738.2008343811966 5.0 16.425352833233774
1396.9490808139942 738.1828818273352 5.0 16.44203203334473
1396.741992731808 738.1649132006245 5.0 16.46014463319443
1396.5347230913283 738.1469285094255 5.0 16.47743483330123
1396.3272719889453 738.1289277621025 5.0 16.494416933273897
1396.1196395210832 738.1109109670231 5.0 16.511127833276987
1395.9118257841985 738.0928781325576 5.0 16.529294833308086
1395.703830874781 738.07482926708 5.0 16.546296233311296
1395.4956548893526 738.056764378967 5.0 16.564255433389917
1395.2872979244685 738.0386834765989 5.0 16.580931133357808
1395.0787600767153 738.0205865683587 5.0 16.599591033300385
1394.8700414427128 738.0024736626326 5.0 16.61627643322572
1394.6611421191121 737.9843447678102 5.0 16.633738733362406
1394.4520622025966 737.9661998922837 5.0 16.65040953317657
1394.2428017898812 737.9480390444488 5.0 16.668477233266458
1394.0333609777128 737.9298622327041 5.0 16.685147333191708
1393.8237398628694 737.911669465451 5.0 16.702596833230928
1393.6139385421602 737.8934607510944 5.0 16.71985173318535
1393.403957112426 737.8752360980417 5.0 16.73746903333813
1393.1937956705383 737.8569955147037 5.0 16.75446333317086
1392.9834543133995 737.838739009494 5.0 16.772121333284304
1392.7729331379428 737.8204665908293 5.0 16.78879603324458
1392.5622322411318 737.802178267129 5.0 16.808234033174813
1392.3513517199606 737.7838740468156 5.0 16.82490903325379
1392.1402916714535 737.7655539383148 5.0 16.843386933207512
1391.929052192665 737.7472179500548 5.0 16.860060933278874
1391.7176333806794 737.7288660904669 5.0 16.87774723325856
1391.506035332611 737.7104983679852 5.0 16.89441793318838
1391.2942581456034 737.692114791047 5.0 16.912793233292177
1391.08230191683 737.6737153680918 5.0 16.933296533301473
1390.8701667434934 737.6553001075628 5.0 16.949994233204052
1390.6578527228255 737.6368690179054 5.0 16.967879933305085
1390.4453599520873 737.6184221075681 5.0 16.98458223324269
1390.2326885285686 737.5999593850021 5.0 17.001421333290637
1390.019838549588 737.5814808586615 5.0 17.01809413335286
1389.8068101124925 737.5629865370032 5.0 17.03477103332989
1389.593603314658 737.5444764284867 5.0 17.051440433366224
1389.380218253488 737.5259505415745 5.0 17.068176633212715
1389.1666550264151 737.5074088847316 5.0 17.085028533358127
1388.9529137308991 737.4888514664259 5.0 17.10170163330622
1388.738994464428 737.470278295128 5.0 17.12009853334166
1388.5248973245175 737.4516893793112 5.0 17.136776033323258
1388.3106224087107 737.4330847274515 5.0 17.154625633265823
1388.0961698145784 737.4144643480275 5.0 17.171299133216962
1387.8815396397185 737.3958282495207 5.0 17.189084433251992
1387.666731981756 737.3771764404149 5.0 17.20575683331117
1387.4517469383427 737.3585089291969 5.0 17.222683833213523
1387.2365846071575 737.3398257243558 5.0 17.239573433296755
1387.021245085906 737.3211268343836 5.0 17.25624223332852
1386.8057284723202 737.3024122677747 5.0 17.27291743317619
1386.5900348641585 737.2836820330263 5.0 17.289860433200374
1386.3741643592052 737.2649361386378 5.0 17.307246333220974
1386.1581170552713 737.2461745931117 5.0 17.323914633365348
1385.9418930501934 737.2273974049527 5.0 17.34148903330788
1385.725492441834 737.208604582668 5.0 17.358162633376196
1385.5089153280808 737.1897961347676 5.0 17.377154533285648
1385.2921618068476 737.1709720697636 5.0 17.393836233299226
1385.0752319760734 737.152132396171 5.0 17.411479033296928
1384.858125933722 737.1332771225071 5.0 17.42815273324959
1384.640843777783 737.1144062572918 5.0 17.445938133168966
1384.42338560627 737.0955198090471 5.0 17.462835933314636
1384.2057515172219 737.0766177862979 5.0 17.48028053320013
1383.9879416087024 737.0577001975713 5.0 17.49698043335229
1383.769955978799 737.0387670513968 5.0 17.51377303316258
1383.5517947256244 737.0198183563065 5.0 17.53046143334359
1383.3334579473146 737.0008541208346 5.0 17.547160033369437
1383.1149457420304 736.9818743535179 5.0 17.563826833385974
1382.8962582079557 736.9628790628956 5.0 17.58053333335556
1382.6773954432988 736.943868257509 5.0 17.598628633189946
1382.4583575462914 736.9248419459021 5.0 17.615296333329752
1382.2391446151883 736.9058001366209 5.0 17.63332203333266
1382.019756748268 736.8867428382139 5.0 17.649997933302075
1381.8001940438323 736.8676700592318 5.0 17.667856433195993
1381.5804566002055 736.8485818082278 5.0 17.684529533376917
1381.360544515735 736.829478093757 5.0 17.701204733224586
1381.1404578887912 736.8103589243772 5.0 17.717880833195522
1380.9201968177665 736.7912243086481 5.0 17.734554033260792
1380.6997614010763 736.7720742551319 5.0 17.751337133347988
1380.4791517371582 736.7529087723929 5.0 17.768011033302173
1380.2583679244715 736.7337278689974 5.0 17.786014633253217
1380.0374100614977 736.7145315535145 5.0 17.802684433292598
1379.8162782467405 736.6953198345149 5.0 17.8193541332148
1379.594972578725 736.6760927205717 5.0 17.83661793335341
1379.373493155998 736.6568502202601 5.0 17.853702533291653
1379.1518400771274 736.6375923421577 5.0 17.87037973338738
1378.9300134407029 736.618319094844 5.0 17.887049733195454
1378.7080133453346 736.5990304869005 5.0 17.904608933255076
1378.4858398896545 736.579726526911 5.0 17.921275733271614
1378.2634931723148 736.5604072234617 5.0 17.938490533269942
1378.0409732919888 736.5410725851401 5.0 17.95515923318453
1377.81828034737 736.5217226205366 5.0 17.97182683320716
1377.5954144371728 736.5023573382431 5.0 17.988495333353058
1377.3723756601312 736.4829767468538 5.0 18.0051639333833
1377.1491641149998 736.4635808549648 5.0 18.02209613332525
1376.9257799005532 736.4441696711744 5.0 18.038859233260155
1376.7022231155856 736.4247432040829 5.0 18.05552923330106
1376.4784938589112 736.4053014622923 5.0 18.072204533265904
1376.2545922293637 736.3858444544069 5.0 18.08887253329158
1376.0305183257958 736.3663721890329 5.0 18.105553133180365
1375.8062722470802 736.3468846747783 5.0 18.122348733246326
1375.581854092108 736.3273819202533 5.0 18.14024793333374
1375.3572639597899 736.3078639340698 5.0 18.15695493319072
1375.132501949055 736.2883307248419 5.0 18.175083233276382
1374.9075681588517 736.2687823011853 5.0 18.191758633358404
1374.6824626881464 736.2492186717177 5.0 18.209868933307007
1374.4571856359241 736.2296398450588 5.0 18.226543233264238
1374.2317371011882 736.2100458298302 5.0 18.24429773329757
1374.00611718296 736.1904366346549 5.0 18.26120233326219
1373.780325980279 736.1708122681584 5.0 18.27795293321833
1373.5543635922027 736.1511727389676 5.0 18.294632733333856
1373.328230117806 736.1315180557114 5.0 18.313630833290517
1373.1019256561817 736.1118482270203 5.0 18.330305433366448
1372.87545030644 736.092163261527 5.0 18.346979333320633
1372.6488041677078 736.0724631678656 5.0 18.363668833160773
1372.4219873391303 736.0527479546721 5.0 18.38034273334779
1372.1949999198687 736.0330176305843 5.0 18.397010633256286
1371.9678420091016 736.0132722042416 5.0 18.413685033330694
1371.740513706024 735.9935116842853 5.0 18.43207243317738
1371.5130151098483 735.9737360793584 5.0 18.448739933315665
1371.2853463198023 735.9539453981056 5.0 18.4668377332855
1371.057507435131 735.9341396491732 5.0 18.483510333346203
1370.829498555095 735.9143188412093 5.0 18.500920333201066
1370.601319778971 735.8944829828635 5.0 18.5179638331756
1370.372971206052 735.8746320827872 5.0 18.534631333313882
1370.1444529356465 735.8547661496336 5.0 18.551308133173734
1369.9157650670788 735.8348851920573 5.0 18.567976033315063
1369.6869076996884 735.8149892187145 5.0 18.58464423334226
1369.4578809328304 735.7950782382632 5.0 18.60131883318536
1369.228684865875 735.7751522593627 5.0 18.619342433288693
1368.9993195982076 735.7552112906743 5.0 18.6360194333829
1368.7697852292285 735.7352553408606 5.0 18.65284143318422
1368.5400818583526 735.7152844185857 5.0 18.669566833181307
1368.3102095850097 735.6952985325154 5.0 18.68625233322382
1368.080168508644 735.675297691317 5.0 18.702927133301273
1367.8499587287142 735.6552819036593 5.0 18.719600533368066
1367.6195803446933 735.6352511782127 5.0 18.737352933268994
1367.3890334560683 735.6152055236489 5.0 18.754026933340356
1367.15831816234 735.5951449486413 5.0 18.771813133265823
1366.9274345630233 735.5750694618647 5.0 18.788485733326524
1366.696382757647 735.5549790719953 5.0 18.805152733344585
1366.4651628457527 735.5348737877108 5.0 18.821834433358163
1366.2337749268963 735.5147536176903 5.0 18.838510133326054
1366.0022191006467 735.4946185706144 5.0 18.855301433242857
1365.7704954665855 735.4744686551652 5.0 18.871972433291376
1365.5386041243082 735.4543038800259 5.0 18.890548933297396
1365.3065451734224 735.4341242538814 5.0 18.90722093335353
1365.0743187135486 735.4139297854176 5.0 18.924619833240286
1364.8419248443201 735.3937204833222 5.0 18.941295533208176
1364.609363665383 735.373496356284 5.0 18.960001033265144
1364.376635276395 735.3532574129932 5.0 18.976673133205622
1364.1437397770267 735.3330036621414 5.0 18.99445423320867
1363.91067726696 735.3127351124215 5.0 19.01113453321159
1363.6774478458894 735.2924517725274 5.0 19.0294686332345
1363.4440516135212 735.2721536511548 5.0 19.04667803319171
1363.210488669573 735.2518407570002 5.0 19.0633566332981
1362.9767591137738 735.2315130987618 5.0 19.080029633361846
1362.7428630458649 735.2111706851387 5.0 19.09670523321256
1362.5088005655978 735.1908135248314 5.0 19.113375233253464
1362.2745717727357 735.1704416265416 5.0 19.130052433349192
1362.0401767670526 735.1500549989722 5.0 19.146960933227092
1361.8056156483335 735.1296536508275 5.0 19.16363253328018
1361.570888516374 735.1092375908129 5.0 19.18030173331499
1361.3359954709804 735.0888068276347 5.0 19.197192633291706
1361.1009366119695 735.0683613700007 5.0 19.213862433331087
1360.865712039168 735.0479012266198 5.0 19.23053643316962
1360.6303218524135 735.027426406202 5.0 19.24720483319834
1360.394766151553 735.0069369174585 5.0 19.265248833224177
1360.159045036444 734.9864327691015 5.0 19.281973633216694
1359.9231586069534 734.9659139698443 5.0 19.299931133165956
1359.6871069629578 734.9453805284016 5.0 19.316604833351448
1359.4508902043435 734.9248324534889 5.0 19.33464173320681
1359.214508431006 734.9042697538227 5.0 19.351308833342046
1358.9779617428499 734.8836924381209 5.0 19.36964093334973
1358.7412502397895 734.8631005151021 5.0 19.386310233268887
1358.5043740217477 734.8424939934863 5.0 19.404216333292425
1358.2673331886565 734.8218728819943 5.0 19.42089223326184
1358.030127840456 734.8012371893478 5.0 19.438671933254227
1357.792758077096 734.7805869242699 5.0 19.455341833177954
1357.5552239985338 734.7599220954843 5.0 19.472018433269113
1357.3175257047355 734.7392427117159 5.0 19.488694733241573
1357.0796632956751 734.7185487816905 5.0 19.508502933196723
1356.8416368713351 734.697840314135 5.0 19.525183033198118
1356.6034465317057 734.6771173177768 5.0 19.54185923328623
1356.3650923767848 734.6563798013449 5.0 19.558530433336273
1356.1265745065782 734.6356277735687 5.0 19.575202633161098
1355.8878930210992 734.6148612431788 5.0 19.591877933358774
1355.6490480203686 734.5940802189065 5.0 19.60854503326118
1355.4100396044144 734.5732847094841 5.0 19.626480733277276
1355.1708678732716 734.5524747236449 5.0 19.643155133351684
1354.9315329269825 734.5316502701228 5.0 19.660891333362088
1354.6920348655963 734.5108113576526 5.0 19.6775672333315
1354.4523737891686 734.4899579949703 5.0 19.694305833196267
1354.2125497977622 734.4690901908122 5.0 19.710984233301133
1353.972562991446 734.4482079539158 5.0 19.727652933215722
1353.7324134702956 734.4273112930193 5.0 19.7445010333322
1353.4921013343926 734.4064002168617 5.0 19.761177133303136
1353.2516266838247 734.3854747341826 5.0 19.77926683332771
1353.010989618686 734.3645348537227 5.0 19.795936733251438
1352.7701902390756 734.3435805842232 5.0 19.813547633355483
1352.5292286450995 734.3226119344263 5.0 19.830226633232087
1352.2881049368686 734.3016289130746 5.0 19.84689973318018
1352.0468192144995 734.2806315289118 5.0 19.86387353320606
1351.8053715781139 734.2596197906821 5.0 19.880548233166337
1351.5637621278388 734.2385937071303 5.0 19.89724673330784
1351.3219909638067 734.2175532870021 5.0 19.913914033211768
1351.0800581861547 734.1964985390439 5.0 19.93214483326301
1350.837963895025 734.1754294720026 5.0 19.948851433349773
1350.5957081905642 734.1543460946259 5.0 19.96605863329023
1350.3532911729237 734.133248415662 5.0 19.982758233323693
1350.1107129422594 734.11213644386 5.0 19.9994323332794
1349.8679735987314 734.0910101879692 5.0 20.016106333350763
1349.625073242504 734.06986965674 5.0 20.033008233178407
1349.3820119737456 734.0487148589231 5.0 20.049851433373988
1349.138789892629 734.0275458032697 5.0 20.066591433249414
1348.89540709933 734.0063624985319 5.0 20.083258733386174
1348.6518636940289 733.9851649534621 5.0 20.099934233352542
1348.408159776909 733.9639531768134 5.0 20.116604233160615
1348.1642954481576 733.9427271773395 5.0 20.13347773323767
1347.920270807965 733.9214869637945 5.0 20.150149033172056
1347.6760859565243 733.9002325449329 5.0 20.167465233244002
1347.4317409940325 733.8789639295101 5.0 20.184135533170775
1347.1872360206892 733.8576811262816 5.0 20.20080553321168
1346.9425711366966 733.8363841440037 5.0 20.217477433383465
1346.69774644226 733.815072991433 5.0 20.234150633215904
1346.452762037587 733.7937476773266 5.0 20.25136693334207
1346.2076180228876 733.772408210442 5.0 20.268041433300823
1345.9623144983743 733.7510545995373 5.0 20.286183933261782
1345.716851564262 733.7296868533708 5.0 20.302971633384004
1345.4712293207674 733.7083049807017 5.0 20.320975033333525
1345.225447868109 733.6869089902889 5.0 20.337749633239582
1344.9795073065077 733.6654988908922 5.0 20.35538753331639
1344.7334077361854 733.6440746912717 5.0 20.372335333377123
1344.4871492573661 733.6226364001878 5.0 20.390353633323684
1344.2407319702752 733.6011840264014 5.0 20.40714233322069
1343.9941559751392 733.5797175786736 5.0 20.425402333261445
1343.747421372186 733.5582370657659 5.0 20.44206973328255
1343.5005282616446 733.5367424964401 5.0 20.461305633187294
1343.2534767437448 733.5152338794584 5.0 20.477976533351466
1343.0062669187175 733.4937112235833 5.0 20.495601433329284
1342.7588988867942 733.4721745375775 5.0 20.512277933303267
1342.5113727482071 733.4506238302042 5.0 20.53032233333215
1342.2636886031887 733.4290591102266 5.0 20.547035133233294
1342.015846551972 733.4074803864085 5.0 20.56474253325723
1341.76784669479 733.3858876675135 5.0 20.58141463319771
1341.5196891318762 733.3642809623059 5.0 20.600301533238962
1341.271373963464 733.3426602795499 5.0 20.616973033174872
1341.0229012897862 733.3210256280103 5.0 20.634702033363283
1340.774271211076 733.2993770164517 5.0 20.651385233271867
1340.525483827566 733.2777144536392 5.0 20.669029633281752
1340.276539239488 733.2560379483378 5.0 20.68571273330599
1340.0274375470738 733.2343475093131 5.0 20.702784633263946
1339.7781788505538 733.2126431453305 5.0 20.71945663332008
1339.5287632501581 733.1909248651557 5.0 20.73757283319719
1339.2791908461156 733.1691926775545 5.0 20.75424633338116
1339.029461738654 733.1474465912929 5.0 20.771623133216053
1338.7795760279998 733.1256866151369 5.0 20.788313433295116
1338.5295338143785 733.103912757853 5.0 20.804985533235595
1338.279335198014 733.0821250282072 5.0 20.821657933294773
