1499.999763457169 746.999979589354 10.0 0.07403520005755126
1499.9990540398487 746.9999177490951 10.0 0.2858230334240943
1499.9978720550864 746.9998127416263 10.0 0.3183689333964139
1499.9962177974269 746.9996629035696 10.0 0.33515713340602815
1499.9940915494697 746.9994666426006 10.0 0.3518285332247615
1499.991493582402 746.999222434419 10.0 0.36852163332514465
1499.9884241565092 746.9989288198483 10.0 0.38527763332240283
1499.9848835216626 746.9985844020589 10.0 0.40194573323242366
1499.9808719177884 746.9981878439106 10.0 0.4189309333451092
1499.9763895753135 746.9977378654078 10.0 0.4356289333663881
1499.971436715596 746.9972332412635 10.0 0.4523376333527267
1499.9660135513336 746.996672798568 10.0 0.46901753335259855
1499.9601202869583 746.9960554145563 10.0 0.4857476332690567
1499.9537571190103 746.9953800144708 10.0 0.5024221332278103
1499.9469242364999 746.9946455695164 10.0 0.5190973333083093
1499.9396218212507 746.9938510949014 10.0 0.536316933343187
1499.9318500482304 746.9929956479632 10.0 0.553006433416158
1499.9236090858656 746.9920783263732 10.0 0.56968013336882
1499.9148990963452 746.9910982664192 10.0 0.5864659333601594
1499.905720235909 746.9900546413602 10.0 0.6031339333858341
1499.8960726551254 746.9889466598523 10.0 0.6198006332851946
1499.885956499156 746.9877735644412 10.0 0.6365850332658738
1499.87537190801 746.9865346301194 10.0 0.6532720334362239
1499.864319016787 746.9852291629448 10.0 0.6699774332810193
1499.8527979559099 746.9838564987184 10.0 0.6866485332138836
1499.8408088513472 746.9824160017184 10.0 0.703890833305195
1499.828351824827 746.9809070634885 10.0 0.7205587332136929
1499.8154269940405 746.9793291016775 10.0 0.7374085332266986
1499.802034472838 746.9776815589294 10.0 0.7542328333947808
1499.788174371415 746.9759639018192 10.0 0.7708999332971871
1499.7738467964925 746.9741756198364 10.0 0.7877024332992733
1499.7590518514878 746.9723162244095 10.0 0.8044850332662463
1499.7437896366785 746.9703852479744 10.0 0.8211686334107071
1499.72806024936 746.9683822430806 10.0 0.8378392332233489
1499.7118637839956 746.966306781537 10.0 0.8545066332444549
1499.6952003323606 746.9641584535935 10.0 0.8711760332807899
1499.6780699836804 746.9619368671578 10.0 0.8878506333567202
1499.660472824762 746.9596416470449 10.0 0.9089386332780123
1499.6424089401207 746.9572724342603 10.0 0.9256076333113015
1499.6238784121003 746.9548288853118 10.0 0.944045833311975
1499.6048813209898 746.9523106715523 10.0 0.960719233378768
1499.5854177451336 746.9497174785492 10.0 0.977493733400479
1499.5654877610375 746.9470490054829 10.0 0.9941630333196372
1499.545091443471 746.9443049645679 10.0 1.0108378333970904
1499.5242288655634 746.9414850805018 10.0 1.0276203332468867
1499.5029000988975 746.9385890899355 10.0 1.0443547333125025
1499.4811052135985 746.935616740967 10.0 1.0610261333640665
1499.4588442784195 746.9325677926571 10.0 1.079676533350721
1499.4361173608224 746.9294420145646 10.0 1.0963513334281743
1499.412924527057 746.926239186303 10.0 1.113025933271274
1499.3892658422349 746.9229590971144 10.0 1.1297019333578646
1499.3651413704015 746.919601545463 10.0 1.1466360334306955
1499.3405511746043 746.9161663386452 10.0 1.1634935333859175
1499.3154953169592 746.9126532924163 10.0 1.1939480332657695
1499.2899738587118 746.9090622306337 10.0 1.2107679334003478
1499.2639868602992 746.9053929849148 10.0 1.2274393332190812
1499.2375343814062 746.9016453943098 10.0 1.2442576333414763
1499.2106164810211 746.8978193049882 10.0 1.2609318334143609
1499.183233217488 746.8939145699392 10.0 1.2776135334279388
1499.155384648557 746.8899310486842 10.0 1.2944991332478821
1499.1270708314335 746.885868607002 10.0 1.3118557333946228
1499.0982918228233 746.8817271166657 10.0 1.3285237334202975
1499.0690476789775 746.877506455191 10.0 1.3452006333973259
1499.0393384557347 746.8732065055946 10.0 1.3618843334261328
1499.0091642085608 746.8688271561635 10.0 1.3785572333727032
1498.9785249925892 746.8643683002344 10.0 1.3952260334044695
1498.9474208626564 746.8598298359816 10.0 1.4124376333784312
1498.9158518733384 746.8552116662147 10.0 1.4291090334299952
1498.8838180789846 746.8505136981845 10.0 1.4457800332456827
1498.8513195337503 746.8457358433978 10.0 1.4624539334326982
1498.8183562916272 746.8408780174394 10.0 1.4796645333990455
1498.7849284064746 746.8359401398021 10.0 1.4963420333806425
1498.7510359320463 746.8309221337237 10.0 1.5130182332359254
1498.7166789220191 746.8258239260313 10.0 1.5296903334092349
1498.681857430018 746.820645446992 10.0 1.546360033331439
1498.6465715096422 746.8153866301702 10.0 1.5630582333542407
1498.610821214488 746.8100474122906 10.0 1.5810800332110375
1498.574606598172 746.8046277331074 10.0 1.5977600333280861
1498.5379277143536 746.7991275352788 10.0 1.6144292333628982
1498.500784616755 746.7935467642471 10.0 1.6310969332698733
1498.463177359182 746.7878853681243 10.0 1.6477706332225353
1498.4251059955427 746.7821432975812 10.0 1.6644428332801908
1498.386570579866 746.776320505743 10.0 1.68111183331348
1498.3475711663189 746.7704169480882 10.0 1.6977856333833188
1498.3081078092239 746.7644325823518 10.0 1.7144539332948625
1498.2681805630746 746.7583673684337 10.0 1.7311259333509952
1498.2277894825513 746.7522212683095 10.0 1.7482293334323913
1498.186934622535 746.7459942459466 10.0 1.764902133261785
1498.1456160381229 746.7396862672224 10.0 1.7818041334394366
1498.10383378464 746.7332972998473 10.0 1.7985101332888007
1498.0615879176537 746.7268273132905 10.0 1.8151825333479792
1498.0188784929846 746.7202762787084 10.0 1.8318542332854122
1497.9757055667199 746.713644168877 10.0 1.8485285332426429
1497.9320691952225 746.7069309581265 10.0 1.8653181332629174
1497.8879694351442 746.7001366222792 10.0 1.8819909333251417
1497.843406343434 746.6932611385894 10.0 1.8986681334208697
1497.798379977349 746.6863044856867 10.0 1.91534103336744
1497.752890394463 746.679266643521 10.0 1.9322864334098995
1497.706937652677 746.6721475933101 10.0 1.94895483343862
1497.6605218102256 746.6649473174897 10.0 1.9656292332801968
1497.6136429256871 746.6576657996652 10.0 1.9823010333348066
1497.5663010579904 746.650303024566 10.0 1.9989976333454251
1497.5184962664225 746.6428589780013 10.0 2.0156660333741456
1497.4702286106365 746.635333646818 10.0 2.032334733288735
1497.421498150657 746.6277270188605 10.0 2.0490060332231224
1497.3723049468883 746.6200390829318 10.0 2.0656807334162295
1497.3226490601191 746.6122698287572 10.0 2.082353033358231
1497.2725305515296 746.604419246948 10.0 2.0990305333398283
1497.2219494826963 746.5964873289684 10.0 2.11577743338421
1497.1709059155985 746.5884740671024 10.0 2.1324506332166493
1497.1193999126226 746.5803794544237 10.0 2.149126133415848
1497.0674315365675 746.5722034847648 10.0 2.1657957332208753
1497.015000850649 746.5639461526896 10.0 2.1824706334155053
1496.9621079185042 746.5556074534655 10.0 2.199144833255559
1496.908752804197 746.5471873830376 10.0 2.2158160333056003
1496.8549355722207 746.5386859380035 10.0 2.232490133261308
1496.8006562875028 746.5301031155897 10.0 2.249157333280891
1496.7459150154082 746.5214389136285 10.0 2.2658447332214564
1496.6907118217432 746.5126933305363 10.0 2.282860333332792
1496.6350467727589 746.5038663652923 10.0 2.2998120333068073
1496.5789199351539 746.4949580174188 10.0 2.316488333279267
1496.5223313760782 746.4859682869615 10.0 2.33316313335672
1496.4652811631356 746.4768971744716 10.0 2.3498335334006697
1496.4077693643862 746.467744680988 10.0 2.3665061332285404
1496.34979604835 746.45851080802 10.0 2.383180333301425
1496.2913612840086 746.4491955575319 10.0 2.3998486332129687
1496.232465140808 746.4397989319269 10.0 2.416523333406076
1496.1731076886606 746.4303209340327 10.0 2.4331922333221883
1496.1132889979478 746.420761567087 10.0 2.4498688334133476
1496.0530091395217 746.4111208347241 10.0 2.4665360334329307
1495.9922681847072 746.4013987409619 10.0 2.4832077333703637
1495.931066205304 746.3915952901896 10.0 2.500220133224502
1495.869403273588 746.3817104871553 10.0 2.516889533260837
1495.8072794623133 746.3717443369551 10.0 2.5335587332956493
1495.7446948447136 746.361696845022 10.0 2.5502318332437426
1495.681649494504 746.3515680171154 10.0 2.5668998332694173
1495.618143485882 746.341357859311 10.0 2.583574033342302
1495.5541768935293 746.3310663779913 10.0 2.600247233407572
1495.4897497926124 746.3206935798365 10.0 2.616932833334431
1495.4248622587847 746.3102394718157 10.0 2.633604233385995
1495.3595143681869 746.2997040611782 10.0 2.6506816332694143
1495.2937061974485 746.2890873554458 10.0 2.6673501334153116
1495.2274378236884 746.2783893624047 10.0 2.6840621333103627
1495.1607093245161 746.2676100900987 10.0 2.700737033272162
1495.0935207780328 746.2567495468214 10.0 2.7174135332461447
1495.0258722628319 746.24580774111 10.0 2.7340867333114147
1494.9577638579995 746.2347846817381 10.0 2.7507574332412332
1494.889195643116 746.2236803777106 10.0 2.7674262332729995
1494.820167698256 746.2124948382566 10.0 2.784098233329132
1494.7506801039892 746.2012280728243 10.0 2.8007694333791733
1494.6807329413814 746.1898800910753 10.0 2.817661833250895
1494.610326291994 746.1784509028797 10.0 2.834338133223355
1494.5394602378854 746.1669405183106 10.0 2.8510112334042788
1494.4681348616111 746.1553489476398 10.0 2.86777783324942
1494.3963502462248 746.1436762013328 10.0 2.8850960333365947
1494.3241064752772 746.1319222900446 10.0 2.9017676333896816
1494.2514036328182 746.1200872246154 10.0 2.918441033223644
1494.178241803396 746.1081710160665 10.0 2.935117533430457
1494.104621072058 746.0961736755967 10.0 2.951894333353266
1494.0305415243506 746.084095214578 10.0 2.9685634332709014
1493.9560032463196 746.071935644553 10.0 2.9852330333087593
1493.8810063245107 746.0596949772306 10.0 3.0019508332479745
1493.8055508459693 746.047373224483 10.0 3.018631533253938
1493.7296368982404 746.0349703983427 10.0 3.0353034334257245
1493.6532645693699 746.0224865109996 10.0 3.05197843327187
1493.576433947903 746.0099215747977 10.0 3.0686524333432317
1493.499145122886 745.9972756022328 10.0 3.085327233420685
1493.4213981838643 745.9845486059496 10.0 3.1019953333307058
1493.343193220885 745.9717405987393 10.0 3.118801633361727
1493.2645303244947 745.958851593537 10.0 3.135478033218533
1493.1854095857402 745.9458816034197 10.0 3.152154833311215
1493.1058310961691 745.9328306416037 10.0 3.1688255332410336
1493.025794947829 745.9196987214426 10.0 3.1854991333093494
1492.9453012332672 745.9064858564254 10.0 3.202177833300084
1492.8643500455319 745.8931920601744 10.0 3.2188516333699226
1492.7829414781706 745.8798173464432 10.0 3.235526633216068
1492.701075625231 745.8663617291153 10.0 3.2522051334381104
1492.6187525812602 745.8528252222019 10.0 3.2688807332888246
1492.5359724413054 745.8392078398405 10.0 3.285555333364755
1492.4527353009125 745.8255095962932 10.0 3.3022669332567602
1492.369041256127 745.8117305059452 10.0 3.3189338333904743
1492.2848904034936 745.7978705833035 10.0 3.335606233216822
1492.2002828400553 745.7839298429952 10.0 3.3522752332501113
1492.115218663354 745.7699082997665 10.0 3.368995833210647
1492.02969797143 745.7558059684809 10.0 3.385662933345884
1491.9437208628221 745.7416228641184 10.0 3.4023358332924545
1491.8572874365664 745.7273590017742 10.0 3.41900633322075
1491.7703977921965 745.7130143966574 10.0 3.436227433383465
1491.683052029744 745.6985890640901 10.0 3.4528959332965314
1491.5952502497373 745.6840830195063 10.0 3.4695631333161145
1491.5069925532014 745.6694962784505 10.0 3.4862372332718223
1491.418279041658 745.6548288565776 10.0 3.5029127332381904
1491.329109817125 745.6400807696511 10.0 3.51962563325651
1491.2394849821162 745.6252520335426 10.0 3.536345233209431
1491.1494046396406 745.6103426642306 10.0 3.553020633291453
1491.0588688932028 745.5953526778004 10.0 3.569696233374998
1490.9678778468021 745.5802820904424 10.0 3.586372033227235
1490.8764316049323 745.565130918452 10.0 3.6030468333046883
1490.7845302725816 745.5498991782285 10.0 3.6197197332512587
1490.6921739552315 745.5345868862746 10.0 3.636412933235988
1490.5993627588573 745.5191940591955 10.0 3.653084033401683
1490.5060967899274 745.5037207136983 10.0 3.669755833223462
1490.4123761554024 745.4881668665915 10.0 3.6864248332567513
