1499.999763457169 746.999979589354 10.0 0.09528210014104843
1499.9990540398487 746.9999177490951 10.0 0.30442983331158757
1499.9978720550864 746.9998127416263 10.0 0.3484345334582031
1499.9962177974269 746.9996629035696 10.0 0.3651026333682239
1499.9940915494697 746.9994666426006 10.0 0.3817732334136963
1499.991493582402 746.999222434419 10.0 0.3984854333102703
1499.9884241565092 746.9989288198483 10.0 0.4152670332696289
1499.9848835216626 746.9985844020589 10.0 0.4319891333580017
1499.9808719177884 746.9981878439106 10.0 0.44866393343545496
1499.9763895753135 746.9977378654078 10.0 0.46533113345503807
1499.971436715596 746.9972332412635 10.0 0.48200603341683745
1499.9660135513336 746.996672798568 10.0 0.49867733335122466
1499.9601202869583 746.9960554145563 10.0 0.5153510333038867
1499.9537571190103 746.9953800144708 10.0 0.5320179334376007
1499.9469242364999 746.9946455695164 10.0 0.5486900333780795
1499.9396218212507 746.9938510949014 10.0 0.5653618334326893
1499.9318500482304 746.9929956479632 10.0 0.5820347333792597
1499.9236090858656 746.9920783263732 10.0 0.5987084333319217
1499.9148990963452 746.9910982664192 10.0 0.6153762333560735
1499.905720235909 746.9900546413602 10.0 0.6320649334229529
1499.8960726551254 746.9889466598523 10.0 0.6487343334592879
1499.885956499156 746.9877735644412 10.0 0.6654093333054334
1499.87537190801 746.9865346301194 10.0 0.6827077332418412
1499.864319016787 746.9852291629448 10.0 0.6998977332841605
1499.8527979559099 746.9838564987184 10.0 0.7165663333144039
1499.8408088513472 746.9824160017184 10.0 0.7332429334055632
1499.828351824827 746.9809070634885 10.0 0.7499101334251463
1499.8154269940405 746.9793291016775 10.0 0.7665899333078414
1499.802034472838 746.9776815589294 10.0 0.7832667334005237
1499.788174371415 746.9759639018192 10.0 0.7999369334429502
1499.7738467964925 746.9741756198364 10.0 0.8166057332418859
1499.7590518514878 746.9723162244095 10.0 0.8332747332751751
1499.7437896366785 746.9703852479744 10.0 0.8499442334286869
1499.72806024936 746.9683822430806 10.0 0.8668757332488894
1499.7118637839956 746.966306781537 10.0 0.8835481333080679
1499.6952003323606 746.9641584535935 10.0 0.9002223333809525
1499.6780699836804 746.9619368671578 10.0 0.916898833354935
1499.660472824762 746.9596416470449 10.0 0.9336004334036261
1499.6424089401207 746.9572724342603 10.0 0.9502738332375884
1499.6238784121003 746.9548288853118 10.0 0.9669454332906753
1499.6048813209898 746.9523106715523 10.0 0.9836216333787888
1499.5854177451336 746.9497174785492 10.0 1.000295133329928
1499.5654877610375 746.9470490054829 10.0 1.0169853332918137
1499.545091443471 746.9443049645679 10.0 1.0336594332475215
1499.5242288655634 746.9414850805018 10.0 1.0503304332960397
1499.5029000988975 746.9385890899355 10.0 1.0670000333338976
1499.4811052135985 746.935616740967 10.0 1.0837718334514648
1499.4588442784195 746.9325677926571 10.0 1.1006888332776725
1499.4361173608224 746.9294420145646 10.0 1.1173636333551258
1499.412924527057 746.926239186303 10.0 1.1340345332864672
1499.3892658422349 746.9229590971144 10.0 1.1507386332377791
1499.3651413704015 746.919601545463 10.0 1.167412233306095
1499.3405511746043 746.9161663386452 10.0 1.1840822333469987
1499.3154953169592 746.9126532924163 10.0 1.216913533397019
1499.2899738587118 746.9090622306337 10.0 1.233589033363387
1499.2639868602992 746.9053929849148 10.0 1.2502638334408402
1499.2375343814062 746.9016453943098 10.0 1.2669613333418965
1499.2106164810211 746.8978193049882 10.0 1.2836935333907604
1499.183233217488 746.8939145699392 10.0 1.3003653334453702
1499.155384648557 746.8899310486842 10.0 1.317215433344245
1499.1270708314335 746.885868607002 10.0 1.3338877332862467
1499.0982918228233 746.8817271166657 10.0 1.3505608334671706
1499.0690476789775 746.877506455191 10.0 1.367229733383283
1499.0393384557347 746.8732065055946 10.0 1.3838966332841665
1499.0091642085608 746.8688271561635 10.0 1.4005691334605217
1498.9785249925892 746.8643683002344 10.0 1.4172446334268898
1498.9474208626564 746.8598298359816 10.0 1.4339143333490938
1498.9158518733384 746.8552116662147 10.0 1.45058933342807
1498.8838180789846 746.8505136981845 10.0 1.4672622333746403
1498.8513195337503 746.8457358433978 10.0 1.4850965333171189
1498.8183562916272 746.8408780174394 10.0 1.5018546334467828
1498.7849284064746 746.8359401398021 10.0 1.5185852332506329
1498.7510359320463 746.8309221337237 10.0 1.5352533333934844
1498.7166789220191 746.8258239260313 10.0 1.5519370334222913
1498.681857430018 746.820645446992 10.0 1.568604833446443
1498.6465715096422 746.8153866301702 10.0 1.5852735333610326
1498.610821214488 746.8100474122906 10.0 1.6019514333456755
1498.574606598172 746.8046277331074 10.0 1.6186186333652586
1498.5379277143536 746.7991275352788 10.0 1.6352889332920313
1498.500784616755 746.7935467642471 10.0 1.6519644332583994
1498.463177359182 746.7878853681243 10.0 1.668638633331284
1498.4251059955427 746.7821432975812 10.0 1.6853625334333628
1498.386570579866 746.776320505743 10.0 1.7020322333555669
1498.3475711663189 746.7704169480882 10.0 1.7187136332504451
1498.3081078092239 746.7644325823518 10.0 1.7353859334252775
1498.2681805630746 746.7583673684337 10.0 1.7520619332790375
1498.2277894825513 746.7522212683095 10.0 1.7687352334614843
1498.186934622535 746.7459942459466 10.0 1.7854090332984924
1498.1456160381229 746.7396862672224 10.0 1.8020944334566593
1498.10383378464 746.7332972998473 10.0 1.8187639333773404
1498.0615879176537 746.7268273132905 10.0 1.835438633337617
1498.0188784929846 746.7202762787084 10.0 1.8521114333998412
1497.9757055667199 746.713644168877 10.0 1.8687811333220452
1497.9320691952225 746.7069309581265 10.0 1.885701133403927
1497.8879694351442 746.7001366222792 10.0 1.9023763332515955
1497.843406343434 746.6932611385894 10.0 1.9190516334492713
1497.798379977349 746.6863044856867 10.0 1.936117933364585
1497.752890394463 746.679266643521 10.0 1.9527944333385676
1497.706937652677 746.6721475933101 10.0 1.9694664333947003
1497.6605218102256 746.6649473174897 10.0 1.986140533350408
1497.6136429256871 746.6576657996652 10.0 2.0028149334248155
1497.5663010579904 746.650303024566 10.0 2.019485433353111
1497.5184962664225 746.6428589780013 10.0 2.03615753329359
1497.4702286106365 746.635333646818 10.0 2.0528695334214717
1497.421498150657 746.6277270188605 10.0 2.0695374333299696
1497.3723049468883 746.6200390829318 10.0 2.086206733249128
1497.3226490601191 746.6122698287572 10.0 2.1028763332869858
1497.2725305515296 746.604419246948 10.0 2.119551133364439
1497.2219494826963 746.5964873289684 10.0 2.1362218332942575
1497.1709059155985 746.5884740671024 10.0 2.1530021333601326
1497.1193999126226 746.5803794544237 10.0 2.1697690333239734
1497.0674315365675 746.5722034847648 10.0 2.1864422333892435
1497.015000850649 746.5639461526896 10.0 2.203119633253664
1496.9621079185042 746.5556074534655 10.0 2.2198053332976997
1496.908752804197 746.5471873830376 10.0 2.236478833248839
1496.8549355722207 746.5386859380035 10.0 2.253147133393213
1496.8006562875028 746.5301031155897 10.0 2.2698195334523916
1496.7459150154082 746.5214389136285 10.0 2.286494033411145
1496.6907118217432 746.5126933305363 10.0 2.3031733334064484
1496.6350467727589 746.5038663652923 10.0 2.319841333432123
1496.5789199351539 746.4949580174188 10.0 2.3368193332571536
1496.5223313760782 746.4859682869615 10.0 2.3534865332767367
1496.4652811631356 746.4768971744716 10.0 2.37055343342945
1496.4077693643862 746.467744680988 10.0 2.3876400333829224
1496.34979604835 746.45851080802 10.0 2.4043079332914203
1496.2913612840086 746.4491955575319 10.0 2.420986133394763
1496.232465140808 746.4397989319269 10.0 2.4376570333261043
1496.1731076886606 746.4303209340327 10.0 2.4543287332635373
1496.1132889979478 746.420761567087 10.0 2.471004233462736
1496.0530091395217 746.4111208347241 10.0 2.487675733398646
1495.9922681847072 746.4013987409619 10.0 2.50434713345021
1495.931066205304 746.3915952901896 10.0 2.5211537333671004
1495.869403273588 746.3817104871553 10.0 2.538009933428839
1495.8072794623133 746.3717443369551 10.0 2.5547072333283722
1495.7446948447136 746.361696845022 10.0 2.5713823332916945
1495.681649494504 746.3515680171154 10.0 2.5880763332825154
1495.618143485882 746.341357859311 10.0 2.604743833420798
1495.5541768935293 746.3310663779913 10.0 2.621411233441904
1495.4897497926124 746.3206935798365 10.0 2.638081333367154
1495.4248622587847 746.3102394718157 10.0 2.654749233275652
1495.3595143681869 746.2997040611782 10.0 2.6714160332921892
1495.2937061974485 746.2890873554458 10.0 2.688083533430472
1495.2274378236884 746.2783893624047 10.0 2.704752733465284
1495.1607093245161 746.2676100900987 10.0 2.7214298334438354
1495.0935207780328 746.2567495468214 10.0 2.7380968334618956
1495.0258722628319 746.24580774111 10.0 2.7549715333152562
1494.9577638579995 746.2347846817381 10.0 2.7716448332648724
1494.889195643116 746.2236803777106 10.0 2.7883303333073854
1494.820167698256 746.2124948382566 10.0 2.8050057333894074
1494.7506801039892 746.2012280728243 10.0 2.8216774333268404
1494.6807329413814 746.1898800910753 10.0 2.838345733238384
1494.610326291994 746.1784509028797 10.0 2.855022633448243
1494.5394602378854 746.1669405183106 10.0 2.872133333235979
1494.4681348616111 746.1553489476398 10.0 2.8890483332797885
1494.3963502462248 746.1436762013328 10.0 2.906017833389342
1494.3241064752772 746.1319222900446 10.0 2.9226882334332913
1494.2514036328182 746.1200872246154 10.0 2.939358533360064
1494.178241803396 746.1081710160665 10.0 2.9560309334192425
1494.104621072058 746.0961736755967 10.0 2.9727104334160686
1494.0305415243506 746.084095214578 10.0 2.989866333315149
1493.9560032463196 746.071935644553 10.0 3.006537333363667
1493.8810063245107 746.0596949772306 10.0 3.0232060332782567
1493.8055508459693 746.047373224483 10.0 3.039873033296317
1493.7296368982404 746.0349703983427 10.0 3.056543833343312
1493.6532645693699 746.0224865109996 10.0 3.0732271333690733
1493.576433947903 746.0099215747977 10.0 3.0902067334391177
1493.499145122886 745.9972756022328 10.0 3.10695613338612
1493.4213981838643 745.9845486059496 10.0 3.1236250333022326
1493.343193220885 745.9717405987393 10.0 3.1402950333431363
1493.2645303244947 745.958851593537 10.0 3.1569723333232105
1493.1854095857402 745.9458816034197 10.0 3.1736393333412707
1493.1058310961691 745.9328306416037 10.0 3.1903156333137304
1493.025794947829 745.9196987214426 10.0 3.206987933255732
1492.9453012332672 745.9064858564254 10.0 3.223665633238852
1492.8643500455319 745.8931920601744 10.0 3.240345033351332
1492.7829414781706 745.8798173464432 10.0 3.257130933459848
1492.701075625231 745.8663617291153 10.0 3.273815633263439
1492.6187525812602 745.8528252222019 10.0 3.290486133424565
1492.5359724413054 745.8392078398405 10.0 3.307154633337632
1492.4527353009125 745.8255095962932 10.0 3.3238403333816677
1492.369041256127 745.8117305059452 10.0 3.3405100333038718
1492.2848904034936 745.7978705833035 10.0 3.357243433361873
1492.2002828400553 745.7839298429952 10.0 3.373918733326718
1492.115218663354 745.7699082997665 10.0 3.3905949334148318
1492.02969797143 745.7558059684809 10.0 3.4074085333850235
1491.9437208628221 745.7416228641184 10.0 3.4243147333618253
1491.8572874365664 745.7273590017742 10.0 3.440988833317533
1491.7703977921965 745.7130143966574 10.0 3.457666933303699
1491.683052029744 745.6985890640901 10.0 3.474340633256361
1491.5952502497373 745.6840830195063 10.0 3.4910107334144413
1491.5069925532014 745.6694962784505 10.0 3.5076798333320767
1491.418279041658 745.6548288565776 10.0 3.524348733248189
1491.329109817125 745.6400807696511 10.0 3.5411000333260745
1491.2394849821162 745.6252520335426 10.0 3.557768333237618
1491.1494046396406 745.6103426642306 10.0 3.574445233447477
1491.0588688932028 745.5953526778004 10.0 3.59111553337425
1490.9678778468021 745.5802820904424 10.0 3.6077873334288597
1490.8764316049323 745.565130918452 10.0 3.624712933320552
1490.7845302725816 745.5498991782285 10.0 3.6413877333980054
1490.6921739552315 745.5345868862746 10.0 3.658059833338484
1490.5993627588573 745.5191940591955 10.0 3.6747353333048522
1490.5060967899274 745.5037207136983 10.0 3.691403233446181
1490.4123761554024 745.4881668665915 10.0 3.7080737333744764
1490.3182009627358 745.4725325347844 10.0 3.724742633290589
1490.2235713198727 745.4568177352862 10.0 3.7414124333299696
1490.1284873352497 745.4410224852058 10.0 3.7580841332674026
1490.0329491177943 745.4251468017511 10.0 3.774829233298078
1489.936956776925 745.4091907022283 10.0 3.7915000333450735
1489.84051042255 745.3931542040418 10.0 3.808168033370748
1489.7436101650683 745.3770373246932 10.0 3.824836533283815
1489.6462561153674 745.3608400817814 10.0 3.8415604333858937
1489.5484483848238 745.3445624930015 10.0 3.8582306334283203
1489.450187085303 745.3282045761449 10.0 3.8749041333794594
1489.3514723291585 745.3117663490987 10.0 3.8915720332879573
1489.252304229231 745.295247829845 10.0 3.908246333245188
1489.1526828988488 745.278649036461 10.0 3.9249163332860917
1489.0526084518267 745.2619699871184 10.0 3.941586833447218
1488.9520810024658 745.2452107000828 10.0 3.958260333398357
1488.851100665553 745.2283711937135 10.0 3.9749296333175153
1488.7496675563607 745.2114514864636 10.0 3.9915980333462358
1488.647781790646 745.1944515968787 10.0 4.00827393331565
1488.5454434846501 745.1773715435975 10.0 4.024950733408332
1488.4426527550988 745.1602113453508 10.0 4.041632833424956
1488.3394097192006 745.1429710209618 10.0 4.05871433345601
1488.2357144946473 745.1256505893452 10.0 4.075387633405626
1488.131567199613 745.1082500695076 10.0 4.092060933355242
1488.026967952754 745.0907694805463 10.0 4.109468933427706
1487.9219168732075 745.07320884165 10.0 4.12613863334991
1487.816414080592 745.0555681720978 10.0 4.142806633375585
1487.7104596950064 745.0378474912593 10.0 4.159478233428672
1487.6040538370296 745.0200468185943 10.0 4.176154433283955
1487.4971966277199 745.0021661736525 10.0 4.192825633333996
1487.3898881886141 744.9842055760732 10.0 4.209495433373377
1487.282128641728 744.9661650455854 10.0 4.226168033434078
1487.1739181095545 744.948044602007 10.0 4.243006533244625
1487.0652567150646 744.9298442652452 10.0 4.259677933296189
1486.9561445817055 744.9115640552956 10.0 4.276346333324909
1486.8465818334012 744.8932039922428 10.0 4.293021833291277
1486.736568594551 744.8747640962595 10.0 4.3096969332546
1486.6261049900297 744.8562443876066 10.0 4.3263720334507525
1486.5151911451867 744.837644886633 10.0 4.343041833257303
1486.4038271858453 744.8189656137755 10.0 4.359708833275363
1486.2920132383026 744.8002065895583 10.0 4.376417633378878
1486.179749429329 744.7813678345931 10.0 4.393092133337632
1486.0670358861667 744.7624493695787 10.0 4.409761933377013
1485.9538727365302 744.7434512153011 10.0 4.426436533452943
1485.8402601086057 744.724373392633 10.0 4.443104833364487
1485.7261981310498 744.7052159225339 10.0 4.459781733341515
1485.6116869329896 744.6859788260498 10.0 4.476469533285126
1485.4967266440217 744.666662124313 10.0 4.493698833277449
1485.3813173942121 744.6472658385421 10.0 4.510369933443144
1485.2654593140953 744.6277899900417 10.0 4.527041133260354
1485.1491525346735 744.6082346002022 10.0 4.543710133293644
1485.0323971874168 744.5885996904998 10.0 4.560377033427358
1484.915193404262 744.5688852824962 10.0 4.577043933328241
1484.797541317612 744.5490913978387 10.0 4.593723233323544
1484.6794410603359 744.5292180582594 10.0 4.610396233387291
1484.5608927657674 744.5092652855761 10.0 4.627063033403829
1484.441896567705 744.4892331016913 10.0 4.643736133351922
1484.3224526004115 744.4691215285922 10.0 4.660408733412623
1484.2025609986124 744.4489305883508 10.0 4.677085333270952
1484.0822218974965 744.4286603031236 10.0 4.693754633422941
1483.9614354327146 744.4083106951517 10.0 4.710708133410662
1483.8402017403791 744.3878817867603 10.0 4.727385033387691
1483.718520957064 744.3673736003586 10.0 4.744053933303803
1483.5963932198028 744.3467861584401 10.0 4.760723533341661
1483.4738186660895 744.3261194835819 10.0 4.777393633266911
1483.3507974338772 744.305373598445 10.0 4.794066933449358
1483.2273296615774 744.284548525774 10.0 4.810742733301595
1483.10341548806 744.2636442883967 10.0 4.827414333354682
1482.9790550526518 744.2426609092245 10.0 4.844092833343893
1482.854248495137 744.2215984112519 10.0 4.860768333310261
1482.7289959557556 744.2004568175564 10.0 4.877440833253786
1482.6032975752037 744.1792361512987 10.0 4.8941077333875
1482.4771534946315 744.1579364357221 10.0 4.910876133246347
1482.3505638556444 744.1365576941528 10.0 4.927732433425263
1482.2235288003012 744.1150999499993 10.0 4.9444066332653165
1482.0960484711138 744.0935632267527 10.0 4.961078433319926
1481.9681230110466 744.0719475479865 10.0 4.977754733292386
1481.839752563516 744.0502529373562 10.0 4.994425233453512
1481.7109372723896 744.0284794185994 10.0 5.011095733381808
1481.5816772819858 744.006627015536 10.0 5.027768433326855
1481.4519727370728 743.9846957520672 10.0 5.044441133271903
1481.3218237828683 743.9626856521763 10.0 5.061108033405617
1481.1912305650385 743.9405967399281 10.0 5.0777843333780766
1481.0601932296981 743.9184290394687 10.0 5.094520133454353
1480.928711923409 743.8961825750258 10.0 5.111191733274609
1480.7967867931802 743.8738573709082 10.0 5.127860533306375
1480.6644179864663 743.8514534515058 10.0 5.144533533370122
1480.5316056511683 743.8289708412894 10.0 5.161209733458236
1480.3983499356316 743.8064095648109 10.0 5.177885733311996
1480.2646509886458 743.7837696467028 10.0 5.194663533242419
1480.1305089594446 743.7610511116782 10.0 5.211334633408114
1479.9959239977043 743.7382539845307 10.0 5.228008933365345
1479.8608962535436 743.7153782901345 10.0 5.244682333432138
1479.725425877523 743.6924240534437 10.0 5.261352733243257
1479.589513020644 743.6693912994929 10.0 5.2780227332841605
1479.4531578343485 743.6462800533966 10.0 5.294719733297825
1479.3163604705178 743.6230903403492 10.0 5.3113877333235
1479.1791210814729 743.5998221856249 10.0 5.3280571333598346
1479.0414398199725 743.5764756145777 10.0 5.3448462332598865
1478.9033168392136 743.553050652641 10.0 5.36151343327947
1478.76475229283 743.5295473253276 10.0 5.378204033244401
1478.6257463348923 743.5059656582299 10.0 5.39489303342998
1478.4862991199063 743.4823056770193 10.0 5.411561133340001
1478.3464108028134 743.4585674074463 10.0 5.428237433312461
1478.2060815389889 743.4347508753403 10.0 5.444913833402097
1478.0653114842423 743.4108561066099 10.0 5.461588333360851
1477.9241007948162 743.3868831272421 10.0 5.4782586332876235
1477.7824496273854 743.3628319633025 10.0 5.494931433349848
1477.6403581390564 743.3387026409354 10.0 5.511606433428824
1477.4978264873669 743.3144951863633 10.0 5.528274033451453
1477.354854830285 743.2902096258871 10.0 5.5449428332503885
1477.2114433262084 743.2658459858858 10.0 5.561614533420652
1477.067592133964 743.2414042928165 10.0 5.578281433321536
1476.9233014128067 743.216884573214 10.0 5.59495113324374
1476.7785713224196 743.1922868536909 10.0 5.611618233378977
1476.6334020229124 743.1676111609378 10.0 5.628295533359051
1476.487793674821 743.1428575217225 10.0 5.6449638332705945
1476.3417464391073 743.1180259628903 10.0 5.661633033305407
1476.1952604771577 743.093116511364 10.0 5.67830023332499
1476.0483359507832 743.0681291941434 10.0 5.6949700333643705
1475.9009730222183 743.0430640383053 10.0 5.711646933341399
1475.75317185412 743.0179210710036 10.0 5.72839073324576
1475.6049326095676 742.992700319469 10.0 5.745067833457142
1475.4562554520621 742.967401811009 10.0 5.761742533417419
1475.3071405455248 742.9420255730076 10.0 5.77843623328954
1475.1575880542975 742.9165716329252 10.0 5.795109633356333
1475.0075981431412 742.8910400182986 10.0 5.81177953328006
1474.8571709772352 742.8654307567408 10.0 5.828449833439663
1474.7063067221775 742.839743875941 10.0 5.845121433259919
1474.5550055439826 742.8139794036645 10.0 5.861796533456072
1474.403267609082 742.7881373677519 10.0 5.878470833413303
1474.2510930843227 742.7622177961202 10.0 5.895138133317232
1474.0984821369673 742.7362207167619 10.0 5.911808233242482
1473.9454349346925 742.7101461577446 10.0 5.928476033266634
1473.7919516455884 742.6839941472116 10.0 5.945148133439943
1473.6380324381587 742.6577647133814 10.0 5.961816833354533
1473.4836774813189 742.6314578845478 10.0 5.978488233406097
1473.3288869443963 742.6050736890793 10.0 5.995162833249196
1473.1736609971292 742.5786121554194 10.0 6.011830133385956
1473.0179998096655 742.5520733120863 10.0 6.028506933245808
1472.861903552563 742.5254571876733 10.0 6.045313133392483
1472.705372396788 742.4987638108474 10.0 6.0619881332386285
1472.5484065137148 742.4719932103508 10.0 6.07866213330999
1472.3910060751248 742.4451454149994 10.0 6.095334033248946
1472.2331712532061 742.4182204536836 10.0 6.11200093338266
1472.0749022205525 742.3912183553676 10.0 6.128827333450317
1471.916199150163 742.3641391490896 10.0 6.1454948333557695
1471.7570622154408 742.3369828639616 10.0 6.162164333276451
1471.5974915901925 742.3097495291692 10.0 6.178833833429962
1471.437487448628 742.2824391739714 10.0 6.195504933362827
1471.277049965359 742.255051827701 10.0 6.212492133257911
1471.116179315399 742.2275875197636 10.0 6.230463233310729
1470.9548756741617 742.2000462796382 10.0 6.247191733447835
1470.7931392174612 742.1724281368768 10.0 6.26386843342334
1470.6309701215105 742.1447331211043 10.0 6.280539433239028
1470.468368562921 742.1169612620183 10.0 6.297206433257088
1470.305334718702 742.0891125893892 10.0 6.313879233319312
1470.14186876626 742.0611871330597 10.0 6.330551433376968
1469.9779708833973 742.0331849229449 10.0 6.347224833443761
1469.813641248312 742.0051059890325 10.0 6.363892033463344
1469.6488800395969 741.9769503613819 10.0 6.380560133373365
1469.4836874362386 741.9487180701249 10.0 6.3972341334447265
1469.3180636176173 741.9204091454648 10.0 6.4139018333517015
1469.1520087635056 741.8920236176768 10.0 6.430823233444244
1468.985523054068 741.863561517108 10.0 6.44750553346239
1468.8186066698595 741.8350228741766 10.0 6.46419363329187
1468.6512597918259 741.8064077193725 10.0 6.480867533246055
1468.4834826013023 741.7777160832565 10.0 6.497541433433071
1468.3152752800127 741.7489479964607 10.0 6.514539533294737
1468.146638010069 741.7201034896883 10.0 6.5312530333176255
1467.9775709739704 741.6911825937132 10.0 6.548300433438271
1467.8080743546025 741.6621853393799 10.0 6.564973833272234
1467.6381483352368 741.6331117576037 10.0 6.5816756333224475
1467.46779309953 741.6039618793704 10.0 6.5983493332751095
1467.2970088315221 741.574735735736 10.0 6.61501803342253
1467.1257957156377 741.5454333578267 10.0 6.63179733324796
1466.9541539366835 741.5160547768388 10.0 6.648471333319321
1466.7820836798483 741.4866000240387 10.0 6.665145733393729
1466.6095851307018 741.4570691307623 10.0 6.681817233329639
1466.4366584751945 741.4274621284154 10.0 6.698490533279255
1466.2633038996562 741.3977790484734 10.0 6.715174033306539
1466.0895215907958 741.3680199224809 10.0 6.73185143340379
1465.9153117357005 741.338184782052 10.0 6.748522633453831
1465.7406745218343 741.3082736588699 10.0 6.765194033272564
1465.5656101370382 741.2782865846867 10.0 6.781866033328697
1465.3901187695287 741.2482235913235 10.0 6.798538333270699
1465.2142006078977 741.2180847106702 10.0 6.815209733322263
1465.037855841111 741.1878699746851 10.0 6.831939733354375
1464.861084658508 741.1575794153954 10.0 6.848614833317697
1464.6838872498008 741.1272130648963 10.0 6.865284833358601
1464.5062638050738 741.0967709553513 10.0 6.882590633351356
1464.3282145147818 741.0662531189921 10.0 6.899272633250803
1464.1497395697506 741.0356595881183 10.0 6.91593973338604
1463.9708391611753 741.0049903950973 10.0 6.932607933413237
1463.7915134806196 740.9742455723641 10.0 6.9492817332502455
1463.6117627200158 740.9434251524216 10.0 6.965957133332267
1463.431587071663 740.9125291678398 10.0 6.982630433281884
1463.250986728227 740.8815576512561 10.0 6.999304633354768
1463.0699618827393 740.850510635375 10.0 7.0159875333774835
1462.8885127285962 740.8193881529681 10.0 7.032767433440313
1462.706639459558 740.7881902368739 10.0 7.049440233269706
1462.5243422697483 740.7569169199976 10.0 7.066114733461291
1462.3416213536536 740.7255682353109 10.0 7.083056933246553
1462.158476906122 740.6941442158522 10.0 7.099729833425954
1461.9749091223623 740.6626448947262 10.0 7.116404333384708
1461.7909181979437 740.6310703051037 10.0 7.13307463331148
1461.606504328795 740.5994204802215 10.0 7.1497499332763255
1461.4216677112029 740.5676954533826 10.0 7.166419233428314
1461.2364085418126 740.5358952579556 10.0 7.183087233453989
1461.050727017626 740.5040199273749 10.0 7.199756933376193
1460.8646233360012 740.4720694951402 10.0 7.216433833353221
1460.6780976946518 740.4400439948168 10.0 7.23310143337585
1460.491150291646 740.4079434600353 10.0 7.24986303341575
1460.3037813254055 740.3757679244911 10.0 7.2665374332573265
1460.1159909947057 740.343517421945 10.0 7.283213433343917
1459.9277794986738 740.3111919862222 10.0 7.2998863332904875
1459.7391470367882 740.2787916512129 10.0 7.316558433463797
1459.5500938088783 740.2463164508719 10.0 7.333225833252072
1459.3606200151232 740.213766419218 10.0 7.349898433312774
1459.1707258560511 740.181141590335 10.0 7.366568933241069
1458.9804115325383 740.1484419983701 10.0 7.3832434334326535
1458.7896772458084 740.1156676775352 10.0 7.399913533357903
1458.5985231974319 740.0828186621054 10.0 7.416589733446017
1458.406949589325 740.0498949864201 10.0 7.433261033380404
1458.2149566237488 740.0168966848819 10.0 7.449957933276892
1458.0225445033086 739.9838237919571 10.0 7.466719333315268
1457.8297134309532 739.9506763421753 10.0 7.483388233464211
1457.636463609974 739.917454370129 10.0 7.500066733453423
1457.4427952440042 739.8841579104741 10.0 7.516734133241698
1457.2487085370176 739.8507869979292 10.0 7.533402033383027
1457.0542036933286 739.8173416672756 10.0 7.55007063341327
1456.8592809175907 739.7838219533576 10.0 7.566747933393344
1456.6639404147961 739.7502278910814 10.0 7.58342433325015
1456.4681823902745 739.716559515416 10.0 7.600101133342832
1456.2720070496923 739.6828168613923 10.0 7.616776033304632
1456.0754145990527 739.6489999641035 10.0 7.633444233331829
1455.8784052446936 739.6151088587045 10.0 7.650159133365378
1455.6809791932874 739.5811435804121 10.0 7.666834333445877
1455.4831366518404 739.5471041645047 10.0 7.6835106334183365
1455.2848778276914 739.5129906463222 10.0 7.700308733386919
1455.0862029285115 739.4788030612659 10.0 7.71698303334415
1454.887112162303 739.4445414447982 10.0 7.7336506333667785
1454.6876057373986 739.4102058324427 10.0 7.750362433260307
1454.48768386246 739.3757962597837 10.0 7.767037033336237
1454.2873467464783 739.3413127624665 10.0 7.783709133276716
1454.086594598772 739.3067553761969 10.0 7.800384433241561
1453.8854276289874 739.2721241367414 10.0 7.8170691332779825
1453.6838460470963 739.2374190799266 10.0 7.833739633439109
1453.4818500633965 739.2026402416394 10.0 7.850487433373928
1453.27943988851 739.167787657827 10.0 7.867181433364749
1453.076615733383 739.1328613644963 10.0 7.883853033417836
1452.8733778092844 739.0978613977139 10.0 7.900555333355442
1452.6697263278054 739.0627877936063 10.0 7.917775633279234
1452.4656615008585 739.0276405883593 10.0 7.934450333239511
1452.2611835406765 738.9924198182182 10.0 7.951120933284983
1452.0562926598122 738.9571255194874 10.0 7.967805033316836
1451.8509890711373 738.9217577285303 10.0 7.984481933293864
1451.645272987841 738.8863164817695 10.0 8.001150233438239
1451.4391446234304 738.8508018156862 10.0 8.017871933290735
1451.2326041917283 738.8152137668202 10.0 8.034549033269286
1451.0256519068737 738.7795523717699 10.0 8.051223433343694
1450.8182879833196 738.743817667192 10.0 8.06792093324475
1450.6105126358334 738.7080096898015 10.0 8.084597033448517
1450.4023260794954 738.6721284763713 10.0 8.10127183329314
1450.193728529698 738.6361740637323 10.0 8.117947933264077
1449.9847202021454 738.6001464887731 10.0 8.13461483339779
1449.7753013128518 738.5640457884402 10.0 8.151288133347407
1449.5654720781413 738.5278719997373 10.0 8.167966833338141
1449.3552327146472 738.4916251597255 10.0 8.184649333357811
1449.1445834393105 738.4553053055231 10.0 8.201324833324179
1448.9335244693798 738.4189124743057 10.0 8.218009033240378
1448.7220560224096 738.3824467033054 10.0 8.234700833447278
1448.51017831626 738.3459080298113 10.0 8.251976333325729
1448.2978915690962 738.309296491169 10.0 8.268643133342266
1448.0851959993872 738.2726121247807 10.0 8.285337433451787
1447.8720918259048 738.2358549681048 10.0 8.302014033310115
1447.6585792677233 738.199025058656 10.0 8.318683633347973
1447.444658544218 738.162122434005 10.0 8.3353538333904
1447.230329875065 738.1251471317784 10.0 8.352058033458889
1447.01559348024 738.0880991896584 10.0 8.36872583325021
1446.8004495800178 738.0509786453828 10.0 8.38539563328959
1446.5848983949709 738.0137855367451 10.0 8.404610633384436
1446.3689401459692 737.976519901594 10.0 8.421313533326611
1446.1525750541787 737.9391817778331 10.0 8.43799013341777
1445.935803341061 737.9017712034214 10.0 8.454665433382615
1445.7186252283727 737.8642882163725 10.0 8.471340033458546
1445.5010409381637 737.8267328547548 10.0 8.488012133399025
1445.2830506927771 737.7891051566913 10.0 8.504688233369961
1445.064654714848 737.7514051603594 10.0 8.521361533319578
1444.8458532273032 737.7136329039907 10.0 8.538036033278331
1444.6266464533596 737.6757884258711 10.0 8.55479003326036
1444.4070346165238 737.6378717643404 10.0 8.571466433349997
1444.1870179405912 737.5998829577921 10.0 8.588430133415386
1443.966596649645 737.5618220446737 10.0 8.605106733273715
1443.7457709680557 737.5236890634859 10.0 8.621778433443978
1443.5245411204799 737.485484052783 10.0 8.638454933417961
1443.3029073318594 737.4472070511725 10.0 8.656859333394095
1443.080869827421 737.408858097315 10.0 8.676873533288017
1442.8584288326751 737.370437229924 10.0 8.695211733458564
1442.6355845734145 737.331944487766 10.0 8.712178733432665
1442.4123372757144 737.29337990966 10.0 8.728903133422136
1442.1886871659312 737.2547435344774 10.0 8.745574633358046
1441.9646344707014 737.2160354011422 10.0 8.762246133293957
1441.7401794169411 737.1772555486306 10.0 8.779535833280534
1441.5153222318452 737.1384040159705 10.0 8.796205333434045
1441.290063142886 737.0994808422423 10.0 8.812878233380616
1441.0644023778134 737.0604860665777 10.0 8.829550533322617
1440.8383401646524 737.0214197281601 10.0 8.84621913335286
1440.6118767317041 736.9822818662246 10.0 8.862895033322275
1440.3850123075435 736.9430725200575 10.0 8.87957003340125
1440.1577471210196 736.9037917289962 10.0 8.896237933309749
1439.9300814012536 736.8644395324293 10.0 8.912908633239567
1439.7020153776389 736.8250159697961 10.0 8.930698733311146
1439.4735492798397 736.7855210805868 10.0 8.947373333387077
1439.2446833377905 736.7459549043419 10.0 8.964050533249974
1439.015417781695 736.7063174806527 10.0 8.980719233397394
1438.7857528420254 736.6666088491606 10.0 8.99738803342916
1438.5556887495216 736.6268290495572 10.0 9.014055033447221
1438.3252257351899 736.5869781215838 10.0 9.030725933378562
1438.094364030303 736.5470561050321 10.0 9.047396133420989
1437.8631038663984 736.507063039743 10.0 9.064068033359945
1437.6314454752778 736.4669989656072 10.0 9.08073543338105
1437.3993890890063 736.4268639225647 10.0 9.097407933324575
1437.1669349399115 736.3866579506048 10.0 9.114498933311552
1436.9340832605826 736.3463810897657 10.0 9.131199733354151
1436.7008342838697 736.3060333801349 10.0 9.147873133420944
1436.467188242883 736.2656148618483 10.0 9.16454843338579
1436.2331453709912 736.2251255750909 10.0 9.181215833406895
1435.9987059018222 736.184565560096 10.0 9.19788723345846
1435.7638700692603 736.1439348571449 10.0 9.214554433245212
1435.528638107447 736.1032335065676 10.0 9.23122543329373
1435.2930102507796 736.0624615487418 10.0 9.247898233355954
1435.0569867339098 736.0216190240934 10.0 9.26460673334077
1434.8205677917433 735.980705973096 10.0 9.281275033252314
1434.5837536594393 735.9397224362705 10.0 9.298511433415115
1434.346544572409 735.8986684541856 10.0 9.315183033235371
1434.108940766315 735.8575440674571 10.0 9.331865133251995
1433.8709424770711 735.8163493167481 10.0 9.348535733297467
1433.6325499408404 735.7750842427686 10.0 9.365219033323228
1433.3937633940345 735.7337488862755 10.0 9.381888133240864
1433.1545830733137 735.6923432880725 10.0 9.398563333321363
1432.915009215585 735.6508674890096 10.0 9.415240433299914
1432.6750420580022 735.6093215299834 10.0 9.431909133447334
1432.434681837964 735.5677054519367 10.0 9.448581133270636
1432.193928793114 735.5260192958585 10.0 9.465252733323723
1431.95278316134 735.4842631027836 10.0 9.481926533393562
1431.711245180772 735.4424369137928 10.0 9.498601033352315
1431.4693150897826 735.4005407700124 10.0 9.515268233371899
1431.2269931269855 735.3585747126142 10.0 9.531942933332175
1430.9842795312343 735.3165387828154 10.0 9.548610233236104
1430.741174541623 735.2744330218785 10.0 9.565280933398753
1430.4976783974835 735.232257471111 10.0 9.581952633336186
1430.2537913383858 735.1900121718652 10.0 9.59862603340298
1430.0095136041368 735.1476971655383 10.0 9.615294533316046
1429.7648454347795 735.105312493572 10.0 9.631968133384362
1429.5197870705924 735.0628581974527 10.0 9.648644833359867
1429.2743387520882 735.0203343187108 10.0 9.665312933269888
1429.028500720013 734.9777408989208 10.0 9.681983733316883
1428.7822732153456 734.9350779797018 10.0 9.69866013340652
1428.5356564792971 734.892345602716 10.0 9.715336933266371
1428.2886507533092 734.8495438096697 10.0 9.732003633398563
1428.0412562790539 734.8066726423128 10.0 9.748887233436108
1427.7934732984322 734.7637321424386 10.0 9.765554133336991
1427.545302053574 734.7207223518834 10.0 9.782222233247012
1427.2967427868364 734.6776433125269 10.0 9.79889773344621
1427.0477957408034 734.6344950662917 10.0 9.81557433330454
1426.7984611582851 734.5912776551431 10.0 9.832249433267862
1426.548739282316 734.5479911210891 10.0 9.848916533403099
1426.2986303561556 734.5046355061803 10.0 9.865585933439434
1426.0481346232862 734.4612108525096 10.0 9.882456433260813
1425.7972523274125 734.4177172022119 10.0 9.899125333409756
1425.5459837124613 734.3741545974644 10.0 9.915795833338052
1425.2943290225799 734.3305230804864 10.0 9.932463133241981
1425.0422885021353 734.2868226935385 10.0 9.94936353340745
1424.789862395714 734.2430534789232 10.0 9.966033733449876
1424.5370509481204 734.1992154789843 10.0 9.982711933320388
1424.2838544043766 734.1553087361071 10.0 9.999397033359855
1424.030273009721 734.111333292718 10.0 10.016072233440354
1423.7763070096078 734.0672891912841 10.0 10.032745933393016
1423.521956649706 734.0231764743138 10.0 10.049413033295423
1423.2672221758985 733.978995184356 10.0 10.066085433354601
1423.0121038342813 733.9347453640002 10.0 10.082761233439669
1422.7566018711627 733.8904270558761 10.0 10.099428833462298
1422.5007165330626 733.846040302654 10.0 10.11610363330692
1422.2444480667114 733.8015851470443 10.0 10.132778733270243
1421.9877967190491 733.757061631797 10.0 10.149447933305055
1421.7307627372247 733.7124697997021 10.0 10.166139733279124
1421.4733463685955 733.6678096935894 10.0 10.182812733342871
1421.2155478607253 733.623081356328 10.0 10.19948513340205
1420.957367461385 733.5782848308265 10.0 10.216155033325776
1420.6988054185506 733.5334201600326 10.0 10.232822633348405
1420.4398619804026 733.4884873869331 10.0 10.24949683342129
1420.1805373953257 733.4434865545538 10.0 10.266163933323696
1419.9208319119075 733.3984177059591 10.0 10.282832033466548
1419.6607457789373 733.3532808842522 10.0 10.299509033327922
1419.4002792454062 733.3080761325745 10.0 10.316184333292767
1419.1394325605052 733.2628034941058 10.0 10.3328656333033
1418.8782059736252 733.2174630120643 10.0 10.349540933268145
1418.6165997343558 733.172054729706 10.0 10.366376433288679
1418.3546140924843 733.1265786903248 10.0 10.383051433367655
1418.0922492979955 733.0810349372522 10.0 10.400662733241916
1417.8295056010697 733.0354235138574 10.0 10.417336633428931
1417.5663832520831 732.9897444635469 10.0 10.434011233272031
1417.302882501606 732.9439978297647 10.0 10.450682133436203
1417.0390036004028 732.8981836559916 10.0 10.467349733458832
1416.7747467994304 732.8523019857456 10.0 10.484024433419108
1416.5101123498378 732.8063528625814 10.0 10.500696333358064
1416.2451005029648 732.7603363300905 10.0 10.517364433268085
1415.9797115103418 732.7142524319006 10.0 10.53403553343378
1415.7139456236887 732.6681012116761 10.0 10.550709333270788
1415.447803094914 732.6218827131174 10.0 10.567397233331576
1415.1812841761136 732.5755969799612 10.0 10.58407033327967
1414.9143891195708 732.5292440559799 10.0 10.600742033449933
1414.6471181777547 732.4828239849817 10.0 10.617414333391935
1414.3794716033196 732.4363368108105 10.0 10.634114433312789
1414.1114496491045 732.3897825773457 10.0 10.650790033396333
1413.8430525681315 732.343161328502 10.0 10.667463133344427
1413.5742806136057 732.2964731082291 10.0 10.684129833243787
1413.305134038914 732.2497179605119 10.0 10.70100113330409
1413.0356130976245 732.2028959293702 10.0 10.717671933351085
1412.7657180434853 732.1560070588584 10.0 10.734341633273289
1412.4954491304238 732.1090513930657 10.0 10.751013333443552
1412.2248066125462 732.0620289761152 10.0 10.767687633400783
1411.9537907441363 732.0149398521651 10.0 10.784360433463007
1411.6824017796546 731.9677840654069 10.0 10.801032033283263
1411.4106399737377 731.9205616600668 10.0 10.817700433311984
1411.1385055811975 731.8732726804043 10.0 10.834369733463973
1410.8659988570198 731.8259171707128 10.0 10.851044833427295
1410.5931200563646 731.7784951753193 10.0 10.867712633451447
1410.319869434564 731.7310067385841 10.0 10.884380433242768
1410.0462472471222 731.6834519049008 10.0 10.901079233270139
1409.7722537497143 731.6358307186961 10.0 10.917747833300382
1409.4978891981857 731.5881432244294 10.0 10.934420633362606
1409.223153848551 731.5403894665932 10.0 10.951089933281764
1408.9480479569932 731.4925694897127 10.0 10.967881233431399
1408.6725717798631 731.4446833383452 10.0 10.98455803329125
1408.3967255736786 731.3967310570807 10.0 11.001235033385456
1408.1205095951234 731.3487126905414 10.0 11.017910033464432
1407.843924101046 731.3006282833815 10.0 11.034583233296871
1407.56696934846 731.2524778802868 10.0 11.05125673324801
1407.2896455945418 731.2042615259754 10.0 11.067930433433503
1407.0119530966308 731.1559792651966 10.0 11.084602933377028
1406.7338921122284 731.1076311427314 10.0 11.101271633291617
1406.4554628989968 731.059217203392 10.0 11.11794023332186
1406.1766657147584 731.0107374920219 10.0 11.134614233393222
1405.8975008174953 730.9621920534954 10.0 11.151281933300197
1405.6179684653475 730.913580932718 10.0 11.168126433389261
1405.3380689166136 730.8649041746256 10.0 11.184799833456054
1405.0578024297483 730.8161618241849 10.0 11.201470733387396
1404.7771692633628 730.7673539263928 10.0 11.218144533457235
1404.4961696762232 730.718480526277 10.0 11.234812033362687
1404.2148039272504 730.6695416688946 10.0 11.251482833409682
1403.9330722755187 730.6205373993333 10.0 11.26815943326801
1403.6509749802553 730.5714677627105 10.0 11.284829933429137
1403.3685123008393 730.5223328041732 10.0 11.301498433342203
1403.0856844968007 730.4731325688979 10.0 11.31817343342118
1402.8024918278202 730.4238671020906 10.0 11.33484383346513
1402.5189345537274 730.3745364489868 10.0 11.351511533372104
1402.2350129345011 730.3251406548507 10.0 11.368187333457172
1401.9507272302678 730.2756797649757 10.0 11.38485973328352
1401.666077701301 730.226153824684 10.0 11.401533333351836
1401.3810646080203 730.1765628793265 10.0 11.418206333415583
1401.095688210991 730.1269069742825 10.0 11.434874133439735
1400.8099487709226 730.0771861549599 10.0 11.451545433374122
1400.5238465486682 730.0274004667946 10.0 11.468215933302417
1400.2373818052245 729.9775499552508 10.0 11.484892533393577
1399.9505548017296 729.9276346658205 10.0 11.501565233338624
1399.6633657994635 729.8776546440237 10.0 11.518238233402371
1399.3758150598462 729.8276099354077 10.0 11.534909833455458
1399.0879028444378 729.7775005855477 10.0 11.551584133412689
1398.7996294149368 729.727326640046 10.0 11.568255733465776
1398.51099503318 729.6770881445324 10.0 11.584924833383411
1398.2219999611416 729.6267851446634 10.0 11.602099133422598
1397.932644460932 729.5764176861227 10.0 11.618773533264175
1397.6429287947967 729.5259858146208 10.0 11.635444733314216
1397.352853225117 729.4754895758947 10.0 11.65211753337644
1397.0624180144077 729.424929015708 10.0 11.668792833341286
1396.7716234253169 729.3743041798506 10.0 11.685465133283287
1396.4804697206246 729.3236151141385 10.0 11.702134533319622
1396.1889571632428 729.272861864414 10.0 11.718802333343774
1395.8970860162142 729.2220444765453 10.0 11.735477933427319
1395.6048565427113 729.1711629964261 10.0 11.752154533285648
1395.3122690060359 729.120217469976 10.0 11.768825833452865
1395.019323669618 729.0692079431399 10.0 11.785495633259416
1394.726020797015 729.0181344618882 10.0 11.80238853325136
1394.4323606519117 728.9669970722164 10.0 11.819379833294079
1394.1383434981178 728.9157958201451 10.0 11.83605213323608
1393.843969599569 728.8645307517199 10.0 11.852719633374363
1393.5492392203246 728.813201913011 10.0 11.869390233419836
1393.254152624568 728.7618093501131 10.0 11.886059733340517
1392.958710076605 728.7103531091459 10.0 11.902736333431676
1392.6629118408634 728.6588332362529 10.0 11.919412533286959
1392.366758181892 728.6072497776021 10.0 11.93608793336898
1392.0702493643598 728.5556027793854 10.0 11.952814133372158
1391.7733856530558 728.5038922878186 10.0 11.969490433344617
1391.4761673128874 728.4521183491414 10.0 11.986159533262253
1391.1785946088796 728.4002810096171 10.0 12.002889433410019
1390.880667806175 728.3483803155323 10.0 12.019562433240935
1390.5823871700325 728.2964163131971 10.0 12.036240033339709
1390.2837529658261 728.244389048945 10.0 12.052912233397365
1389.984765459045 728.192298569132 10.0 12.069585133343935
1389.6854249152923 728.1401449201376 10.0 12.086254833266139
1389.3857316002839 728.0879281483635 10.0 12.102928333450109
1389.0856857798483 728.0356483002346 10.0 12.119597033364698
1388.7852877199255 727.9833054221978 10.0 12.136267333291471
1388.4845376865665 727.9308995607227 10.0 12.152937133330852
1388.183435945932 727.8784307623008 10.0 12.169608933385462
1387.8819827642917 727.825899073446 10.0 12.186598333297297
1387.5801784080245 727.7733045406937 10.0 12.20326693332754
1387.278023143616 727.7206472106016 10.0 12.219935733359307
1386.9755172376595 727.6679271297485 10.0 12.236606133403257
1386.6726609568534 727.6151443447351 10.0 12.253278033342212
1386.369454568002 727.5622989021832 10.0 12.269954433431849
1386.0658983380142 727.509390848736 10.0 12.28662733337842
1385.7619925339022 727.4564202310576 10.0 12.303296633297578
1385.4577374227813 727.4033870958331 10.0 12.319968033349141
1385.1531332718687 727.3502914897684 10.0 12.33664153330028
1384.848180348483 727.2971334595902 10.0 12.35332403331995
1384.542878920044 727.2439130520455 10.0 12.369990833336487
1384.2372292540704 727.1906303139018 10.0 12.386659933254123
1383.9312316181804 727.1372852919467 10.0 12.40334023325704
1383.6248862800903 727.083878032988 10.0 12.420018333243206
1383.3181935076138 727.0304085838534 10.0 12.43827753327787
1383.0111535686615 726.9768769913904 10.0 12.45494423341006
1382.7037667312395 726.9232833024664 10.0 12.471617533359677
1382.3960332634495 726.869627563968 10.0 12.488288533408195
1382.0879534334872 726.8159098228014 10.0 12.505053533241153
1381.779527509642 726.7621301258919 10.0 12.521770933410153
1381.4707557602965 726.708288520184 10.0 12.538438433315605
1381.1616384539245 726.6543850526415 10.0 12.555112833390012
1380.8521758590916 726.6004197702464 10.0 12.571785033447668
1380.5423682444539 726.54639272 10.0 12.588456633267924
1380.232215878757 726.4923039489216 10.0 12.605123433284461
1379.9217190308357 726.4381535040495 10.0 12.621791633311659
1379.6108779696126 726.38394143244 10.0 12.63846763339825
1379.2996929640983 726.3296677811675 10.0 12.655140133341774
1378.9881642833896 726.2753325973243 10.0 12.672038033371791
1378.6762921966692 726.220935928021 10.0 12.688707833411172
1378.3640769732053 726.1664778203857 10.0 12.705757333431393
1378.0515188823501 726.111958321564 10.0 12.722425933461636
1377.7386181935397 726.057377478719 10.0 12.739139733370394
1377.4253751762924 726.0027353390312 10.0 12.755818433361128
1377.1117901002094 725.9480319496984 10.0 12.772494033444673
1376.7978632349727 725.8932673579352 10.0 12.78916703327559
1376.4835948503453 725.8384416109733 10.0 12.805835633305833
1376.1689852161694 725.783554756061 10.0 12.82254243339412
1375.8540346023665 725.7286068404635 10.0 12.83921083342284
1375.5387432789366 725.6735979114623 10.0 12.855881833238527
1375.223111515957 725.6185280163552 10.0 12.872805033344775
1374.907139583582 725.5633972024565 10.0 12.8894775332883
1374.5908277520416 725.5082055170965 10.0 12.906150333350524
1374.2741762916412 725.4529530076213 10.0 12.922833833377808
1373.9571854727608 725.3976397213931 10.0 12.939501433400437
1373.639855565854 725.3422657057896 10.0 12.956177033251151
1373.322186841448 725.286831008204 10.0 12.972889633383602
1373.0041795701413 725.2313356760451 10.0 12.989581933245063
1372.6858340226047 725.1757797567368 10.0 13.006272733444348
1372.3671504695792 725.1201632977184 10.0 13.022939433343709
1372.0481291818764 725.064486346444 10.0 13.03961343341507
1371.7287704303767 725.0087489503827 10.0 13.056282733334228
1371.4090744860293 724.9529511570182 10.0 13.07319993339479
1371.0890416198513 724.897093013849 10.0 13.089867333415896
1370.7686721029263 724.841174568388 10.0 13.106536833336577
1370.447966206405 724.7851958681625 10.0 13.123333133291453
1370.126924201503 724.7291569607139 10.0 13.140007733367383
1369.805546359501 724.6730578935977 10.0 13.1566813334357
1369.4838329517436 724.6168987143834 10.0 13.173358033411205
1369.161784249639 724.5606794706543 10.0 13.190032533369958
1368.8394005246578 724.5044002100075 10.0 13.206700933398679
1368.5166820483328 724.4480609800532 10.0 13.223373633343726
1368.1936290922577 724.3916618284156 10.0 13.240042133256793
1367.8702419280864 724.3352028027319 10.0 13.256711033405736
1367.546520827533 724.2786839506524 10.0 13.273387533379719
1367.22246606237 724.2221053198405 10.0 13.29005533340387
1366.8980779044282 724.1654669579724 10.0 13.3067229334265
1366.5733566255963 724.1087689127372 10.0 13.323395233368501
1366.2483024978194 724.0520112318364 10.0 13.34023283328861
1365.9229157930986 723.9951939629843 10.0 13.356901133432984
1365.5971967834903 723.9383171539073 10.0 13.373630333459005
1365.2711457411056 723.881380852344 10.0 13.390697333263233
1364.9447629381093 723.8243851060454 10.0 13.40736753330566
1364.6180486467194 723.767329962774 10.0 13.42467403342016
1364.2910031392064 723.7102154703048 10.0 13.441357833333313
1363.963626687892 723.6530416764236 10.0 13.45803533331491
1363.6359195651494 723.5958086289287 10.0 13.474707533372566
1363.3078820434018 723.5385163756291 10.0 13.491377433296293
1362.979514395122 723.4811649643456 10.0 13.508052033372223
1362.650816892831 723.4237544429099 10.0 13.524725733324885
1362.3217898090988 723.3662848591649 10.0 13.541397433262318
1361.992433416542 723.3087562609644 10.0 13.558100533438846
1361.6627479878243 723.251168696173 10.0 13.57476773345843
1361.332733795655 723.1935222126657 10.0 13.591441933298483
1361.002391112789 723.1358168583284 10.0 13.608109233435243
1360.671720212025 723.0780526810573 10.0 13.62477943324484
1360.3407213662065 723.0202297287589 10.0 13.641453433316201
1360.009394848219 722.9623480493495 10.0 13.658129033399746
1359.677740930991 722.9044076907561 10.0 13.67480603326112
1359.3457598874922 722.8464087009149 10.0 13.691479633329436
1359.013451990734 722.7883511277722 10.0 13.708306533284485
1358.6808175137674 722.730235019284 10.0 13.724976933328435
1358.347856729683 722.6720604234156 10.0 13.74165223329328
1358.0145699116104 722.6138273881417 10.0 13.758319833315909
1357.680957332717 722.5555359614464 10.0 13.775087833404541
1357.3470192662082 722.4971861913228 10.0 13.791757733328268
1357.0127559853256 722.4387781257731 10.0 13.808430833276361
1356.6781677633471 722.3803118128083 10.0 13.825097833294421
1356.3432548735857 722.321787300448 10.0 13.841770833358169
1356.008017589389 722.2632046367207 10.0 13.858448633458465
1355.6724561841388 722.2045638696633 10.0 13.875116533366963
1355.33657093125 722.1458650473209 10.0 13.891789033310488
1355.0003621041697 722.0871082177468 10.0 13.908456333447248
1354.6638299763774 722.0282934290029 10.0 13.925130533287302
1354.3269748213834 721.9694207291586 10.0 13.942047033458948
1353.9897969127283 721.9104901662912 10.0 13.958715233253315
1353.6522965239828 721.851501788486 10.0 13.975507133407518
1353.3144739287466 721.7924556438355 10.0 13.992178133456036
1352.9763294006477 721.7333517804402 10.0 14.008851033402607
1352.6378632133417 721.6741902464075 10.0 14.025527033256367
1352.2990756405113 721.6149710898524 10.0 14.042195233283564
1351.9599669558654 721.5556943588965 10.0 14.058867233339697
1351.620537433139 721.4963601016691 10.0 14.075536533258855
1351.280787346091 721.4369683663057 10.0 14.092206033412367
1350.940716968506 721.3775192009489 10.0 14.108873033430427
1350.600326574191 721.3180126537478 10.0 14.1255430332385
1350.2596164369766 721.2584487728581 10.0 14.14221373340115
1349.918586830715 721.1988276064416 10.0 14.158889333251864
1349.5772380292804 721.1391492026667 10.0 14.17556323343888
1349.2355703065678 721.0794136097076 10.0 14.192235033260658
1348.8935839364924 721.0196208757446 10.0 14.208907433319837
1348.5512791929887 720.9597710489642 10.0 14.225582133280113
1348.2086563500102 720.899864177558 10.0 14.242297133430839
1347.8657156815289 720.8399003097238 10.0 14.258966033346951
1347.5224574615336 720.7798794936647 10.0 14.275637733284384
1347.1788819640303 720.719801777589 10.0 14.292307733325288
1346.8349894630414 720.6596672097107 10.0 14.308975433465093
1346.4907802326043 720.5994758382485 10.0 14.325760033447295
1346.1462545467714 720.5392277114264 10.0 14.342427033465356
1345.8014126796095 720.4789228774731 10.0 14.359099733410403
1345.4562549051984 720.4185613846222 10.0 14.37577273324132
1345.1107814976313 720.358143281112 10.0 14.392440733266994
1344.764992731013 720.2976686151852 10.0 14.409117033239454
1344.4188888794604 720.237137435089 10.0 14.425795333459973
1344.0724702171005 720.176549789075 10.0 14.44267633324489
1343.725737018071 720.1159057253988 10.0 14.459348333301023
1343.378689556519 720.05520529232 10.0 14.476021933369339
1343.0313281066003 719.9944485381023 10.0 14.49268973339349
1342.6836529424793 719.9336355110133 10.0 14.509363033343107
1342.3356643383274 719.8727662593241 10.0 14.526038633426651
1341.9873625683233 719.8118408313093 10.0 14.543518933234736
1341.6387479066518 719.7508592752472 10.0 14.560190133284777
1341.2898206275033 719.6898216394194 10.0 14.576962133403867
1340.9405810050732 719.6287279721106 10.0 14.593679233454168
1340.591029313561 719.5675783216086 10.0 14.611502633430064
1340.24116582717 719.5063727362044 10.0 14.628174333367497
1339.8909908201067 719.4451112641916 10.0 14.644847033312544
1339.5405045665793 719.3837939538668 10.0 14.661516933236271
1339.1897073407983 719.3224208535288 10.0 14.67818793328479
1338.838599416975 719.2609920114795 10.0 14.69514933344908
1338.4871810693212 719.1995074760227 10.0 14.711826633429155
1338.1354525720483 719.1379672954649 10.0 14.728495633462444
1337.783414199367 719.0763715181143 10.0 14.745172433322296
1337.4310662254863 719.0147201922816 10.0 14.762214933289215
1337.0784089246133 718.9530133662792 10.0 14.779735033400357
1336.7254425709523 718.8912510884212 10.0 14.796407533343881
1336.3721674387039 718.8294334070235 10.0 14.813082833308727
1336.018583802065 718.7675603704039 10.0 14.829754033358768
1335.6646919352274 718.7056320268811 10.0 14.846428333315998
1335.310492112378 718.6436484247755 10.0 14.863100833259523
1334.9559846076972 718.5816096124088 10.0 14.879777433350682
1334.6011696953597 718.5195156381035 10.0 14.896451333304867
