1499.9998812616384 746.9999948890764 5.000012588059273 0.07560330000706017
1499.9995250884588 746.9999794038929 5.0000509146152785 0.2828386333421804
1499.9989315395044 746.9999531063261 5.000115817693571 0.3261456333420938
1499.9981006708701 746.9999155768145 5.000208127988487 0.342820533332997
1499.997032535737 746.9998664135456 5.00032866893171 0.35949443333083764
1499.9957271844028 746.9998052316774 5.000478256760655 0.3761683333432302
1499.994184664311 746.9997316625919 5.000657700586687 0.3928436333371792
1499.9924050200766 746.9996453531802 5.0008678024631275 0.40951733333349694
1499.990388293511 746.9995459651572 5.001109357453064 0.4261848333408125
1499.9881345236422 746.9994331744043 5.001383153696939 0.4428542333334917
1499.9856437467358 746.9993066703406 5.001689972479912 0.45952933334046975
1499.9829159963126 746.9991661553188 5.002030588298982 0.47641273333283607
1499.9799513031633 746.9990113440471 5.002405768929867 0.49308363333693705
1499.9767496953634 746.9988419630349 5.002816275493625 0.5097552333318163
1499.9733111982857 746.9986577500614 5.003262862523019 0.5264243333367631
1499.9696358346102 746.9984584536661 5.0037462780286 0.5430999333329964
1499.9657236243334 746.9982438326605 5.004267263564525 0.5597828333411599
1499.9615745847761 746.9980136556597 5.004826554294086 0.576453333342215
1499.9571887305901 746.9977677006341 5.0054248790549405 0.5931212333380245
1499.9525660737618 746.9975057544784 5.006062960424061 0.6097883333422942
1499.9477066236168 746.9972276125995 5.006741514782371 0.6264608333440265
1499.9426103868223 746.9969330785207 5.007461252379079 0.6431960333429743
1499.9372773673879 746.9966219635018 5.0082228773956965 0.6598710333346389
1499.931707566666 746.996294086176 5.009027088009749 0.6765447333309567
1499.9259009833513 746.9959492722007 5.009874576458156 0.6932180333387805
1499.9198576134781 746.9955873539226 5.010766029100292 0.7098909333435586
1499.9135774504186 746.995208170057 5.011702126480722 0.7265673333313316
1499.9070604848785 746.99481156538 5.012683543391602 0.7432429333421169
1499.9003067048925 746.9943973904329 5.0137109489347464 0.7599124333355576
1499.89331609582 746.9939655012391 5.014785006583362 0.7765806333336513
1499.886088640338 746.9935157590322 5.015906374243438 0.7932506333308993
1499.8786243184345 746.9930480299952 5.017075704314799 0.8099971333431313
1499.8709231074022 746.9925621850103 5.018293643751809 0.8266707333386876
1499.862984981829 746.9920580994191 5.019560834123738 0.8434313333418686
1499.8548099135903 746.9915356527914 5.020877911674774 0.8601017333421623
1499.8463978718398 746.9909947287051 5.02224550738369 0.8767718333401717
1499.8377488229996 746.990435214533 5.0236642470231585 0.8934464333433425
1499.8288627307497 746.9898570012397 5.025134751218722 0.9101172333321301
1499.8197395560178 746.9892599831854 5.026657635507403 0.9267843333363999
1499.8103792569682 746.9886440579388 5.0282335103959666 0.9438815333414823
1499.8007817889898 746.9880091260962 5.029862981418828 0.960556333331624
1499.7909471046846 746.9873550911088 5.031546649195605 0.9772342333308188
1499.7808751538555 746.9866818591162 5.033285109488323 0.9939160333451582
1499.7705658834927 746.9859893387865 5.035078953258253 1.0107824333390454
1499.7600192377622 746.9852774411631 5.03692876672241 1.0274526333378162
1499.7492351579913 746.9845460795176 5.038835131409683 1.0441202333313413
1499.7382135826556 746.9837951692076 5.040798624216623 1.0607967333344277
1499.7269544473654 746.9830246275411 5.042819817462866 1.0774695333384443
1499.7154576848511 746.9822343736454 5.04489927894621 1.0941363333404297
1499.703723224949 746.9814243283416 5.047037571997334 1.1109090333338827
1499.6917509945877 746.9805944140239 5.049235255534168 1.1281119333434617
1499.6795409177716 746.9797445545429 5.051492884115906 1.1447836333391024
1499.6670929155682 746.9788746750945 5.053811007996671 1.1614599333406659
1499.6544069060915 746.977984702112 5.0561901731788295 1.1781331333331764
1499.6414828044872 746.9770745631631 5.058630921465951 1.1948133333353326
1499.6283205229176 746.9761441868502 5.061133790515425 1.2114852333324961
1499.6149199705465 746.9751935027149 5.0636993138907265 1.2281573333311826
1499.6012810535224 746.9742224411457 5.066328021113334 1.2448247333377367
1499.5874036749642 746.9732309332898 5.0690204377143 1.2614969333371846
1499.5732877349446 746.9722189109673 5.071777085285486 1.2781646333314711
1499.5589331304745 746.9711863065893 5.074598481530439 1.294839933339972
1499.5443397554873 746.9701330530788 5.077485140314936 1.3115155333362054
1499.529507500822 746.9690590837944 5.080437571717188 1.3286636333359638
1499.5144362542092 746.9679643324566 5.083456282077698 1.3454719333385583
1499.4991259002522 746.9668487330775 5.086541774048785 1.362727633342729
1499.4835763204135 746.9657122198922 5.089694546643769 1.379398533332278
1499.4677873929966 746.9645547272929 5.092915095285826 1.3960731333354488
1499.4517589931315 746.9633761897658 5.096203911856499 1.4129302333312808
1499.4354909927572 746.9621765418295 5.099561484743887 1.4295987333316589
1499.4189832606064 746.9609557179765 5.102988298890499 1.446272333341767
1499.4022356621883 746.9597136526152 5.1064848358407735 1.4767160333431093
1499.3852480597736 746.9584502800157 5.110051573788285 1.4933931333362125
1499.3680203123774 746.9571655342561 5.113688987622607 1.5100614333350677
1499.3505522757432 746.9558593491716 5.117397548975864 1.5267291333439061
1499.3328438023268 746.9545316583045 5.121177726268958 1.5435358333343174
1499.31489474128 746.953182394856 5.12502998475747 1.5602036333439173
1499.296704938435 746.9518114916401 5.1289547865772445 1.5768785333348205
1499.2782742362867 746.9504188810389 5.132952590789662 1.5939926333376206
1499.259602473979 746.9490044949587 5.137023853426592 1.6110291333316127
1499.2406894872868 746.947568264788 5.141169027535027 1.6277237333415542
1499.2215351086008 746.9461101213569 5.14538856322142 1.6443958333402406
1499.2021391669116 746.9446299948978 5.149682907695693 1.6610810333368136
1499.1825014877932 746.9431278150067 5.154052505314954 1.6777560333430301
1499.1626218933877 746.9416035106065 5.158497797626898 1.6944353333383333
1499.142500202389 746.9400570099106 5.163019223412908 1.7111049333325354
1499.122136230028 746.9384882403887 5.167617218730851 1.7277740333374823
1499.101529788055 746.9368971287321 5.172292216957578 1.7444492333452217
1499.0806806847258 746.9352836008213 5.177044648831118 1.7611256333329948
1499.059588724786 746.933647581694 5.181874942492583 1.7777924333349802
1499.0382537094538 746.9319889955137 5.186783523527775 1.794459333337727
1499.0166754364066 746.93030776554 5.191770815008497 1.8111274333350593
1498.994853699764 746.9286038140983 5.196837237533579 1.8277990333444905
1498.9727882900731 746.9268770625522 5.201983209269611 1.8445524333365029
1498.9504789942937 746.9251274312749 5.20720914599139 1.861222033345257
1498.9279255957817 746.9233548396221 5.212515461122083 1.8778906333318446
1498.9051278742756 746.921559205906 5.2179025657731035 1.8949148333340418
1498.88208560588 746.9197404473688 5.22337086878371 1.9118464333441807
1498.8587985630518 746.9178984801576 5.228920776760324 1.9285232333349995
1498.8352665145837 746.9160332193004 5.23455269411557 1.945199533336563
1498.8114892255915 746.914144578681 5.240267023107043 1.961874833345064
1498.7874664574972 746.9122324710162 5.246064163875794 1.9785418333340203
1498.7631979680154 746.9102968078325 5.251944514484558 1.9952180333348224
1498.7386835111388 746.9083374994437 5.257908470955697 2.0118860333313933
1498.7139228371227 746.9063544549288 5.263956427308887 2.028557733341586
1498.6889156924717 746.9043475821101 5.270088775598532 2.0452871333400253
1498.6636618199243 746.9023167875323 5.276305905950918 2.0619607333355816
1498.638160958439 746.9002619764419 5.282608206601101 2.0786305333313067
1498.6124128431798 746.8981830527663 5.2889960639295435 2.0953020333399763
1498.5864172055026 746.896079919094 5.2954698624984795 2.112741933335201
1498.5601737729405 746.8939524766548 5.302029985088036 2.1294118333316874
1498.53368226919 746.8918006253008 5.308676812732092 2.1460887333378196
1498.506942414097 746.8896242634868 5.315410724753887 2.162874333342188
1498.479953923643 746.8874232882519 5.3222320988013845 2.17954543333326
1498.4527165099312 746.8851975952009 5.329141310882376 2.196402733345167
1498.425229881173 746.8829470784863 5.336138735399347 2.2130729333439376
1498.397493741674 746.8806716307897 5.343224745184096 2.229741933333571
1498.3695077918205 746.8783711433051 5.350399711532109 2.2464120333315805
1498.3412717280669 746.8760455057206 5.3576640042366925 2.2630805333319586
1498.3127852429207 746.8736946062013 5.365017991622869 2.2797521333413897
1498.2840480249304 746.8713183313723 5.372462040581034 2.296420233338722
1498.2550597586721 746.868916566302 5.379996516600379 2.3130896333314013
1498.225820124736 746.866489194485 5.387621783802077 2.3298073333426146
1498.196328799713 746.8640360978256 5.395338204972239 2.3464751333376626
1498.1665854561827 746.861557156622 5.403146141594642 2.3634137333428953
1498.1365897626995 746.8590522495491 5.4110459538832245 2.380536133336136
1498.10634138378 746.8565212536431 5.419038000814355 2.3998361333360663
1498.0758399798908 746.8539640442854 5.427122640158884 2.416504733337206
1498.0450852074348 746.8513804951865 5.43530022851396 2.4331720333429985
1498.014076718739 746.8487704783705 5.4435711213346405 2.4507261333346833
1497.9828141620421 746.8461338641591 5.451935672965266 2.467438133331598
1497.951297181482 746.8434705211565 5.460394236670632 2.484106433345005
1497.919525417083 746.8407803162336 5.468947164666935 2.501010233332636
1497.8874985047437 746.8380631145126 5.477594808152509 2.5176812333374983
1497.855216076225 746.8353187793517 5.486337517338348 2.534354033341515
1497.822677759137 746.8325471723301 5.49517564147842 2.5510288333316566
1497.789883176928 746.8297481532323 5.50410952889977 2.567699133331189
1497.7568319488719 746.8269215800333 5.513139527032416 2.5843737333343597
1497.7235236900558 746.8240673088831 5.522265982439042 2.601131933333818
1497.6899580113688 746.8211851940921 5.531489240844486 2.618311233338318
1497.6561345194898 746.8182750881157 5.540809647165023 2.634990733335144
1497.6220528168756 746.8153368415393 5.550227545537453 2.651667433339753
1497.5877125017496 746.8123703030634 5.559743279347986 2.668334933332517
1497.5531131680896 746.8093753194885 5.569357191260934 2.6850084333418636
1497.5182544056167 746.8063517357 5.579069623247207 2.7016797333344584
1497.483135799784 746.8032993946533 5.588880916612609 2.718388433335349
1497.4477569317637 746.800218137359 5.598791412025952 2.7350603333325125
1497.412117378438 746.7971078028676 5.608801449546973 2.7517526333394926
1497.376216712386 746.7939682282545 5.618911368654063 2.7684243333351333
1497.3400545018726 746.790799248605 5.629121508271814 2.785091833342449
1497.3036303108388 746.7876006969996 5.639432206798373 2.802205733343726
1497.2669436988888 746.7843724044982 5.64984380213262 2.8188758333417354
1497.2299942212799 746.7811142001256 5.660356631701154 2.835908033332089
1497.1927814289113 746.777825910856 5.67097103248511 2.852586233333568
1497.1553048683136 746.7745073615982 5.681687341046789 2.8692550333362306
1497.1175640816368 746.7711583751799 5.692505893556111 2.885923833338893
1497.079558606641 746.7677787723327 5.703427025816894 2.902598033339018
1497.0412879766845 746.7643683716767 5.714451073292962 2.9192725333414273
1497.0027517207136 746.7609269897052 5.725578371134073 2.9359437333332608
1496.963949363252 746.7574544407694 5.73680925420168 2.952610733336769
1496.92488042439 746.7539505370625 5.748144057094521 2.9692876333429012
1496.885544419775 746.7504150886043 5.759583114174043 2.9860132333415095
1496.8459408605993 746.7468479032261 5.771126759589656 3.002715133334277
1496.8060692535912 746.7432487865543 5.782775327303824 3.019649733338156
1496.765929101004 746.739617541995 5.794529151116993 3.0363245333428495
1496.7255199006065 746.735953970718 5.806388564692354 3.0533141333435196
1496.6848411456717 746.7322578716412 5.818353901580446 3.0699825333431363
1496.6438923249675 746.7285290414143 5.830425495243601 3.0868696333345724
1496.6026729227465 746.7247672744028 5.842603679080232 3.1038918333360925
1496.5611824187356 746.720972362672 5.854888786448961 3.12060403333453
1496.5194202881264 746.7171440959706 5.867281150692597 3.1376128333358793
1496.4773860015655 746.7132822617143 5.879781105161957 3.1542820333415875
1496.435079025144 746.7093866449695 5.892388983239533 3.1718024333385983
1496.3924988203885 746.7054570284369 5.905105118363015 3.1884751333418535
1496.3496448442504 746.7014931924343 5.917929844048659 3.2051519333326723
1496.3065165490973 746.6974949148806 5.930863493914511 3.2218215333414264
1496.2631133827026 746.6934619712786 5.943906401703478 3.2384957333415514
1496.2194347882364 746.689394134698 5.957058901306264 3.2551692333363462
1496.1754802042558 746.6852911757584 5.970321326784156 3.2718413333350327
1496.1312490646953 746.6811528626122 5.983694012391667 3.2885170333320275
1496.0867407988578 746.6769789609274 5.99717729259904 3.3052944333321648
1496.0419548314048 746.67276923387 6.010771502114612 3.321965133334743
1495.9968905823473 746.6685234420866 6.024476975907044 3.3389550333376974
1495.951547467037 746.6642413436867 6.038294049227403 3.3556273333379067
1495.9059248961564 746.6599226942253 6.052223057631123 3.3723024333448848
1495.86002227571 746.6555672466844 6.066264336999819 3.388977533337311
1495.8138390070153 746.6511747514554 6.080418223562975 3.405647133331513
1495.7673744866938 746.646744956321 6.094685053919501 3.4223214333323995
1495.720628106662 746.6422776064367 6.109065165059154 3.4389930333418306
1495.6735992541223 746.6377724443126 6.123558894383836 3.4556623333337484
1495.6262873115545 746.633229209795 6.138166579728761 3.47307893334073
1495.5786916567065 746.6286476400471 6.152888559383496 3.4897651333449176
1495.530811662586 746.624027469531 6.167725172112876 3.5064397333335364
1495.4826466974519 746.6193684299883 6.1826767571777985 3.52311013333383
1495.4341961248049 746.6146702504209 6.197743654355892 3.540047433343716
1495.3854593033798 746.6099326570721 6.212926203962064 3.5579250333394157
1495.3364355871365 746.6051553734073 6.228224746868926 3.5745947333343793
1495.2871243252516 746.600338120094 6.243639624527108 3.5912678333406802
1495.23752486211 746.5954806149822 6.259171178985446 3.6079396333370823
1495.1876365372962 746.590582573085 6.274819752911056 3.6257428333337884
1495.1374586855866 746.5856437065584 6.290585689609294 3.6424197333399206
1495.0869906369408 746.5806637246808 6.306469333043603 3.659150833336753
1495.0362317164936 746.5756423338333 6.322471027855241 3.675823333338485
1494.9851812445465 746.570579237479 6.338591119382905 3.69310243333166
1494.93383853656 746.565474136142 6.35482995368224 3.7097791333362693
1494.882202903145 746.5603267273872 6.371187877545238 3.7264479333389318
1494.8302736500557 746.5551367057989 6.387665238519531 3.743914233331452
1494.7780500781805 746.5499037629601 6.404262384927577 3.760583833340206
1494.7255314835352 746.5446275874308 6.420979665885737 3.7772581333410926
1494.6727171572545 746.5393078647269 6.437817431323251 3.793925533333095
1494.6196063855841 746.5339442772984 6.454776032001108 3.8105979333340656
1494.5661984498736 746.5285365045074 6.4718558195308145 3.827268233333598
1494.5124926265682 746.5230842226067 6.48905714639306 3.843959033343708
1494.4584881872015 746.5175871047171 6.506380365956285 3.861068433339824
1494.4041843983878 746.5120448208052 6.523825832495147 3.877764033342828
1494.3495805218145 746.5064570376609 6.54139390120889 3.894440833333647
1494.2946758142343 746.5008234188749 6.559084928239617 3.911110833330895
1494.239469527459 746.4951436248157 6.576899270690466 3.927779133344302
1494.1839609083509 746.4894173126063 6.594837286643688 3.9444505333376583
1494.1281491988157 746.4836441361014 6.612899335178644 3.961124233333976
1494.0720336357958 746.4778237458634 6.6310857763896855 3.977905533334706
1494.015613451263 746.4719557891392 6.649396971403973 3.994579733334831
1493.9588878722116 746.4660399098365 6.667833282399176 4.011255933335633
1493.9018561206499 746.460075748499 6.686395072621104 4.027929833333474
1493.844517413595 746.4540629422831 6.705082706401238 4.04460333334282
1493.7868709630652 746.4480011249331 6.723896549174178 4.182165833335603
1493.7289159760728 746.4418899267562 6.742836967495004 4.20202026667539
1493.6706516546178 746.4357289745983 6.76190432905655 4.218942066669115
1493.6120771956807 746.4295178918187 6.781099002706598 4.2356126666709315
1493.5531917912162 746.4232562982647 6.800421358464981 4.252671766662388
1493.493994628146 746.4169438102467 6.819871767540613 4.269732966669835
1493.434484888353 746.410580040512 6.839450602348428 4.286405166669283
1493.3746617486738 746.4041645982189 6.859158236526246 4.303123466670513
1493.3145243808935 746.3976970889114 6.878995044951555 4.319791066664038
1493.2540719517383 746.391177114492 6.89896140375822 4.336462766674231
1493.1933036228693 746.3846042731959 6.919057690353106 4.353139666665811
1493.1322185508768 746.3779781595638 6.939284283432632 4.369816666672705
1493.0708158872735 746.371298364415 6.959641562999248 4.386483866663184
1493.0090947784888 746.3645644748208 6.980129910377832 4.403161466674646
1492.9470543658624 746.3577760740764 7.000749708232021 4.420677266665734
1492.8846937856385 746.3509327416738 7.021501340580468 4.438373066674103
1492.82201216896 746.3440340532736 7.042385192813015 4.455042766669067
1492.7590086418627 746.3370795806775 7.063401651706818 4.471719166671392
1492.6956823252685 746.3300688917991 7.08455110544238 4.488395266671432
1492.6320323349814 746.3230015506364 7.105833943619529 4.5050721666630125
1492.5680577816804 746.3158771172424 7.127250557273318 4.521741966673289
1492.5037577709147 746.3086951476962 7.14880133888987 4.538417866671807
1492.439131403098 746.3014551940739 7.170486682422141 4.555325166671537
1492.3741777735029 746.2941568044193 7.1923069833056354 4.572382166676107
1492.3088959722559 746.2867995227137 7.214262638474039 4.589090766676236
1492.2432850843318 746.2793828888465 7.236354046374801 4.605761066675768
1492.1773441895489 746.2719064385844 7.2585816069846505 4.622750766662648
1492.1110723625632 746.2643697035417 7.280945721825046 4.6394215666659875
1492.044468672864 746.2567722111489 7.303446793977571 4.656097466664505
1491.977532184769 746.2491134846224 7.326085228099263 4.672766566669452
1491.9102619574185 746.2413930429327 7.348861430437889 4.6894373666727915
1491.8426570447718 746.2336104007735 7.371775808847158 4.706108366663102
1491.7747164956018 746.2257650685297 7.394828772801877 4.722780966665596
1491.70643935349 746.2178565522453 7.418020733413053 4.739455366667244
1491.637824656823 746.2098843535916 7.441352103442935 4.757057266673655
1491.5688714387877 746.2018479698346 7.464823297320004 4.773776566667948
1491.4995787273658 746.193746893802 7.488434731153905 4.7904515666741645
1491.429945545331 746.1855806138503 7.512186822750332 4.807122466663714
1491.3599709102443 746.177348613832 7.536079991625852 4.823990666671307
1491.2896538344494 746.1690503730612 7.560114659022683 4.840658066663309
1491.2189933250693 746.1606853662804 7.584291247923423 4.857723966662888
1491.147988384002 746.1522530636265 7.608610183065717 4.8743946666654665
1491.076638007917 746.143752930596 7.63307189095689 4.891067066666437
1491.0049411882512 746.1351844280105 7.65767679988852 4.907747466670116
1490.9328969112057 746.126547011982 7.68242533995097 4.924424866665504
1490.8605041577418 746.1178401338777 7.7073179430478636 4.941099766670959
1490.787761903578 746.1090632402843 7.7323550429105286 4.957776066672523
1490.714669119186 746.1002157729722 7.757537075112381 4.974457566670026
1490.6412247697883 746.0912971688599 7.782864477083273 4.991131366667105
1490.5674278153542 746.0823068599772 7.8083376881237925 5.007800266670529
1490.4932772105976 746.0732442734286 7.833957149419519 5.024470866672345
1490.4187719049737 746.0641088313567 7.859723304055245 5.0411503666691715
1490.343910842676 746.054899950905 7.885636597029141 5.057824666670058
1490.2686929626338 746.04561704418 7.911697475266893 5.07450016666553
1490.1931171985098 746.0362595182135 7.937906387635794 5.091172966669546
1490.117182478697 746.0268267749248 7.964263784958793 5.10783966667077
1490.0408877263174 746.017318211082 7.990770120028512 5.124515866671572
1489.9642318592182 746.0077332182636 8.017425847621219 5.141187266664929
1489.8872137899714 745.9980711828191 8.044231424510762 5.157856066667591
1489.8098324258704 745.9883314858297 8.07118730948248 5.174531666663825
1489.7320866689288 745.9785135030692 8.098293963347057 5.191450966667617
1489.6539754158787 745.9686166049632 8.125551848954355 5.208120566676371
1489.5754975581685 745.9586401565498 8.152961431207212 5.224797466667951
1489.496651981962 745.948583517438 8.180523177075194 5.241483166668331
1489.4174375681366 745.9384460417677 8.208237555608338 5.258160266675986
1489.3378531922822 745.9282270781681 8.23610503795083 5.274850966670783
1489.2578977247003 745.917925969716 8.264126097354676 5.291525966662448
1489.1775700304024 745.907542053894 8.292301209193335 5.3081943666766165
1489.09686896911 745.8970746625484 8.320630850975315 5.324867866671411
1489.0157933952526 745.8865231218472 8.349115502357748 5.344401266673231
1488.9343421579688 745.8758867522359 8.377755645159931 5.361075366672594
1488.8525141011046 745.8651648683957 8.406551763376841 5.377749866675003
1488.7703080632136 745.8543567791991 8.435504343192614 5.394417166666244
1488.6877228775568 745.8434617876665 8.46461387299401 5.411093566668569
1488.604757372102 745.8324791909216 8.493880843383842 5.427970666671172
1488.5214103695257 745.8214082801474 8.52330574719438 5.444645166673581
1488.437680687211 745.8102483405406 8.552889079500734 5.461320866670576
1488.3535671372501 745.7989986512672 8.582631337634206 5.4792572666628985
1488.269068526444 745.787658485416 8.612533021195622 5.495929966666154
1488.1841836563033 745.7762271099534 8.642594632068644 5.512605166673893
1488.0989113230494 745.7647037856766 8.672816674433044 5.529274166663527
1488.013250317615 745.7530877671674 8.703199654777979 5.545945666672196
1487.9271994256467 745.7413783027447 8.733744081915225 5.562657266666065
1487.8407574275047 745.7295746344178 8.764450466992397 5.579361166674062
1487.7539230982661 745.7176759978378 8.79531932350615 5.596980166665162
1487.6666952077253 745.7056816222502 8.826351167315359 5.613649166669347
1487.579072520397 745.6935907304462 8.857546516654276 5.630390066668042
1487.4910537955175 745.6814025387139 8.888905892145674 5.64705706667155
1487.402637787048 745.669116256789 8.920429816813972 5.663736966671422
1487.3138232436763 745.6567310878054 8.952118816098338 5.68053956667427
1487.2246089088198 745.644246228245 8.98397341786578 5.697206566663226
1487.1349935206283 745.6316608678876 9.015994152424216 5.713874866676633
1487.0449758119876 745.6189741897601 9.048181552535537 5.7305528666765895
1486.9545545105216 745.6061853700854 9.080536153428639 5.747226566672907
1486.8637283385974 745.5932935782308 9.113058492812463 5.763900666672271
1486.7724960133276 745.5802979766564 9.145749110888996 5.780577066674596
1486.6808562465746 745.5671977208627 9.178608550366278 5.797251266674721
1486.5888077449554 745.5539919593378 9.211637356471385 5.813921166671207
1486.4963492098448 745.5406798335047 9.244836076963406 5.83067526666855
1486.4034793373808 745.5272604776674 9.278205262146402 5.847342666675104
1486.3101968184685 745.5137330189574 9.311745464882359 5.864130366666359
1486.2165003387863 745.5000965772795 9.345457240604128 5.880804066662677
1486.1223885787897 745.4863502652568 9.379341147328356 5.897473866672954
1486.0278602137173 745.4724931881758 9.413397745668401 5.914657666668063
1485.932913913597 745.4585244439313 9.447627598847252 5.931333866668865
1485.837548343251 745.44444312297 9.48203127271042 5.9480026666715275
1485.7417621623022 745.4302483082345 9.516609335738842 5.964671766676474
1485.6455540251804 745.4159390751063 9.55136235906176 5.981340266662301
1485.5489225811298 745.401514491349 9.586290916469602 5.998016866666148
1485.4518664742143 745.3869736170507 9.621395584426862 6.014690966665512
1485.354384343326 745.3723155045658 9.656676942084955 6.03136386667029
1485.2564748221916 745.357539198457 9.692135571295083 6.048040566674899
1485.1581365393804 745.3426437354358 9.727772056621088 6.065237266666372
1485.0593681183118 745.3276281443042 9.76358698535231 6.081971566673019
1484.9601681772642 745.312491445894 9.799580947516427 6.09918956666661
1484.8605353293826 745.2972326530075 9.835754535892296 6.116243466662127
1484.7604681826874 745.2818507703564 9.872108346022799 6.1329134666739265
1484.659965340084 745.2663447945009 9.908642976227675 6.149590266664745
1484.5590253993707 745.2507137137886 9.94535902761636 6.166260566664278
1484.4576469532499 745.234956508292 9.982257104100816 6.18313986666908
1484.355828589336 745.2190721497468 10.019337812408358 6.1998143666714896
1484.2535688901671 745.2030596014886 10.056601762094495 6.217081566675915
1484.1508664332146 745.1869178183897 10.094049565555752 6.233775666667498
1484.0477197908936 745.1706457467959 10.131681838042503 6.250445766665507
1483.9441275305746 745.1542423244616 10.169499197671804 6.2671167666703695
1483.8400882145947 745.1377064804859 10.207502265440217 6.283884866672452
1483.7356004002684 745.1210371352469 10.245691665236652 6.30058226667461
1483.6306626399 745.1042332003364 10.284068023855195 6.317254766676342
1483.5252734807962 745.087293578494 10.322631971007947 6.33392476667359
1483.4194314652782 745.0702171635406 10.361384139337865 6.350596466669231
1483.3131351306945 745.0530028403113 10.400325164431603 6.367300066674943
1483.2063830094348 745.0356494845876 10.439455684832357 6.383971566669061
1483.0991736289427 745.0181559630304 10.478776342052717 6.400647766669863
1482.9915055117299 745.0005211331107 10.518287780587517 6.417315766666434
1482.8833771753907 744.9827438430415 10.557990647926704 6.433988066666643
1482.7747871326164 744.9648229317077 10.59788559456819 6.450657666675397
1482.6657338912105 744.9467572285965 10.637973274030726 6.4674112666689325
1482.5562159541034 744.9285455537275 10.678254342866781 6.484085866672103
1482.446231819369 744.9101867175813 10.718729460675421 6.501010866675642
1482.3357799802395 744.8916795210281 10.759399290115196 6.518177766673034
1482.2248589251235 744.8730227552566 10.80026449691704 6.534849666670198
1482.1134671376215 744.8542152017009 10.841325749897166 6.551845466674422
1482.0016030965432 744.8352556319679 10.882583720969988 6.5694378666667035
1481.8892652759262 744.8161428077643 10.92403908516103 6.586112666671397
1481.7764521450526 744.7968754808222 10.96569252061986 6.602783966663992
1481.6631621684685 744.7774523928251 11.007544708633025 6.619464566669194
1481.549393806002 744.7578722753328 11.049596333636993 6.636139366673888
1481.4351455127828 744.7381338497064 11.091848083231115 6.65281046666496
1481.3204157392622 744.7182358270319 11.134300648190585 6.669481066666776
1481.2052029312324 744.6981769080442 11.176954722479422 6.686153866670793
1481.0895055298477 744.6779557830497 11.219811003263448 6.703059266670607
1480.9733219716452 744.6575711318494 11.262870190923293 6.719730166674708
1480.8566506885659 744.6370216236603 11.3061329890674 6.736399366665864
1480.739490107977 744.6163059170374 11.349600104545049 6.7530720666691195
1480.621838652694 744.595422659794 11.393272247459384 6.769741866664845
1480.503694741003 744.574370488923 11.437150131180465 6.7864094666729216
1480.385056786685 744.5531480305158 11.481234472358317 6.803085966676008
1480.2659231990385 744.5317538996823 11.525525990936007 6.819757966673933
1480.1462923829042 744.5101867004694 11.570025410162726 6.836427066664328
1480.0261627386897 744.4884450257791 11.614733456606887 6.853101266664453
