1499.9998808064922 747.0 5.000017416492178 0.07096390007063746
1499.9995232526094 747.0 5.000070853406336 0.3033500334713608
1499.998927370365 747.0 5.000162045356794 0.336947433417663
1499.9980931889274 747.0 5.00029266673647 0.353626033407636
1499.9970207345814 747.0 5.000464333848413 0.370300333481282
1499.9957100306901 747.0 5.000678606963538 0.38699063344392926
1499.9941610976591 747.0 5.000936992307117 0.4036845334339887
1499.9923739529017 747.0 5.00124094397649 0.42035913350991905
1499.990348610805 747.0 5.001591865792386 0.43703243345953524
1499.988085082698 747.0 5.001991113086146 0.45395093341358006
1499.9855833768192 747.0 5.002439994425084 0.4706184334354475
1499.9828434982871 747.0 5.0029397732781105 0.4872890334809199
1499.979865449071 747.0 5.003491669623701 0.5039595334092155
1499.976649227962 747.0 5.004096861502204 0.5206264334265143
1499.9731948305468 747.0 5.004756486514415 0.5372989334864542
1499.9695022491808 747.0 5.005471643268274 0.5539689334109426
1499.9655714729622 747.0 5.006243392775494 0.570644433493726
1499.9614024877085 747.0 5.007072759799845 0.5879939334699884
1499.956995275932 747.0 5.007960734158769 0.6046638335101306
1499.9523498168176 747.0 5.008908271979946 0.6213319334201515
1499.9474660861995 747.0 5.00991629691437 0.6380010334542021
1499.942344056541 747.0 5.010985701307437 0.6546796334441751
1499.9369836969138 747.0 5.012117347329504 0.6713467334629968
1499.9313849729767 747.0 5.01331206806732 0.6883269334211946
1499.925547846958 747.0 5.014570668577683 0.704995333449915
1499.9194722776351 747.0 5.0158939269046305 0.7221672334708273
1499.9131582203186 747.0 5.017282595061433 0.7388399334158748
1499.9066056268327 747.0 5.018737399978593 0.7555099334567785
1499.8998144454995 747.0 5.020259044419048 0.7724111335119233
1499.8927846211225 747.0 5.021848207861695 0.7891644334886223
1499.8855160949706 747.0 5.023505547354341 0.8058409334626049
1499.878008804763 747.0 5.025231698337135 0.8225337334442884
1499.8702626846543 747.0 5.0270272754375105 0.8392044334905222
1499.86227766522 747.0 5.028892873237614 0.8558755334233865
1499.8540536734426 747.0 5.030829067015177 0.8725523333996534
1499.8455906326988 747.0 5.032836413458758 0.8892456335015595
1499.8368884627453 747.0 5.034915451358224 0.9059219334740192
1499.827947079707 747.0 5.03706670227135 0.9225957334274426
1499.8187663960648 747.0 5.0392906711673415 0.9392624334432185
1499.8093463206433 747.0 5.041587847048103 0.9567239334573969
1499.7996867585994 747.0 5.043958703547996 0.9734098335029557
1499.789787611411 747.0 5.046403699512856 0.9900789334205911
1499.779648776866 747.0 5.04892327955897 1.0067533334949985
1499.7692701490525 747.0 5.05151787461271 1.0234272334491834
1499.7586516183478 747.0 5.054187902431502 1.0401002333965153
1499.7477930714085 747.0 5.056933768106769 1.0568080334924161
1499.736694391161 747.0 5.05975586454947 1.0734794334275648
1499.7253554567924 747.0 5.0626545729588415 1.090157633414492
1499.71377614374 747.0 5.065630263274922 1.1068266334477812
1499.7019563236843 747.0 5.068683294615425 1.1234991335077211
1499.6898958645384 747.0 5.07181401569749 1.1401715334504843
1499.6775946304408 747.0 5.075022765244849 1.1568428335012868
1499.665052481747 747.0 5.07830987238091 1.1735106334090233
1499.6522692750202 747.0 5.081675657008232 1.1901822334621102
1499.6392448630256 747.0 5.0851204301748885 1.2068609334528446
1499.6259790947204 747.0 5.08864449442814 1.2237845334457234
1499.6124718152478 747.0 5.0922481441558896 1.2405003334861249
1499.5987228659292 747.0 5.095931665916319 1.2576897334074602
1499.5847320842568 747.0 5.099695338756122 1.2743638334795833
1499.5704993038867 747.0 5.10353943451774 1.291037033428438
1499.5560243546324 747.0 5.1074642181359575 1.3077110334997997
1499.5413070624577 747.0 5.111469947924259 1.3243855334585533
1499.5263472494696 747.0 5.115556875851261 1.3410528334788978
1499.5111447339125 747.0 5.1197252478076045 1.3577276334399357
1499.4956993301619 747.0 5.123975303863607 1.3744305334985256
1499.4800108487175 747.0 5.128307278518006 1.3911059334641322
1499.4640790961973 747.0 5.132721400938108 1.4077813334297389
1499.4479038753323 747.0 5.137217895191626 1.4245901334797964
1499.4314849849588 747.0 5.141796980470511 1.4413691334193572
1499.4148222200142 747.0 5.146458871307036 1.458039133460261
1499.3979153715306 747.0 5.151203777782418 1.4747099335072562
1499.380764226629 747.0 5.156031905728224 1.499889433500357
1499.3633685685136 747.0 5.160943456920817 1.516690133488737
1499.3457281764665 747.0 5.1659386292690845 1.5333708334947005
1499.327842825842 747.0 5.171017616995671 1.5505436334060505
1499.3097122880613 747.0 5.176180610811959 1.5672133334446698
1499.291336330607 747.0 5.181427798086991 1.5841327334055677
1499.2727147170178 747.0 5.1867593630105695 1.6008016334380955
1499.2538472068836 747.0 5.192175486750708 1.6174734334927052
1499.2347335558395 747.0 5.197676347605652 1.6341445334255695
1499.2153735155612 747.0 5.203262121150647 1.6508186334976926
1499.1957668337595 747.0 5.208932980379636 1.6674893334275112
1499.1759132541758 747.0 5.214689095842061 1.6841658334014937
1499.1558125165764 747.0 5.22053063577495 1.7008361334446818
1499.1354643567474 747.0 5.226457766230432 1.7175093335099518
1499.1148685064904 747.0 5.232470651198856 1.7341832334641367
1499.0940246936168 747.0 5.23856945272766 1.7508604334434494
1499.072932641943 747.0 5.244754331036136 1.7675435334676877
1499.0515920712853 747.0 5.251025444626233 1.7842844334663823
1499.0300026974555 747.0 5.257382950389542 1.8009612334426492
1499.0081642322555 747.0 5.263827003710582 1.8176366334082559
1498.9860763834722 747.0 5.27035775856653 1.834303833427839
1498.963738854873 747.0 5.27697536762351 1.8509749334771186
1498.9411513462012 747.0 5.283679982329554 1.8676461334107444
1498.9183135531698 747.0 5.290471753004373 1.8843193334760144
1498.895225167458 747.0 5.297350828926017 1.9009881335077807
1498.8718858767056 747.0 5.30431735841456 1.9176618334604427
1498.8482953645082 747.0 5.3113714889128945 1.935259233461693
1498.824453310412 747.0 5.318513367064744 1.9519366334425285
1498.8003593899095 747.0 5.32574313878999 1.9686082334956154
1498.7760132744343 747.0 5.333060949357402 1.9852771334117278
