1499.9998808064922 747.0 5.000017416492178 0.07797980005852878
1499.9995232526094 747.0 5.000070853406336 0.29325163341127336
1499.998927370365 747.0 5.000162045356794 0.3220892334356904
1499.9980931889274 747.0 5.00029266673647 0.3387653334066272
1499.9970207345814 747.0 5.000464333848413 0.3554382334696129
1499.9957100306901 747.0 5.000678606963538 0.37241433339659125
1499.9941610976591 747.0 5.000936992307117 0.38908253342378885
1499.9923739529017 747.0 5.00124094397649 0.40575503348372877
1499.990348610805 747.0 5.001591865792386 0.4224223335040733
1499.988085082698 747.0 5.001991113086146 0.4390954334521666
1499.9855833768192 747.0 5.002439994425084 0.4557908334536478
1499.9828434982871 747.0 5.0029397732781105 0.47246363339945674
1499.979865449071 747.0 5.003491669623701 0.4891494334442541
1499.976649227962 747.0 5.004096861502204 0.5058478334685788
1499.9731948305468 747.0 5.004756486514415 0.5226122334133834
1499.9695022491808 747.0 5.005471643268274 0.5392820334527642
1499.9655714729622 747.0 5.006243392775494 0.5559585334267467
1499.9614024877085 747.0 5.007072759799845 0.5726259334478527
1499.956995275932 747.0 5.007960734158769 0.5892939334735274
1499.9523498168176 747.0 5.008908271979946 0.6059651334071532
1499.9474660861995 747.0 5.00991629691437 0.6226381334709004
1499.942344056541 747.0 5.010985701307437 0.6393067335011438
1499.9369836969138 747.0 5.012117347329504 0.655976033420302
1499.9313849729767 747.0 5.01331206806732 0.6730364334071055
1499.925547846958 747.0 5.014570668577683 0.6897144335089251
1499.9194722776351 747.0 5.0158939269046305 0.7063831334235147
1499.9131582203186 747.0 5.017282595061433 0.7230586335062981
1499.9066056268327 747.0 5.018737399978593 0.7397259334102273
1499.8998144454995 747.0 5.020259044419048 0.7563962334534153
1499.8927846211225 747.0 5.021848207861695 0.7730651334859431
1499.8855160949706 747.0 5.023505547354341 0.7897360334172845
1499.878008804763 747.0 5.025231698337135 0.8064068334642798
1499.8702626846543 747.0 5.0270272754375105 0.8852258335100487
1499.86227766522 747.0 5.028892873237614 0.9178837668150663
1499.8540536734426 747.0 5.030829067015177 0.950382666895166
1499.8455906326988 747.0 5.032836413458758 0.9825140668544918
1499.8368884627453 747.0 5.034915451358224 1.0125912668881938
1499.827947079707 747.0 5.03706670227135 1.0432928669033572
1499.8187663960648 747.0 5.0392906711673415 1.0746885668486357
1499.8093463206433 747.0 5.041587847048103 1.1055304668843746
1499.7996867585994 747.0 5.043958703547996 1.13375956681557
1499.789787611411 747.0 5.046403699512856 1.1661213668994606
1499.779648776866 747.0 5.04892327955897 1.1978695668512955
1499.7692701490525 747.0 5.05151787461271 1.229229866876267
1499.7586516183478 747.0 5.054187902431502 1.259598866919987
1499.7477930714085 747.0 5.056933768106769 1.2904535668203607
1499.736694391161 747.0 5.05975586454947 1.3101548668928444
1499.7253554567924 747.0 5.0626545729588415 1.3268314668675885
1499.71377614374 747.0 5.065630263274922 1.3435040669282898
1499.7019563236843 747.0 5.068683294615425 1.3601825669175014
1499.6898958645384 747.0 5.07181401569749 1.3768502668244764
1499.6775946304408 747.0 5.075022765244849 1.3935176668455824
1499.665052481747 747.0 5.07830987238091 1.4102505668997765
1499.6522692750202 747.0 5.081675657008232 1.4272915668552741
1499.6392448630256 747.0 5.0851204301748885 1.4440220668911934
1499.6259790947204 747.0 5.08864449442814 1.4607534668175504
1499.6124718152478 747.0 5.0922481441558896 1.4774279668927193
1499.5987228659292 747.0 5.095931665916319 1.4941037668613717
1499.5847320842568 747.0 5.099695338756122 1.5107805668376386
1499.5704993038867 747.0 5.10353943451774 1.5274526668945327
1499.5560243546324 747.0 5.1074642181359575 1.5441281668609008
1499.5413070624577 747.0 5.111469947924259 1.5608004669193178
1499.5263472494696 747.0 5.115556875851261 1.577473966870457
1499.5111447339125 747.0 5.1197252478076045 1.5941489668330178
1499.4956993301619 747.0 5.123975303863607 1.6108164668548852
1499.4800108487175 747.0 5.128307278518006 1.6274918668204919
1499.4640790961973 747.0 5.132721400938108 1.6444322668248788
1499.4479038753323 747.0 5.137217895191626 1.6611067669000477
1499.4314849849588 747.0 5.141796980470511 1.6777763668214902
1499.4148222200142 747.0 5.146458871307036 1.7066361668985337
1499.3979153715306 747.0 5.151203777782418 1.7233104668557644
1499.380764226629 747.0 5.156031905728224 1.7401154668768868
1499.3633685685136 747.0 5.160943456920817 1.756789866834879
1499.3457281764665 747.0 5.1659386292690845 1.773459066869691
1499.327842825842 747.0 5.171017616995671 1.790128266904503
1499.3097122880613 747.0 5.176180610811959 1.806803266867064
1499.291336330607 747.0 5.181427798086991 1.8234764668159187
1499.2727147170178 747.0 5.1867593630105695 1.8401525669032708
1499.2538472068836 747.0 5.192175486750708 1.8568199669243768
1499.2347335558395 747.0 5.197676347605652 1.873491266858764
1499.2153735155612 747.0 5.203262121150647 1.8901623669080436
1499.1957668337595 747.0 5.208932980379636 1.9068398668896407
1499.1759132541758 747.0 5.214689095842061 1.923507566913031
1499.1558125165764 747.0 5.22053063577495 1.9402075668331236
1499.1354643567474 747.0 5.226457766230432 1.957638666848652
1499.1148685064904 747.0 5.232470651198856 1.9743090668926015
1499.0940246936168 747.0 5.23856945272766 1.9909758669091389
1499.072932641943 747.0 5.244754331036136 2.0076490668579936
1499.0515920712853 747.0 5.251025444626233 2.024321466917172
1499.0300026974555 747.0 5.257382950389542 2.041637066868134
1499.0081642322555 747.0 5.263827003710582 2.0583056668983772
1498.9860763834722 747.0 5.27035775856653 2.0749798668548465
1498.963738854873 747.0 5.27697536762351 2.091654266929254
1498.9411513462012 747.0 5.283679982329554 2.1083269668743014
1498.9183135531698 747.0 5.290471753004373 2.1249970669159666
1498.895225167458 747.0 5.297350828926017 2.141667966847308
1498.8718858767056 747.0 5.30431735841456 2.15834786684718
1498.8482953645082 747.0 5.3113714889128945 2.1750196669017896
1498.824453310412 747.0 5.318513367064744 2.191690566833131
1498.8003593899095 747.0 5.32574313878999 2.2083620668854564
1498.7760132744343 747.0 5.333060949357402 2.225828566821292
1498.7514146313556 747.0 5.3404669434548655 2.242598766926676
1498.726563123974 747.0 5.34796126525719 2.259267166838981
1498.7014584115168 747.0 5.355544058491587 2.2761890668189153
1498.6761001491313 747.0 5.363215466500888 2.292860666872002
1498.6504879878821 747.0 5.370975632304597 2.309534366824664
1498.6246215747444 747.0 5.3788246986578345 2.3262027668533847
1498.5985005525997 747.0 5.3867628081082595 2.342879666830413
1498.5721245602303 747.0 5.394790103051033 2.3595963668776676
1498.5454932323148 747.0 5.402906725781895 2.3766125668771565
1498.5186061994227 747.0 5.411112818548414 2.3932801668997854
1498.491463088009 747.0 5.419408523599479 2.4099534668494016
1498.4640635204094 747.0 5.427793983233092 2.4266317668370903
1498.436407114835 747.0 5.436269339842516 2.443298866855912
1498.4084934853674 747.0 5.444834735960847 2.4599681668914855
1498.3803222419529 747.0 5.453490314304049 2.4766478668898344
1498.3518929903976 747.0 5.4622362178125154 2.4933229668531567
1498.3232053323618 747.0 5.47107258969121 2.5099940669024363
1498.2942588653552 747.0 5.479999573448425 2.526661366922781
1498.2650531827314 747.0 5.489017312933216 2.543335366877727
1498.2355878736817 747.0 5.498125952371552 2.560003166901879
1498.2058625232307 747.0 5.507325636401231 2.5773560669040307
1498.1758767122305 747.0 5.516616510105596 2.594027566839941
1498.145630017355 747.0 5.5259987190461 2.610706466832198
1498.1151220110944 747.0 5.535472409293761 2.6273803669027984
1498.08435226175 747.0 5.54503772745953 2.64410136686638
1498.053320333428 747.0 5.5546948207236335 2.660770566901192
1498.0220257860344 747.0 5.5644438368639095 2.6774459668667987
1497.990468175269 747.0 5.57428492428317 2.6941213668324053
1497.9586470526194 747.0 5.584218232035637 2.7107898668618873
1497.926561965356 747.0 5.594243909852473 2.727463966817595
1497.8942124565258 747.0 5.60436210816644 2.7445480668684468
1497.8615980649458 747.0 5.61457297813572 2.761221366818063
1497.8287183251985 747.0 5.624876671666917 2.777891466859728
1497.7955727676247 747.0 5.635273341437286 2.794567866832949
1497.7621609183184 747.0 5.645763140916195 2.8112397668883204
1497.7284822991203 747.0 5.656346224385858 2.8279075669124722
1497.6945364276116 747.0 5.667022746961371 2.8445810668636113
1497.6603228171086 747.0 5.67779286461005 2.861255566822365
1497.6258409766558 747.0 5.688656734170128 2.8779281668830663
1497.5910904110196 747.0 5.699614513368802 2.89460266684182
1497.5560706206827 747.0 5.710666360839676 2.911274066893384
1497.5207811018374 747.0 5.721812436139609 2.9279510668711737
1497.4852213463794 747.0 5.733052899764985 2.9446251668268815
1497.449390841901 747.0 5.744387913167438 2.9612989668967202
1497.4132890716853 747.0 5.75581763876904 2.977975466870703
1497.3769155146988 747.0 5.767342239976968 2.9946425668895245
1497.340269645586 747.0 5.778961881197683 3.011310066911392
1497.303350934662 747.0 5.7906767278506175 3.0283814668655396
1497.2661588479057 747.0 5.802486946381406 3.0450569668319076
1497.228692846954 747.0 5.814392704274662 3.062015966861509
1497.1909523890938 747.0 5.826394170066324 3.0786830668803304
1497.1529369272566 747.0 5.838491513355577 3.095361366868019
1497.1146459100107 747.0 5.850684904816376 3.112029666895978
1497.0760787815545 747.0 5.862974516208576 3.1286989668151364
1497.0372349817094 747.0 5.87536052038868 3.145392366917804
1496.9981139459132 747.0 5.887843091320228 3.1620677668834105
1496.958715105213 747.0 5.900422404083827 3.17874336685054
1496.9190378862577 747.0 5.9130986348868415 3.195412566885352
1496.8790817112908 747.0 5.925871961072759 3.212086466839537
1496.838845998144 747.0 5.93874256113023 3.228753366856836
1496.7983301602292 747.0 5.951710614701802 3.245423966902308
1496.757533606531 747.0 5.964776302592358 3.2620966668473557
1496.7164557416006 747.0 5.977939806777263 3.278796566883102
1496.6750959655465 747.0 5.991201310410234 3.2954696668311954
1496.6334536740283 747.0 6.00456099783094 3.3121431668987498
1496.5915282582491 747.0 6.018019054572345 3.3288208668818697
1496.5493191049477 747.0 6.031575667367789 3.345729166874662
1496.5068255963909 747.0 6.045231024157838 3.3624000669224188
1496.4640471103655 747.0 6.058985314096889 3.3790694668423384
1496.4209830201712 747.0 6.072838727559549 3.3957437669159845
