1499.9998808064922 747.0 5.000017416492178 0.0696237999945879
1499.9995232526094 747.0 5.000070853406336 0.28528563340660185
1499.998927370365 747.0 5.000162045356794 0.315845433389768
1499.9980931889274 747.0 5.00029266673647 0.33251553343143314
1499.9970207345814 747.0 5.000464333848413 0.3491906333947554
1499.9957100306901 747.0 5.000678606963538 0.3658592334249988
1499.9941610976591 747.0 5.000936992307117 0.38259803340770304
1499.9923739529017 747.0 5.00124094397649 0.39929333340842277
1499.990348610805 747.0 5.001591865792386 0.4159842333756387
1499.988085082698 747.0 5.001991113086146 0.43277243338525295
1499.9855833768192 747.0 5.002439994425084 0.4494445334421471
1499.9828434982871 747.0 5.0029397732781105 0.46611493336968124
1499.979865449071 747.0 5.003491669623701 0.48393183341249824
1499.976649227962 747.0 5.004096861502204 0.5006321333348751
1499.9731948305468 747.0 5.004756486514415 0.517451333347708
1499.9695022491808 747.0 5.005471643268274 0.5341186333680525
1499.9655714729622 747.0 5.006243392775494 0.5509211333701387
1499.9614024877085 747.0 5.007072759799845 0.5675946334376931
1499.956995275932 747.0 5.007960734158769 0.5842631333507597
1499.9523498168176 747.0 5.008908271979946 0.600933033390902
1499.9474660861995 747.0 5.00991629691437 0.6176025334279984
1499.942344056541 747.0 5.010985701307437 0.6342727333540097
1499.9369836969138 747.0 5.012117347329504 0.6509487334406003
1499.9313849729767 747.0 5.01331206806732 0.66761813336052
1499.925547846958 747.0 5.014570668577683 0.684938233345747
1499.9194722776351 747.0 5.0158939269046305 0.7016109334072098
1499.9131582203186 747.0 5.017282595061433 0.7182876333827153
1499.9066056268327 747.0 5.018737399978593 0.7349627333460376
1499.8998144454995 747.0 5.020259044419048 0.7516318333800882
1499.8927846211225 747.0 5.021848207861695 0.7683033334324136
1499.8855160949706 747.0 5.023505547354341 0.7849720333470032
1499.878008804763 747.0 5.025231698337135 0.8017856334336102
1499.8702626846543 747.0 5.0270272754375105 0.8184523333329707
1499.86227766522 747.0 5.028892873237614 0.8351203333586454
1499.8540536734426 747.0 5.030829067015177 0.8517939334269613
1499.8455906326988 747.0 5.032836413458758 0.8684630333445966
1499.8368884627453 747.0 5.034915451358224 0.8851393334334716
1499.827947079707 747.0 5.03706670227135 0.9018070333404467
1499.8187663960648 747.0 5.0392906711673415 0.9186993333278224
1499.8093463206433 747.0 5.041587847048103 0.9353971333475783
1499.7996867585994 747.0 5.043958703547996 0.9520639333641157
1499.789787611411 747.0 5.046403699512856 0.9687450333731249
1499.779648776866 747.0 5.04892327955897 0.9854137334041297
1499.7692701490525 747.0 5.05151787461271 1.0021340333623812
1499.7586516183478 747.0 5.054187902431502 1.0188070334261283
1499.7477930714085 747.0 5.056933768106769 1.0355053333332762
1499.736694391161 747.0 5.05975586454947 1.052172033349052
1499.7253554567924 747.0 5.0626545729588415 1.0688452334143221
1499.71377614374 747.0 5.065630263274922 1.0859329333761707
1499.7019563236843 747.0 5.068683294615425 1.1026703333482146
1499.6898958645384 747.0 5.07181401569749 1.1196798334131017
1499.6775946304408 747.0 5.075022765244849 1.1364423333434388
1499.665052481747 747.0 5.07830987238091 1.1531126333866268
1499.6522692750202 747.0 5.081675657008232 1.169784833327867
1499.6392448630256 747.0 5.0851204301748885 1.1864648333285004
1499.6259790947204 747.0 5.08864449442814 1.203138133394532
1499.6124718152478 747.0 5.0922481441558896 1.219811633345671
1499.5987228659292 747.0 5.095931665916319 1.2364803333766758
1499.5847320842568 747.0 5.099695338756122 1.2531497334130108
1499.5704993038867 747.0 5.10353943451774 1.2698213333496824
1499.5560243546324 747.0 5.1074642181359575 1.2866262333700433
1499.5413070624577 747.0 5.111469947924259 1.3032969334162772
1499.5263472494696 747.0 5.115556875851261 1.3202920333715156
1499.5111447339125 747.0 5.1197252478076045 1.3369690333493054
1499.4956993301619 747.0 5.123975303863607 1.3536406334023923
1499.4800108487175 747.0 5.128307278518006 1.3703297333559021
1499.4640790961973 747.0 5.132721400938108 1.3870282333809882
1499.4479038753323 747.0 5.137217895191626 1.4037686333758757
1499.4314849849588 747.0 5.141796980470511 1.420445733354427
1499.4148222200142 747.0 5.146458871307036 1.4373350334353745
1499.3979153715306 747.0 5.151203777782418 1.454005733365193
1499.380764226629 747.0 5.156031905728224 1.481480933376588
1499.3633685685136 747.0 5.160943456920817 1.4981603333726525
1499.3457281764665 747.0 5.1659386292690845 1.515086333383806
1499.327842825842 747.0 5.171017616995671 1.531755033414811
1499.3097122880613 747.0 5.176180610811959 1.548442633356899
1499.291336330607 747.0 5.181427798086991 1.5651125333970413
1499.2727147170178 747.0 5.1867593630105695 1.5817807334242389
1499.2538472068836 747.0 5.192175486750708 1.5984753334196284
1499.2347335558395 747.0 5.197676347605652 1.615142633439973
1499.2153735155612 747.0 5.203262121150647 1.6318124333629385
1499.1957668337595 747.0 5.208932980379636 1.6484800333855674
1499.1759132541758 747.0 5.214689095842061 1.6651474334066734
1499.1558125165764 747.0 5.22053063577495 1.6818457334302366
1499.1354643567474 747.0 5.226457766230432 1.6985125333303586
1499.1148685064904 747.0 5.232470651198856 1.7153771333396435
1499.0940246936168 747.0 5.23856945272766 1.7326166334096342
1499.072932641943 747.0 5.244754331036136 1.749286733334884
1499.0515920712853 747.0 5.251025444626233 1.7659593333955854
1499.0300026974555 747.0 5.257382950389542 1.782627733424306
1499.0081642322555 747.0 5.263827003710582 1.799295433331281
1498.9860763834722 747.0 5.27035775856653 1.815964833367616
1498.963738854873 747.0 5.27697536762351 1.8326367334229872
1498.9411513462012 747.0 5.283679982329554 1.849305933341384
1498.9183135531698 747.0 5.290471753004373 1.8659776333952323
1498.895225167458 747.0 5.297350828926017 1.882650833344087
1498.8718858767056 747.0 5.30431735841456 1.8993224333971739
1498.8482953645082 747.0 5.3113714889128945 1.9159895334159955
1498.824453310412 747.0 5.318513367064744 1.932665333384648
1498.8003593899095 747.0 5.32574313878999 1.949788233381696
1498.7760132744343 747.0 5.333060949357402 1.96645963343326
1498.7514146313556 747.0 5.3404669434548655 1.9831312333699316
1498.726563123974 747.0 5.34796126525719 1.9998293333919719
1498.7014584115168 747.0 5.355544058491587 2.0165020333370194
1498.6761001491313 747.0 5.363215466500888 2.0331687333527952
1498.6504879878821 747.0 5.370975632304597 2.0498366333777085
1498.6246215747444 747.0 5.3788246986578345 2.0665060334140435
1498.5985005525997 747.0 5.3867628081082595 2.0831810333766043
1498.5721245602303 747.0 5.394790103051033 2.0998685334343463
1498.5454932323148 747.0 5.402906725781895 2.1165394333656877
1498.5186061994227 747.0 5.411112818548414 2.133838133420795
1498.491463088009 747.0 5.419408523599479 2.1505116333719343
1498.4640635204094 747.0 5.427793983233092 2.1671865333337337
1498.436407114835 747.0 5.436269339842516 2.183860933408141
1498.4084934853674 747.0 5.444834735960847 2.200589533429593
1498.3803222419529 747.0 5.453490314304049 2.2179011333500966
1498.3518929903976 747.0 5.4622362178125154 2.2347126334207132
1498.3232053323618 747.0 5.47107258969121 2.251386533374898
1498.2942588653552 747.0 5.479999573448425 2.2680575334234163
1498.2650531827314 747.0 5.489017312933216 2.285151033429429
1498.2355878736817 747.0 5.498125952371552 2.3018242333782837
1498.2058625232307 747.0 5.507325636401231 2.3184994333423674
1498.1758767122305 747.0 5.516616510105596 2.3351946333423257
1498.145630017355 747.0 5.5259987190461 2.351874633342959
1498.1151220110944 747.0 5.535472409293761 2.3685889333719388
1498.08435226175 747.0 5.54503772745953 2.385270733386278
1498.053320333428 747.0 5.5546948207236335 2.4019451333442703
1498.0220257860344 747.0 5.5644438368639095 2.4186181334080175
1497.990468175269 747.0 5.57428492428317 2.4352900333469734
1497.9586470526194 747.0 5.584218232035637 2.4519680333323777
1497.926561965356 747.0 5.594243909852473 2.468640833394602
1497.8942124565258 747.0 5.60436210816644 2.4853115334408358
1497.8615980649458 747.0 5.61457297813572 2.5019807333592325
1497.8287183251985 747.0 5.624876671666917 2.5186548334313557
1497.7955727676247 747.0 5.635273341437286 2.535329233389348
1497.7621609183184 747.0 5.645763140916195 2.5519968334119767
1497.7284822991203 747.0 5.656346224385858 2.5686673333402723
1497.6945364276116 747.0 5.667022746961371 2.585369033389725
1497.6603228171086 747.0 5.67779286461005 2.6020399334374815
1497.6258409766558 747.0 5.688656734170128 2.6187107333680615
1497.5910904110196 747.0 5.699614513368802 2.635382733424194
1497.5560706206827 747.0 5.710666360839676 2.652050433331169
1497.5207811018374 747.0 5.721812436139609 2.6687232333933935
1497.4852213463794 747.0 5.733052899764985 2.685400833375752
1497.449390841901 747.0 5.744387913167438 2.7020690334029496
1497.4132890716853 747.0 5.75581763876904 2.7187379334354773
1497.3769155146988 747.0 5.767342239976968 2.735405533341691
1497.340269645586 747.0 5.778961881197683 2.752081233425997
1497.303350934662 747.0 5.7906767278506175 2.7687567333923653
1497.2661588479057 747.0 5.802486946381406 2.785559333395213
1497.228692846954 747.0 5.814392704274662 2.8029828333528712
1497.1909523890938 747.0 5.826394170066324 2.819655533414334
1497.1529369272566 747.0 5.838491513355577 2.8363317333860323
1497.1146459100107 747.0 5.850684904816376 2.8530059333425015
1497.0760787815545 747.0 5.862974516208576 2.8703700334299356
1497.0372349817094 747.0 5.87536052038868 2.8870408333605155
1496.9981139459132 747.0 5.887843091320228 2.9037147334311157
1496.958715105213 747.0 5.900422404083827 2.9203857333632186
1496.9190378862577 747.0 5.9130986348868415 2.937424633419141
1496.8790817112908 747.0 5.925871961072759 2.954097233363427
1496.838845998144 747.0 5.93874256113023 2.9707730333320796
1496.7983301602292 747.0 5.951710614701802 2.987442533369176
1496.757533606531 747.0 5.964776302592358 3.0041107333963737
1496.7164557416006 747.0 5.977939806777263 3.0207783334190026
1496.6750959655465 747.0 5.991201310410234 3.0374482333427295
1496.6334536740283 747.0 6.00456099783094 3.0541220334125683
1496.5915282582491 747.0 6.018019054572345 3.0707915333332494
1496.5493191049477 747.0 6.031575667367789 3.0874643333954737
1496.5068255963909 747.0 6.045231024157838 3.1041339334333315
1496.4640471103655 747.0 6.058985314096889 3.120807533385232
1496.4209830201712 747.0 6.072838727559549 3.1374786334345117
1496.3776326946124 747.0 6.086791456146793 3.1541463333414868
1496.3339954979908 747.0 6.100843692691912 3.1708197334082797
1496.2900707900967 747.0 6.114995631266245 3.187492433353327
1496.2458579262016 747.0 6.129247467184719 3.2041627333965153
1496.2013562570498 747.0 6.14359939701119 3.2208336333278567
1496.156565128851 747.0 6.158051618563601 3.2375101334182546
1496.1114838832718 747.0 6.172604330918948 3.2541860333876684
1496.066111857427 747.0 6.187257734418081 3.2708574334392324
1496.0204483838718 747.0 6.202012030670327 3.2875275333644822
1495.9744927905942 747.0 6.216867422557946 3.3042019334388897
1495.9282444010053 747.0 6.231824114240431 3.3208711333572865
1495.8817025339315 747.0 6.24688231115865 3.3375510333571583
1495.8348665036067 747.0 6.2620422200388335 3.354220833396539
1495.7877356196625 747.0 6.277304048896419 3.3709017334040254
1495.7403091871206 747.0 6.292668007039753 3.3875687334220856
1495.6925865063838 747.0 6.308134305073648 3.4042451333953068
1495.6445668732274 747.0 6.323703154902818 3.4209277334157377
1495.5962495787903 747.0 6.339374769735168 3.43770233343821
1495.5476339095662 747.0 6.355149364084968 3.4543690333375707
1495.4987191473951 747.0 6.3710271537758985 3.4710432334104553
1495.4495045694541 747.0 6.387008355943976 3.4877167333615944
1495.3999894482483 747.0 6.403093189040365 3.5043846333865076
1495.350173051602 747.0 6.419281872834071 3.5210528334137052
1495.3000546426495 747.0 6.435574628414528 3.5377215333282948
1495.249633479826 747.0 6.451971678194076 3.5543966334080324
1495.1989088168582 747.0 6.468473245910332 3.571073333383538
1495.1478799027557 747.0 6.48507955662846 3.5877413334092125
1495.0965459818008 747.0 6.501790836743344 3.6044172333786264
1495.0449062935397 747.0 6.518607313981658 3.6210857334081084
1494.992960072773 747.0 6.5355292174038455 3.637756933341734
1494.940706549546 747.0 6.552556777406003 3.654431033413857
1494.888144949139 747.0 6.569690225721675 3.671099233441055
1494.8352744920583 747.0 6.586929795423558 3.687771433382295
1494.7820943940262 747.0 6.604275720925121 3.7044479333562776
1494.7286038659713 747.0 6.621728237982137 3.7211166333872825
1494.6748021140188 747.0 6.639287583694136 3.7377869334304705
1494.6206883394805 747.0 6.656953996505771 3.7544584333663806
1494.5662617388448 747.0 6.674727716208109 3.7711324334377423
1494.5115215037672 747.0 6.692608983939839 3.787808033404872
1494.45646682106 747.0 6.710598042188409 3.804475233424455
1494.4010968726825 747.0 6.728695134791084 3.8211481333710253
1494.3454108357303 747.0 6.746900506935925 3.8378182334126905
1494.2894078824254 747.0 6.765214405162706 3.8544849334284663
1494.2330871801066 747.0 6.783637077363748 3.871156533365138
1494.1764478912185 747.0 6.8021687727846905 3.887824633391574
1494.1194891733007 747.0 6.8208097420251885 3.90449653333053
1494.0622101789788 747.0 6.839560237039542 3.9211660333676264
1494.0046100559528 747.0 6.85842051113726 3.9378336333902553
1493.9466879469867 747.0 6.877390818983553 3.9545006334083155
1493.8884429898985 747.0 6.896471416599763 3.9711689334362745
1493.829874317549 747.0 6.915662561363726 3.9885092333424836
1493.770981057831 747.0 6.934964512010075 4.005180233391002
1493.7117623336596 747.0 6.954377528630468 4.0218482334166765
1493.65221726296 747.0 6.973901872673766 4.038518233341165
1493.5923449586571 747.0 6.9935378069461365 4.055209333426319
1493.5321445286652 747.0 7.013285595611104 4.071878433343954
1493.4716150758761 747.0 7.033145504189533 4.088547133374959
1493.410755698149 747.0 7.053117799559548 4.105336133390665
1493.3495654882981 747.0 7.073202749956399 4.1220065334346145
1493.288043534083 747.0 7.093400624972263 4.138677433365956
1493.2261889181962 747.0 7.11371169555598 4.15534813341219
1493.1640007182523 747.0 7.1341362340127406 4.172015233431011
1493.101478006777 747.0 7.1546745140037 4.188685333356261
1493.0386198511947 747.0 7.175326810545543 4.205360233434476
1492.9754253138185 747.0 7.196093400009982 4.222027633339167
1492.9118934518376 747.0 7.2169745601232025 4.238695733365603
1492.848023317306 747.0 7.237970569965243 4.255366133409552
1492.7838139571304 747.0 7.259081709969316 4.272042233380489
1492.7192644130598 747.0 7.280308261921076 4.2887160333339125
1492.6543737216728 747.0 7.3016505089578185 4.305389933404513
1492.5891409143655 747.0 7.3231087355676285 4.322065333370119
1492.5235650173408 747.0 7.344683227588463 4.3387397333281115
1492.4576450515954 747.0 7.366374272207176 4.355407833354548
1492.391380032908 747.0 7.3881821579584885 4.3720745333703235
1492.3247689718278 747.0 7.410107174723887 4.388746333424933
1492.257810873662 747.0 7.432149613730472 4.405413033440709
1492.190504738464 747.0 7.454309767549744 4.422088133404031
1492.12284956102 747.0 7.476587930096327 4.438760433346033
1492.0548443308392 747.0 7.49898439662663 4.4554299333831295
1491.9864880321384 747.0 7.521499463737451 4.472108033369295
1491.917779643832 747.0 7.544133429364512 4.488777333404869
1491.8487181395187 747.0 7.566886592780947 4.505450833356008
1491.7793024874686 747.0 7.589759254595708 4.522120933397673
1491.7095316506113 747.0 7.612751716751924 4.538788333418779
1491.6394045865231 747.0 7.635864282525187 4.555498733418062
1491.5689202474143 747.0 7.6590972565217825 4.572371633374132
1491.4980775801162 747.0 7.682450944676848 4.58904123341199
1491.4268755260687 747.0 7.705925654252472 4.605707933427766
1491.3553130213074 747.0 7.729521693835726 4.622382033383474
1491.2833889964504 747.0 7.753239373336629 4.639051133417524
1491.2111023766856 747.0 7.777079003986052 4.655725933378562
1491.138452081758 747.0 7.801040898333547 4.672455033403821
1491.0654370259556 747.0 7.825125370245115 4.689127933350392
1490.9920561180973 747.0 7.849332734900906 4.705804833443835
1490.9183082615193 747.0 7.873663308792841 4.722476733382791
1490.844192354062 747.0 7.898117409722179 4.739145333413035
1490.769707288056 747.0 7.922695356797003 4.7558223333908245
1490.69485195031 747.0 7.947397470429638 4.773104733438231
1490.6196252220964 747.0 7.972224072334 4.789777333382517
1490.544025979138 747.0 7.9971754855228685 4.806449733441696
1490.4680530915948 747.0 8.02225203430509 4.8231236333958805
1490.3917054240499 747.0 8.047454044282704 4.839798333356157
1490.3149818354964 747.0 8.072781842347997 4.856467333389446
1490.2378811793233 747.0 8.098235756680479 4.873136333422735
1490.1604023033017 747.0 8.123816116743786 4.889804833335802
1490.0825440495714 747.0 8.149523253282503 4.906477733398788
1490.0043052546266 747.0 8.17535749831891 4.92343753343448
1489.9256847493023 747.0 8.201319185149647 4.940112733398564
1489.8466813587597 747.0 8.227408648342301 4.956782833440229
1489.767293902473 747.0 8.253626223731919 4.9734552333829924
1489.6875211942147 747.0 8.279972248417419 4.990191433345899
1489.6073620420416 747.0 8.306447060757943 5.006865533418022
1489.5268152482809 747.0 8.333051000369107 5.023535733344033
1489.445879609515 747.0 8.359784408119175 5.0402049333788455
1489.3645539165684 747.0 8.38664762612515 5.056871833396144
1489.2828369544923 747.0 8.413640997748768 5.0735415334347636
1489.2007275025505 747.0 8.440764867592414 5.090226733358577
1489.1182243342053 747.0 8.468019581494941 5.106896833400242
1489.0353262171022 747.0 8.495405486527408 5.12357023335062
1488.9520319130563 747.0 8.522922930988715 5.140238333377056
1488.868340178036 747.0 8.550572264401156 5.156909333425574
1488.7842497621505 747.0 8.578353837505873 5.173581533366814
1488.6997594096326 747.0 8.606268002258219 5.190381633350626
1488.6148678588258 747.0 8.634315111823017 5.207055633421987
1488.5295738421685 747.0 8.662495520569735 5.223722733440809
1488.443876086179 747.0 8.690809584067548 5.240396533394232
1488.3577733114412 747.0 8.719257659080315 5.257070433348417
1488.2712642325885 747.0 8.74784010356144 5.273746533435769
1488.1843475582896 747.0 8.776557276648644 5.290419333381578
1488.0970219912329 747.0 8.805409538658626 5.30709303333424
1488.0092862281113 747.0 8.834397251081622 5.323762433370575
1487.9211389596067 747.0 8.863520776575857 5.340437433333136
1487.8325788703753 747.0 8.892780478961889 5.357108733383939
1487.743604639032 747.0 8.922176723216845 5.3737794334301725
1487.654214938134 747.0 8.95170987546855 5.390449933358468
1487.5644084341668 747.0 8.981380302989535 5.407122033415362
1487.4741837875279 747.0 9.011188374190942 5.423797733383253
1487.3835396525108 747.0 9.04113445861631 5.440465333405882
1487.2924746772899 747.0 9.071218926935247 5.457132133422419
1487.200987503905 747.0 9.101442150936977 5.473803133354522
1487.109076768245 747.0 9.131804503523783 5.490476033417508
1487.0167411000316 747.0 9.162306358704312 5.507152533391491
1486.9239791228051 747.0 9.192948091586771 5.523829233366996
1486.8307894539068 747.0 9.223730078371997 5.540496333385818
1486.7371707044638 747.0 9.254652696346392 5.557172933360562
1486.6431214793727 747.0 9.285716323874748 5.573850033339113
1486.5486403772838 747.0 9.31692134039293 5.590525233419612
1486.4537259905849 747.0 9.348268126400432 5.607193533331156
1486.3583769053846 747.0 9.379757063452805 5.623930133413523
1486.2625917014966 747.0 9.41138853415395 5.640603833366185
1486.1663689524232 747.0 9.443162922148275 5.657275433419272
1486.069707225339 747.0 9.475080612112713 5.674104933394119
1485.9726050810743 747.0 9.507141989748607 5.690907633397728
1485.875061074099 747.0 9.539347441773453 5.707575233420357
1485.7770737525057 747.0 9.571697355912494 5.724247533362359
1485.6786416579935 747.0 9.60419212089018 5.740917433402501
1485.5797633258508 747.0 9.63683212642148 5.757591133355163
1485.4804372849396 747.0 9.669617763203036 5.774264933425002
1485.380662057678 747.0 9.702549422904184 5.79094043339137
1485.280436160023 747.0 9.735627498157813 5.807611833442934
1485.1797581014555 747.0 9.768852382551074 5.824284733389504
1485.0786263849611 747.0 9.802224470615933 5.840957733336836
1484.977039507015 747.0 9.835744157819564 5.857631733408198
1484.8749959575641 747.0 9.86941184055459 5.8743040333501995
1484.7724942200105 747.0 9.903227916129161 5.890999933355488
1484.6695327711936 747.0 9.93719278275686 5.907674533431418
1484.5661100813743 747.0 9.971306839546454 5.92434683337342
1484.4622246142162 747.0 10.005570486491475 5.941139633418061
1484.3578748267698 747.0 10.03998412445963 5.957819433417171
1484.2530591694544 747.0 10.074548155182045 5.974492833367549
1484.1477760860414 747.0 10.109262981242322 5.991164633422159
1484.042024013636 747.0 10.144129006065436 6.0078356333542615
1483.9358013826607 747.0 10.179146633906447 6.024509633425623
1483.8291066168376 747.0 10.21431626983903 6.041517833364196
1483.7219381331706 747.0 10.249638319743823 6.058192833443172
1483.6142943419281 747.0 10.285113190296602 6.0748681334080175
1483.5061736466253 747.0 10.320741288956246 6.091537133441307
1483.397574444006 747.0 10.356523023952533 6.1082061333581805
1483.2884951240267 747.0 10.39245880427374 6.124880833434872
1483.1789340698363 747.0 10.428549039654039 6.1415492333471775
1483.0688896577603 747.0 10.464794140560711 6.158219333388843
1482.9583602572823 747.0 10.501194518181151 6.174887333414517
1482.8473442310258 747.0 10.537750584409677 6.191562833380885
1482.7358399347365 747.0 10.574462751834131 6.208230933407322
1482.6238457172647 747.0 10.611331433722281 6.224902433343232
1482.5113599205465 747.0 10.648357044008007 6.241571633378044
1482.3983808795867 747.0 10.68553999727728 6.25824113341514
1482.2849069224399 747.0 10.722880708753923 6.2749102333327755
1482.1709363701923 747.0 10.760379594285165 6.291583833401091
1482.0564675369442 747.0 10.798037070326965 6.3082553333370015
1481.9414987297914 747.0 10.835853553929118 6.325093633378856
1481.8260282488066 747.0 10.873829462720142 6.341762833413668
1481.7100543870215 747.0 10.911965214891932 6.358431633329019
1481.5935754304082 747.0 10.950261229184186 6.375107733416371
1481.476589657861 747.0 10.988717924868599 6.391800833400339
1481.3590953411776 747.0 11.027335721732822 6.408471933333203
1481.241090745041 747.0 11.06611504006418 6.425140533363447
1481.1225741270005 747.0 11.105056300633152 6.44181983335875
1481.0035437374538 747.0 11.144159924676607 6.458496033330448
1480.8839978196277 747.0 11.183426333880798 6.475166233372875
1480.7639346095596 747.0 11.222855950364085 6.491840333328582
1480.643352336079 747.0 11.26244919665944 6.508513733395375
1480.522249220789 747.0 11.302206495696666 6.525189533364028
1480.4006234780468 747.0 11.34212827078437 6.5418647333281115
1480.2784733149454 747.0 11.382214945591675 6.55853783339262
1480.1557969312946 747.0 11.422466944129669 6.575214333366603
1480.0325925196023 747.0 11.462884690732569 6.591886133421212
1479.9088582650552 747.0 11.50346861003864 6.6086808333639055
1479.7845923455 747.0 11.54421912697082 6.625411333399825
1479.6597929314248 747.0 11.585136666717077 6.642085533356294
1479.5344581859395 747.0 11.626221654710475 6.659121533390135
1479.4085862647569 747.0 11.667474516608973 6.675949133350514
1479.2821753161736 747.0 11.708895678274917 6.692624033428729
1479.155223481051 747.0 11.750485565754254 6.709298333385959
1479.0277288927962 747.0 11.792244605255448 6.726105033420026
1478.8996896773422 747.0 11.834173223128097 6.742777333362028
1478.7711039531293 747.0 11.876271845841254 6.759449833421968
1478.6419698310858 747.0 11.918540899961434 6.77611693344079
1478.5122854146082 747.0 11.960980812130321 6.792788733378984
1478.3820487995422 747.0 12.003592009042162 6.809461433440447
1478.2512580741634 747.0 12.046374917420842 6.826134433387779
1478.1199113191578 747.0 12.089329963996642 6.8428015334066
1477.9880066076025 747.0 12.132457575482677 6.859471233328804
1477.8555420049458 747.0 12.175758178551002 6.87614483339712
1477.7225155689882 747.0 12.219232199808394 6.892812033416703
1477.5889253498628 747.0 12.262880065771798 6.909483033348806
1477.4547693900156 747.0 12.306702202843429 6.926150133367628
1477.3200457241862 747.0 12.350699037285544 6.942822333425283
1477.1847523793879 747.0 12.394870995194859 6.959502133424394
1477.048887374888 747.0 12.43921850247662 6.9761724333511665
1476.9124487221886 747.0 12.483741984818325 6.9928449334111065
1476.775434425007 747.0 12.528441867663076 7.009517933358438
1476.6378424792551 747.0 12.573318576182588 7.026188133400865
1476.499670873021 747.0 12.618372535249815 7.042863133363426
1476.3609175865479 747.0 12.663604169411215 7.059534133411944
1476.2215805922156 747.0 12.709013902858644 7.0762106333859265
1476.0816578545198 747.0 12.754602159400863 7.092882933327928
1475.9411473300527 747.0 12.800369362434669 7.10955283336807
1475.8000469674832 747.0 12.84631593491564 7.1262220334028825
1475.6583547075372 747.0 12.892442299328486 7.142892133328132
1475.516068482977 747.0 12.938748877657009 7.159563333378173
1475.3731862185828 747.0 12.985236091353652 7.176237133331597
1475.229705831131 747.0 13.031904361308666 7.192912333412096
1475.085625229376 747.0 13.07875410781884 7.209580633440055
1474.9409423140298 747.0 13.125785750555846 7.226253733388148
1474.795654977741 747.0 13.172999708534144 7.242972033331171
1474.6497611050763 747.0 13.220396400078481 7.2596396333538
1474.5032585724998 747.0 13.267976242790951 7.276310733403079
1474.3561452483534 747.0 13.315739653517626 7.292983133345842
1474.2084189928362 747.0 13.363687048314764 7.309651033370756
1474.0600776579854 747.0 13.411818842414553 7.32635803334415
1473.9111190876556 747.0 13.460135450190428 7.343027233378962
1473.761541117499 747.0 13.50863728512193 7.359697833424434
1473.6113415749455 747.0 13.557324759759105 7.37637183337938
1473.4605182791827 747.0 13.606198285686453 7.39304433343932
1473.3090690411357 747.0 13.655258273486401 7.409712133347057
1473.1569916634471 747.0 13.70450513270231 7.426378833362833
1473.004283940457 747.0 13.753939271801007 7.443048733402975
1472.8509436581835 747.0 13.803561098134834 7.4597706333734095
1472.6969685943018 747.0 13.853371017903209 7.476439633406699
1472.5423565181245 747.0 13.903369436113705 7.493115233373828
1472.387105190582 747.0 13.95355675654262 7.509790233336389
1472.2312123642016 747.0 14.00393338169505 7.526461133384146
1472.0746757830887 747.0 14.054499712764464 7.5431363333482295
1471.9174931829054 747.0 14.105256149591746 7.559809233411215
1471.7596622908518 747.0 14.156203090623737 7.576559433364309
1471.6011808256449 747.0 14.207340932871253 7.593236333341338
1471.442046497499 747.0 14.258670071866552 7.609910333412699
1471.2822570081062 747.0 14.3101909016203 7.626577733433805
1471.121810050616 747.0 14.361903814577971 7.643248633365147
1470.9607033096152 747.0 14.413809201575704 7.659915433381684
1470.7989344611078 747.0 14.465907451795621 7.676772633334622
1470.636501172496 747.0 14.518198952720578 7.693446933408268
1470.4734011025594 747.0 14.570684090088351 7.710145433433354
1470.309631901435 747.0 14.623363247845262 7.726820933399722
1470.1451912105986 747.0 14.676236808099217 7.743487733416259
1469.9800766628427 747.0 14.729305151072177 7.760160733363591
1469.8142858822591 747.0 14.78256865505203 7.776836633333005
1469.6478164842174 747.0 14.836027696343875 7.793538733385503
1469.4806660753459 747.0 14.88968264922071 7.810206833411939
1469.3128322535117 747.0 14.94353388587351 7.826876333332621
1469.1443126078009 747.0 14.997581776360695 7.843544433359057
1468.9751047184989 747.0 15.051826688556979 7.860215933411382
1468.8052061570706 747.0 15.106268988101595 7.876885833335109
1468.6346144861413 747.0 15.160909038345897 7.893556733382866
1468.4633272594763 747.0 15.21574720030031 7.910225133411586
1468.2913420219618 747.0 15.270783832580653 7.926895733340643
1468.1186563095855 747.0 15.326019291353804 7.943565333378501
1467.9452676494163 747.0 15.381453930282706 7.960248533403501
1467.7711735595858 747.0 15.43708810047072 7.976917133433744
1467.5963715492683 747.0 15.492922150405303 7.9935864333529025
1467.4208591186616 747.0 15.548956425901004 8.01026013342198
1467.2446337589674 747.0 15.605191270041791 8.02693373337388
1467.0676929523727 747.0 15.661627023122678 8.043611733359285
1466.8900341720296 747.0 15.718264022590661 8.060287533327937
1466.7116548820368 747.0 15.775102602984948 8.07695473334752
1466.53255253742 747.0 15.83214309587648 8.0936258333968
1466.3527245841137 747.0 15.88938582980674 8.110440433374606
1466.1721684589409 747.0 15.94683113022583 8.127109333407134
1465.990881589595 747.0 16.004479319429823 8.143783433362842
1465.8088613946206 747.0 16.062330716497375 8.160459933336824
1465.6261052833952 747.0 16.120385637225596 8.17713073338382
1465.4426106561093 747.0 16.178644394065163 8.19380193343386
1465.2583749037487 747.0 16.237107296054678 8.210472633363679
1465.0733954080754 747.0 16.295774648754257 8.22714723343961
1464.8876695416093 747.0 16.354646754178358 8.243909433367662
1464.7011946676091 747.0 16.413723910727796 8.260598633438349
1464.5139681400549 747.0 16.473006413121013 8.277270033373497
1464.3259873036288 747.0 16.53249455232452 8.29394273343496
1464.1372494936975 747.0 16.592188615482545 8.310611233348027
1463.9477520362932 747.0 16.65208888584588 8.327281433390453
1463.7574922480967 747.0 16.712195642699896 8.343949633417651
1463.5664674364184 747.0 16.772509161291744 8.360622033360414
1463.3746748991807 747.0 16.833029712756712 8.377296833437867
1463.1821119249005 747.0 16.893757564043753 8.393970733392052
1462.988775792671 747.0 16.954692977840157 8.410658633336425
1462.7946637721445 747.0 17.015836212495376 8.42733223340474
1462.5997731235143 747.0 17.07718752194397 8.444004833349027
1462.404101097498 747.0 17.138747155627698 8.460679333424196
1462.2076449353196 747.0 17.20051535841672 8.47734833334107
1462.010401868693 747.0 17.262492370529916 8.494023933424614
1461.812369119804 747.0 17.324678427454312 8.510691833333112
1461.6135439012942 747.0 17.387073759863604 8.527364633395337
1461.4139234162435 747.0 17.44967859353576 8.544038933352567
1461.2135048581538 747.0 17.51249314926973 8.560883933329023
1461.012285410932 747.0 17.575517642801195 8.577551633352414
1460.8102622488743 747.0 17.638752284717416 8.594220333383419
1460.607432536649 747.0 17.702197280371117 8.610945733380504
1460.4037934292805 747.0 17.765852829793435 8.627614333410747
1460.199342072134 747.0 17.829719127605898 8.644285933347419
1459.9940756008982 747.0 17.89379636293145 8.660953133367002
1459.787991141571 747.0 17.958084719304495 8.677627733442932
1459.5810858104426 747.0 18.022584374579953 8.694302733405493
1459.373356714081 747.0 18.08729550084135 8.710971133434214
1459.164800949316 747.0 18.152218264307876 8.727648033411242
1458.9554156032248 747.0 18.21735282524047 8.744318133336492
1458.745197753116 747.0 18.282699337846875 8.760985833359882
1458.5341444665155 747.0 18.348257950185662 8.777663533343002
1458.322252801152 747.0 18.41402880406925 8.794370133429766
1458.1095198049418 747.0 18.48001203496586 8.81104473338928
1457.895942515975 747.0 18.54620777190045 8.827715733437799
1457.6815179625016 747.0 18.612616137354564 8.844391633407213
1457.466243162917 747.0 18.679237247165158 8.861064833356068
1457.2501151257484 747.0 18.74607121042232 8.877737033413723
1457.0331308496418 747.0 18.81311812936593 8.894406533334404
1456.8152873233482 747.0 18.88037809928124 8.91107393335551
1456.5965815257102 747.0 18.94785120839335 8.92775023332797
1456.37701042565 747.0 19.01553753776056 8.944427333422936
1456.1565709821557 747.0 19.083437161166675 8.961096533341333
1455.9352601442695 747.0 19.15155014501212 8.977765533374622
1455.7130748510751 747.0 19.219876548203985 8.99443583341781
1455.490012031686 747.0 19.288416422044893 9.011105633340776
1455.2660686052334 747.0 19.357169810120773 9.02785473340191
1455.0412414808545 747.0 19.42613674818744 9.044523033429869
1454.8155275576817 747.0 19.495317264056045 9.061193633358926
1454.5889237248311 747.0 19.56471137747736 9.077865533414297
1454.3614268613924 747.0 19.634319100024875 9.094532233430073
1454.133033836417 747.0 19.704140434976733 9.111938333371654
1453.9037415089094 747.0 19.774175377196467 9.128608933417127
1453.6735467278158 747.0 19.84442391301255 9.145662033348344
1453.4424463320152 747.0 19.91488602009675 9.162334833410569
1453.2104371503094 747.0 19.985561667341244 9.179002533433959
1452.9775160014146 747.0 20.056450814734568 9.195678833406419
1452.7436796939517 747.0 20.1275534132363 9.212350533343852
1452.5089250264382 747.0 20.198869404650523 9.229029133333825
1452.2732487872802 747.0 20.27039872149808 9.245696233352646
1452.0366477547636 747.0 20.342141286887536 9.262369833420962
1451.7991186970476 747.0 20.414097014384936 9.279044033377431
1451.5606583721562 747.0 20.48626580788228 9.295711233397014
1451.3212635279724 747.0 20.558647561464735 9.312386333360337
1451.0809309022309 747.0 20.631242159276596 9.3290577334119
1450.8396572225117 747.0 20.704049475385947 9.345731833367608
1450.5974392062349 747.0 20.777069373648057 9.362407333333977
1450.3542735606545 747.0 20.850301707567482 9.379075833363459
1450.1101569828534 747.0 20.923746320158873 9.395748033421114
1449.8650861597387 747.0 20.997403043806486 9.412420733366162
1449.6190577680372 747.0 21.071271700122377 9.429089933400974
1449.3720684742914 747.0 21.145352099803315 9.445764533360489
1449.1241149348555 747.0 21.219644042486337 9.462439533439465
1448.8751937958928 747.0 21.294147316603027 9.479278833372518
1448.6253016933724 747.0 21.36886169923243 9.495947033399716
1448.374435253067 747.0 21.44378695595266 9.512618733337149
1448.122591090551 747.0 21.51892284069118 9.529293633415364
1447.8697658111985 747.0 21.59426909557371 9.545968633377925
1447.6159560101828 747.0 21.669825450771835 9.562641133437864
1447.3611582724757 747.0 21.74559162434922 9.5793102333555
1447.1053691728468 747.0 21.821567322106528 9.595979233388789
1446.8485852758645 747.0 21.897752237424935 9.61265223333612
1446.5908031358963 747.0 21.974146051108328 9.62983603333123
1446.3320192971103 747.0 22.050748431224115 9.646512533421628
1446.0722302934769 747.0 22.12755903294269 9.663184233359061
1445.8114326487712 747.0 22.204577498375524 9.679852433386259
1445.5496228765758 747.0 22.281803456411918 9.696525033330545
1445.286797480284 747.0 22.35923652255434 9.713196033379063
1445.0229529531036 747.0 22.43687629875244 9.729868733440526
1444.7580857780624 747.0 22.514722373235667 9.746537833358161
1444.4921924280113 747.0 22.592774320344525 9.763833333388902
1444.2252693656312 747.0 22.671031700360462 9.780505433329381
1443.9573130434392 747.0 22.749494059334396 9.797179433400743
1443.6883199037945 747.0 22.828160928913842 9.813855933374725
1443.418286378907 747.0 22.907031826168705 9.830523533397354
1443.1472088908433 747.0 22.986106253415674 9.847192533430643
1442.8750838515377 747.0 23.065383698041277 9.863860033336096
1442.6019076627997 747.0 23.14486363232356 9.880526833352633
1442.3276767163243 747.0 23.22454551325239 9.897194033372216
1442.0523873937027 747.0 23.30442878234843 9.913864933419973
1441.7760360664338 747.0 23.384512865480726 9.930542133399285
1441.4986190959355 747.0 23.46479717268297 9.947212933329865
1441.2201328335575 747.0 23.5452810979684 9.963886233395897
1440.940573620595 747.0 23.62596401914335 9.980555733432993
1440.6599377883022 747.0 23.70684529761949 9.997225033352152
1440.3782216579073 747.0 23.78792427822471 10.013897533412091
1440.0954215406284 747.0 23.86920028901269 10.030570033355616
1439.811533737689 747.0 23.950672641071137 10.047242433414795
1439.5265545403356 747.0 24.032340628328747 10.063915333361365
1439.2404802298558 747.0 24.11420352736082 10.080585833406076
1438.9533070775967 747.0 24.196260597193625 10.097267733421177
1438.6650313449838 747.0 24.278511079107435 10.113944533397444
1438.3756492835425 747.0 24.36095419643833 10.130615933332592
1438.0851571349185 747.0 24.443589154378706 10.14728753338568
1437.7935511309 747.0 24.526415139776567 10.163954733405262
1437.5008274934407 747.0 24.60943132093353 10.180634233402088
1437.206982434684 747.0 24.692636847401648 10.197382333339192
1436.912012156987 747.0 24.77603084977898 10.214049033354968
1436.6159128529466 747.0 24.859612439503998 10.230718533392064
1436.3186807054265 747.0 24.943380708648792 10.247387133422308
1436.020311887584 747.0 25.027334729711104 10.264060333371162
1435.7208025628995 747.0 25.11147355540521 10.280728633399121
1435.4201488852052 747.0 25.195796218451687 10.297395933419466
1435.118346998716 747.0 25.280301731366034 10.314067833358422
1434.8153930380618 747.0 25.364989086246226 10.330740633420646
1434.5112831283186 747.0 25.449857254559173 10.34741303336341
1434.2060133850443 747.0 25.534905186926128 10.364083833410405
1433.899579914312 747.0 25.62013181290707 10.380750933429226
1433.5919788127462 747.0 25.705536040784057 10.397427133400925
1433.2832061675606 747.0 25.79111675734363 10.414100733352825
1432.9732580565953 747.0 25.87687282765821 10.430768433376215
1432.6621305483573 747.0 25.962803094866594 10.447437233407982
1432.34981970206 747.0 26.048906379953525 10.464111833367497
1432.0363215676657 747.0 26.135181481528395 10.48078323341906
1431.7216321859285 747.0 26.221627175603093 10.497457333374768
1431.405747588438 747.0 26.308242215369024 10.514753033407032
1431.088663797666 747.0 26.39502533097335 10.53142193343956
1430.7703768270117 747.0 26.48197522929448 10.548433533404022
1430.4508826808512 747.0 26.56909059371682 10.565170333371498
1430.1301773545867 747.0 26.656370083904847 10.581840533413924
1429.8082568346965 747.0 26.74381233557655 10.598511233343743
1429.4851170987884 747.0 26.831415960276225 10.615178333362564
1429.1607541156523 747.0 26.919179545146722 10.631868233438581
1428.8351638453157 747.0 27.00710165270115 10.648535133339465
1428.5083422391003 747.0 27.09518082059409 10.665203033364378
1428.18028523968 747.0 27.18341556139238 10.681870333384722
1427.8509887811397 747.0 27.271804362345453 10.698544633341953
1427.5204487890371 747.0 27.360345685155362 10.71522283332888
1427.1886611804646 747.0 27.449037965746477 10.73189393337816
1426.855621864114 747.0 27.53787961403492 10.748566533438861
1426.521326740342 747.0 27.6268690136978 10.765241033397615
1426.185771701237 747.0 27.716004521942267 10.781922133406624
1425.8489526306892 747.0 27.805284469274497 10.798639833345078
1425.51086540446 747.0 27.894707159268602 10.815396533347666
1425.1715058902555 747.0 27.98427086833555 10.832071033422835
1424.8308699478 747.0 28.073973845492162 10.8487421333557
1424.4889534289123 747.0 28.16381431213024 10.865417033433914
1424.1457521775826 747.0 28.253790461785858 10.882094033411704
1423.8012620300528 747.0 28.343900459908944 10.898762633441947
1423.4554788148978 747.0 28.434142443633142 10.91543083335273
1423.1083983531082 747.0 28.52451452154609 10.932105833431706
1422.7600164581759 747.0 28.615014773460143 10.948778233374469
1422.410328936181 747.0 28.705641250183607 10.965449833427556
1422.0593315858812 747.0 28.796391973292614 10.982119133346714
1421.7070201988017 747.0 28.88726493490362 10.99882973334752
1421.3533905593301 747.0 28.978258097446687 11.015496833366342
1420.99843844481 747.0 29.069369393439597 11.032171133439988
1420.6421596256391 747.0 29.160596725262856 11.049440033384599
1420.2845498653683 747.0 29.251937964935703 11.066113233333454
1419.9256049208027 747.0 29.343390953893213 11.08278003334999
1419.5653205421065 747.0 29.43495350276454 11.099454033421353
1419.2036924729082 747.0 29.52662339115243 11.116128633380868
1418.8407164504088 747.0 29.618398367414088 11.133266433374956
1418.4763882054922 747.0 29.71027614844346 11.149939033435658
1418.110703462839 747.0 29.802254419455082 11.166619233437814
1417.7436579410403 747.0 29.89433083376954 11.183287233347073
1417.3752473527163 747.0 29.986503012600675 11.199961133417673
1417.0054674046364 747.0 30.07876854484462 11.216630633338355
1416.6343137978408 747.0 30.171124986870783 11.233299633371644
1416.2617822277664 747.0 30.263569862314867 11.249973633443005
1415.887868384374 747.0 30.35610066187406 11.26664963341318
1415.512567952279 747.0 30.448714843104487 11.283335533342324
1415.135876610883 747.0 30.54140983022105 11.300002433359623
1414.7577900345107 747.0 30.63418301389975 11.316675133421086
1414.3783038925465 747.0 30.727031751082663 11.333352033398114
1413.9974138495766 747.0 30.819953364785608 11.350019333418459
1413.6151155655323 747.0 30.912945143908715 11.366694033378735
1413.231404695836 747.0 31.006004343049963 11.383361133397557
1412.8462768915513 747.0 31.09912818232185 11.400029333424754
1412.459727799534 747.0 31.192313847171278 11.416700633359142
1412.0717530625886 747.0 31.28555848820287 11.433374533429742
1411.6823483196254 747.0 31.378859221005754 11.450042933342047
1411.291509205822 747.0 31.47221312598403 11.466717333416454
1410.8992313527872 747.0 31.565617248191028 11.483393233385868
1410.5055103887287 747.0 31.6590685971675 11.500065833330154
1410.110341938623 747.0 31.75256414678391 11.516738133388571
1409.713721624389 747.0 31.846100835086933 11.533405133406632
1409.3156450650656 747.0 31.93967556415036 11.550079633365385
1408.9161078769903 747.0 32.03328519993053 11.566753733437508
1408.5151056739835 747.0 32.126926572126465 11.583431233419105
1408.1126340675348 747.0 32.22059647404483 11.60010373336263
1407.7086886669936 747.0 32.31429166246995 11.616778233437799
1407.3032650797616 747.0 32.40800885753893 11.633453033398837
1406.8963589114908 747.0 32.501744742622215 11.650123933330178
1406.4879657662834 747.0 32.59549596420955 11.666795433382504
1406.0780812468959 747.0 32.68925913180169 11.683470233343542
1405.6667009549465 747.0 32.78303081780796 11.700249533401802
1405.2538204911268 747.0 32.876807557449794 11.717239233432338
1404.8394354554168 747.0 32.97058584867051 11.733912133378908
1404.4235414473033 747.0 33.064362152051466 11.750820133369416
1404.0061340660018 747.0 33.158132890734784 11.767488333396614
1403.5872089106842 747.0 33.251894450352815 11.784611233393662
1403.1667615807078 747.0 33.34564317896453 11.801284833345562
1402.7447876758495 747.0 33.43937538699907 11.817956633400172
1402.321282796544 747.0 33.53308734720657 11.83462353341747
1401.896242544126 747.0 33.626775294616515 11.851331233396195
