1499.9998808064922 747.0 5.000017416492178 0.074897599988617
1499.9995232526094 747.0 5.000070853406336 0.29619883350096643
1499.998927370365 747.0 5.000162045356794 0.3388238335028291
1499.9980931889274 747.0 5.00029266673647 0.35549303342122585
1499.9970207345814 747.0 5.000464333848413 0.3721646334743127
1499.9957100306901 747.0 5.000678606963538 0.38932503340765834
1499.9941610976591 747.0 5.000936992307117 0.40601153345778584
1499.9923739529017 747.0 5.00124094397649 0.4226826335070655
1499.990348610805 747.0 5.001591865792386 0.4393592334818095
1499.988085082698 747.0 5.001991113086146 0.4560309334192425
1499.9855833768192 747.0 5.002439994425084 0.472704233485274
1499.9828434982871 747.0 5.0029397732781105 0.489389133406803
1499.979865449071 747.0 5.003491669623701 0.5060628334758803
1499.976649227962 747.0 5.004096861502204 0.522736233426258
1499.9731948305468 747.0 5.004756486514415 0.5394096334930509
1499.9695022491808 747.0 5.005471643268274 0.5560850334586576
1499.9655714729622 747.0 5.006243392775494 0.5727584334090352
1499.9614024877085 747.0 5.007072759799845 0.5895102334907278
1499.956995275932 747.0 5.007960734158769 0.60618463344872
1499.9523498168176 747.0 5.008908271979946 0.6228543334873393
1499.9474660861995 747.0 5.00991629691437 0.6395264334278181
1499.942344056541 747.0 5.010985701307437 0.6561955334618688
1499.9369836969138 747.0 5.012117347329504 0.6728709334274754
1499.9313849729767 747.0 5.01331206806732 0.689546033507213
1499.925547846958 747.0 5.014570668577683 0.7062200334621593
1499.9194722776351 747.0 5.0158939269046305 0.7230315334163606
1499.9131582203186 747.0 5.017282595061433 0.7396996334427968
1499.9066056268327 747.0 5.018737399978593 0.7563689334783703
1499.8998144454995 747.0 5.020259044419048 0.7730413334211335
1499.8927846211225 747.0 5.021848207861695 0.7897091334452853
1499.8855160949706 747.0 5.023505547354341 0.806382033508271
1499.878008804763 747.0 5.025231698337135 0.8230532334418967
1499.8702626846543 747.0 5.0270272754375105 0.8397298334166408
1499.86227766522 747.0 5.028892873237614 0.8568110334454104
1499.8540536734426 747.0 5.030829067015177 0.8734880334232002
1499.8455906326988 747.0 5.032836413458758 0.8901568334549665
1499.8368884627453 747.0 5.034915451358224 0.9068296334007755
1499.827947079707 747.0 5.03706670227135 0.9235036334721372
1499.8187663960648 747.0 5.0392906711673415 0.9401722335023805
1499.8093463206433 747.0 5.041587847048103 0.9568389334017411
1499.7996867585994 747.0 5.043958703547996 0.9735239334404469
1499.789787611411 747.0 5.046403699512856 0.990196933504194
1499.779648776866 747.0 5.04892327955897 1.0068698334507644
1499.7692701490525 747.0 5.05151787461271 1.0235467334277928
1499.7586516183478 747.0 5.054187902431502 1.040215533459559
1499.7477930714085 747.0 5.056933768106769 1.0568938334472477
1499.736694391161 747.0 5.05975586454947 1.073677833424881
1499.7253554567924 747.0 5.0626545729588415 1.0903509334893897
1499.71377614374 747.0 5.065630263274922 1.107026033452712
1499.7019563236843 747.0 5.068683294615425 1.1236994334030896
1499.6898958645384 747.0 5.07181401569749 1.1403721334645525
1499.6775946304408 747.0 5.075022765244849 1.157043733401224
1499.665052481747 747.0 5.07830987238091 1.1737210334977135
1499.6522692750202 747.0 5.081675657008232 1.1903978334739804
1499.6392448630256 747.0 5.0851204301748885 1.2070684334030375
1499.6259790947204 747.0 5.08864449442814 1.2238046334823593
1499.6124718152478 747.0 5.0922481441558896 1.2404796334449202
1499.5987228659292 747.0 5.095931665916319 1.2571926334640011
1499.5847320842568 747.0 5.099695338756122 1.273866533418186
1499.5704993038867 747.0 5.10353943451774 1.2905411334941164
1499.5560243546324 747.0 5.1074642181359575 1.3075096334796399
1499.5413070624577 747.0 5.111469947924259 1.3241773335030302
1499.5263472494696 747.0 5.115556875851261 1.3408499334473163
1499.5111447339125 747.0 5.1197252478076045 1.3575258334167302
1499.4956993301619 747.0 5.123975303863607 1.3741964334622025
1499.4800108487175 747.0 5.128307278518006 1.3913056334713474
1499.4640790961973 747.0 5.132721400938108 1.4079776334110647
1499.4479038753323 747.0 5.137217895191626 1.424906233442016
1499.4314849849588 747.0 5.141796980470511 1.4415979334153235
1499.4148222200142 747.0 5.146458871307036 1.4582648334326223
1499.3979153715306 747.0 5.151203777782418 1.4749349334742874
1499.380764226629 747.0 5.156031905728224 1.491612333455123
1499.3633685685136 747.0 5.160943456920817 1.5082962334854528
1499.3457281764665 747.0 5.1659386292690845 1.5249645333969966
1499.327842825842 747.0 5.171017616995671 1.5416382334660739
1499.3097122880613 747.0 5.176180610811959 1.5583055334864184
1499.291336330607 747.0 5.181427798086991 1.5858287333976477
1499.2727147170178 747.0 5.1867593630105695 1.602498433436267
1499.2538472068836 747.0 5.192175486750708 1.6191756334155798
1499.2347335558395 747.0 5.197676347605652 1.635847533470951
1499.2153735155612 747.0 5.203262121150647 1.6525188334053382
1499.1957668337595 747.0 5.208932980379636 1.6691898334538564
1499.1759132541758 747.0 5.214689095842061 1.6858626333996654
1499.1558125165764 747.0 5.22053063577495 1.7027199334697798
1499.1354643567474 747.0 5.226457766230432 1.7193948334315792
1499.1148685064904 747.0 5.232470651198856 1.736061733448878
1499.0940246936168 747.0 5.23856945272766 1.752756233443506
1499.072932641943 747.0 5.244754331036136 1.769424533471465
1499.0515920712853 747.0 5.251025444626233 1.7861108334036544
1499.0300026974555 747.0 5.257382950389542 1.8027864334871992
1499.0081642322555 747.0 5.263827003710582 1.819455633405596
1498.9860763834722 747.0 5.27035775856653 1.83612703345716
1498.963738854873 747.0 5.27697536762351 1.8527963334927335
1498.9411513462012 747.0 5.283679982329554 1.8694674334255978
1498.9183135531698 747.0 5.290471753004373 1.8861370334634557
1498.895225167458 747.0 5.297350828926017 1.902803833479993
1498.8718858767056 747.0 5.30431735841456 1.919472833396867
1498.8482953645082 747.0 5.3113714889128945 1.9361490334849805
1498.824453310412 747.0 5.318513367064744 1.9528314335038885
1498.8003593899095 747.0 5.32574313878999 1.969533633440733
1498.7760132744343 747.0 5.333060949357402 1.9862016334664077
1498.7514146313556 747.0 5.3404669434548655 2.002872033510357
1498.726563123974 747.0 5.34796126525719 2.019547733478248
1498.7014584115168 747.0 5.355544058491587 2.0362191334133968
1498.6761001491313 747.0 5.363215466500888 2.05288773344364
1498.6504879878821 747.0 5.370975632304597 2.069559333496727
1498.6246215747444 747.0 5.3788246986578345 2.086232133442536
1498.5985005525997 747.0 5.3867628081082595 2.1029034334933385
1498.5721245602303 747.0 5.394790103051033 2.1195715334033594
1498.5454932323148 747.0 5.402906725781895 2.1362449334701523
1498.5186061994227 747.0 5.411112818548414 2.1529177334159613
1498.491463088009 747.0 5.419408523599479 2.1697050334187225
1498.4640635204094 747.0 5.427793983233092 2.1863744334550574
1498.436407114835 747.0 5.436269339842516 2.2030458335066214
1498.4084934853674 747.0 5.444834735960847 2.2197193334577605
1498.3803222419529 747.0 5.453490314304049 2.236388633493334
1498.3518929903976 747.0 5.4622362178125154 2.2530635334551334
1498.3232053323618 747.0 5.47107258969121 2.2697718334384263
1498.2942588653552 747.0 5.479999573448425 2.2864567334763706
1498.2650531827314 747.0 5.489017312933216 2.30313093343284
1498.2355878736817 747.0 5.498125952371552 2.319805733510293
1498.2058625232307 747.0 5.507325636401231 2.3364746334264055
1498.1758767122305 747.0 5.516616510105596 2.3531444334657863
1498.145630017355 747.0 5.5259987190461 2.3698159334016964
1498.1151220110944 747.0 5.535472409293761 2.386506433482282
1498.08435226175 747.0 5.54503772745953 2.403178633423522
1498.053320333428 747.0 5.5546948207236335 2.4198532334994525
1498.0220257860344 747.0 5.5644438368639095 2.4365262334467843
1497.990468175269 747.0 5.57428492428317 2.4531936334678903
1497.9586470526194 747.0 5.584218232035637 2.4698604334844276
1497.926561965356 747.0 5.594243909852473 2.486530233407393
1497.8942124565258 747.0 5.60436210816644 2.5032006334513426
1497.8615980649458 747.0 5.61457297813572 2.519869033480063
1497.8287183251985 747.0 5.624876671666917 2.536545633454807
1497.7955727676247 747.0 5.635273341437286 2.553222433431074
1497.7621609183184 747.0 5.645763140916195 2.56989053345751
1497.7284822991203 747.0 5.656346224385858 2.5865630334010348
1497.6945364276116 747.0 5.667022746961371 2.604031333466992
1497.6603228171086 747.0 5.67779286461005 2.621290633454919
1497.6258409766558 747.0 5.688656734170128 2.6379664334235713
1497.5910904110196 747.0 5.699614513368802 2.654726333450526
1497.5560706206827 747.0 5.710666360839676 2.671393533470109
1497.5207811018374 747.0 5.721812436139609 2.6880616334965453
1497.4852213463794 747.0 5.733052899764985 2.7051796334562823
1497.449390841901 747.0 5.744387913167438 2.7218569334363565
1497.4132890716853 747.0 5.75581763876904 2.7385351334232837
1497.3769155146988 747.0 5.767342239976968 2.755208133487031
1497.340269645586 747.0 5.778961881197683 2.7721475334838033
1497.303350934662 747.0 5.7906767278506175 2.7888577334815636
1497.2661588479057 747.0 5.802486946381406 2.8055298334220424
1497.228692846954 747.0 5.814392704274662 2.8222010334720835
1497.1909523890938 747.0 5.826394170066324 2.838877333444543
1497.1529369272566 747.0 5.838491513355577 2.855548733496107
1497.1146459100107 747.0 5.850684904816376 2.8722234334563836
1497.0760787815545 747.0 5.862974516208576 2.8889427334070206
1497.0372349817094 747.0 5.87536052038868 2.9056176334852353
1496.9981139459132 747.0 5.887843091320228 2.922289933427237
1496.958715105213 747.0 5.900422404083827 2.9389568334445357
1496.9190378862577 747.0 5.9130986348868415 2.955630833399482
1496.8790817112908 747.0 5.925871961072759 2.9723030334571376
1496.838845998144 747.0 5.93874256113023 2.988975433399901
1496.7983301602292 747.0 5.951710614701802 3.0056430334225297
1496.757533606531 747.0 5.964776302592358 3.022336233407259
1496.7164557416006 747.0 5.977939806777263 3.0390587334986776
1496.6750959655465 747.0 5.991201310410234 3.0557324334513396
1496.6334536740283 747.0 6.00456099783094 3.0727594334166497
1496.5915282582491 747.0 6.018019054572345 3.089430633466691
1496.5493191049477 747.0 6.031575667367789 3.1060991334961727
1496.5068255963909 747.0 6.045231024157838 3.1227739334572107
1496.4640471103655 747.0 6.058985314096889 3.1394411334767938
1496.4209830201712 747.0 6.072838727559549 3.1561159334378317
1496.3776326946124 747.0 6.086791456146793 3.172787833493203
1496.3339954979908 747.0 6.100843692691912 3.18945773341693
1496.2900707900967 747.0 6.114995631266245 3.2061295334715396
1496.2458579262016 747.0 6.129247467184719 3.2228058334439993
1496.2013562570498 747.0 6.14359939701119 3.239477433497086
1496.156565128851 747.0 6.158051618563601 3.25615403347183
1496.1114838832718 747.0 6.172604330918948 3.2731356334406883
1496.066111857427 747.0 6.187257734418081 3.289804933476262
1496.0204483838718 747.0 6.202012030670327 3.306514633470215
1495.9744927905942 747.0 6.216867422557946 3.323187433416024
1495.9282444010053 747.0 6.231824114240431 3.3398627334972844
1495.8817025339315 747.0 6.24688231115865 3.356538833468221
1495.8348665036067 747.0 6.2620422200388335 3.3732115334132686
1495.7877356196625 747.0 6.277304048896419 3.3898901334032416
1495.7403091871206 747.0 6.292668007039753 3.406601933413185
1495.6925865063838 747.0 6.308134305073648 3.423277733498253
1495.6445668732274 747.0 6.323703154902818 3.440145333413966
1495.5962495787903 747.0 6.339374769735168 3.456820333492942
1495.5476339095662 747.0 6.355149364084968 3.4734939334448427
1495.4987191473951 747.0 6.3710271537758985 3.4901662335032597
1495.4495045694541 747.0 6.387008355943976 3.506837533437647
1495.3999894482483 747.0 6.403093189040365 3.5235081334831193
1495.350173051602 747.0 6.419281872834071 3.54022423340939
1495.3000546426495 747.0 6.435574628414528 3.5569478335091844
1495.249633479826 747.0 6.451971678194076 3.5736159334192052
1495.1989088168582 747.0 6.468473245910332 3.5902912335004658
1495.1478799027557 747.0 6.48507955662846 3.606959833414294
1495.0965459818008 747.0 6.501790836743344 3.6236272334354
1495.0449062935397 747.0 6.518607313981658 3.6403044334147125
1494.992960072773 747.0 6.5355292174038455 3.6570747334044427
1494.940706549546 747.0 6.552556777406003 3.6737449334468693
1494.888144949139 747.0 6.569690225721675 3.690413433476351
1494.8352744920583 747.0 6.586929795423558 3.7070818335050717
1494.7820943940262 747.0 6.604275720925121 3.7237762334989384
1494.7286038659713 747.0 6.621728237982137 3.740449133445509
1494.6748021140188 747.0 6.639287583694136 3.7571230333996937
1494.6206883394805 747.0 6.656953996505771 3.7737904334207997
1494.5662617388448 747.0 6.674727716208109 3.790464533492923
1494.5115215037672 747.0 6.692608983939839 3.8071317333960906
1494.45646682106 747.0 6.710598042188409 3.823810833506286
1494.4010968726825 747.0 6.728695134791084 3.8404870334779844
1494.3454108357303 747.0 6.746900506935925 3.8571612334344536
1494.2894078824254 747.0 6.765214405162706 3.873976333416067
1494.2330871801066 747.0 6.783637077363748 3.89064353343565
1494.1764478912185 747.0 6.8021687727846905 3.9073123334674165
1494.1194891733007 747.0 6.8208097420251885 3.9239864334231243
1494.0622101789788 747.0 6.839560237039542 3.940656933467835
1494.0046100559528 747.0 6.85842051113726 3.9573259335011244
1493.9466879469867 747.0 6.877390818983553 3.974000033456832
1493.8884429898985 747.0 6.896471416599763 3.99067033350002
1493.829874317549 747.0 6.915662561363726 4.00734183343593
1493.770981057831 747.0 6.934964512010075 4.02401153347455
1493.7117623336596 747.0 6.954377528630468 4.040686233434826
1493.65221726296 747.0 6.973901872673766 4.057358633494005
1493.5923449586571 747.0 6.9935378069461365 4.074028933420777
1493.5321445286652 747.0 7.013285595611104 4.090696733444929
1493.4716150758761 747.0 7.033145504189533 4.1073653334751725
1493.410755698149 747.0 7.053117799559548 4.124042233452201
1493.3495654882981 747.0 7.073202749956399 4.1407124334946275
1493.288043534083 747.0 7.093400624972263 4.1573830334236845
1493.2261889181962 747.0 7.11371169555598 4.174051433452405
1493.1640007182523 747.0 7.1341362340127406 4.191318933502771
1493.101478006777 747.0 7.1546745140037 4.207999033504166
1493.0386198511947 747.0 7.175326810545543 4.22467083344236
1492.9754253138185 747.0 7.196093400009982 4.2413425334962085
1492.9118934518376 747.0 7.2169745601232025 4.2580182334640995
1492.848023317306 747.0 7.237970569965243 4.274691433412954
1492.7838139571304 747.0 7.259081709969316 4.291359033435583
1492.7192644130598 747.0 7.280308261921076 4.308056133450009
1492.6543737216728 747.0 7.3016505089578185 4.324725133483298
1492.5891409143655 747.0 7.3231087355676285 4.341399833443575
1492.5235650173408 747.0 7.344683227588463 4.35807273350656
1492.4576450515954 747.0 7.366374272207176 4.3747491334797814
1492.391380032908 747.0 7.3881821579584885 4.391421833424829
1492.3247689718278 747.0 7.410107174723887 4.4080960334977135
1492.257810873662 747.0 7.432149613730472 4.42477073345799
1492.190504738464 747.0 7.454309767549744 4.441439533489756
1492.12284956102 747.0 7.476587930096327 4.458112733438611
1492.0548443308392 747.0 7.49898439662663 4.474780533462763
1491.9864880321384 747.0 7.521499463737451 4.491449933499098
1491.917779643832 747.0 7.544133429364512 4.508116633398458
1491.8487181395187 747.0 7.566886592780947 4.524814633419737
1491.7793024874686 747.0 7.589759254595708 4.541489333496429
1491.7095316506113 747.0 7.612751716751924 4.558156833401881
1491.6394045865231 747.0 7.635864282525187 4.574859333457425
1491.5689202474143 747.0 7.6590972565217825 4.591534533421509
1491.4980775801162 747.0 7.682450944676848 4.608209033496678
1491.4268755260687 747.0 7.705925654252472 4.624882833450101
1491.3553130213074 747.0 7.729521693835726 4.641550333471969
1491.2833889964504 747.0 7.753239373336629 4.6582215334055945
1491.2111023766856 747.0 7.777079003986052 4.67494693340268
1491.138452081758 747.0 7.801040898333547 4.691619333461858
1491.0654370259556 747.0 7.825125370245115 4.708294933428988
1490.9920561180973 747.0 7.849332734900906 4.724962633452378
1490.9183082615193 747.0 7.873663308792841 4.741629933472723
1490.844192354062 747.0 7.898117409722179 4.758301633410156
1490.769707288056 747.0 7.922695356797003 4.774973833467811
1490.69485195031 747.0 7.947397470429638 4.791649933438748
1490.6196252220964 747.0 7.972224072334 4.808335433481261
1490.544025979138 747.0 7.9971754855228685 4.825002733501606
1490.4680530915948 747.0 8.02225203430509 4.841677333461121
1490.3917054240499 747.0 8.047454044282704 4.858349333400838
1490.3149818354964 747.0 8.072781842347997 4.875020733452402
1490.2378811793233 747.0 8.098235756680479 4.891690933494829
1490.1604023033017 747.0 8.123816116743786 4.908360333414748
1490.0825440495714 747.0 8.149523253282503 4.925027633435093
1490.0043052546266 747.0 8.17535749831891 4.941702533396892
1489.9256847493023 747.0 8.201319185149647 4.9583744334522635
1489.8466813587597 747.0 8.227408648342301 4.975095433415845
1489.767293902473 747.0 8.253626223731919 4.991763533442281
1489.6875211942147 747.0 8.279972248417419 5.008434033486992
1489.6073620420416 747.0 8.306447060757943 5.025140033452772
1489.5268152482809 747.0 8.333051000369107 5.0418067334685475
1489.445879609515 747.0 8.359784408119175 5.058474833494984
1489.3645539165684 747.0 8.38664762612515 5.075148033443838
1489.2828369544923 747.0 8.413640997748768 5.091825233423151
1489.2007275025505 747.0 8.440764867592414 5.108495533466339
1489.1182243342053 747.0 8.468019581494941 5.125163533492014
1489.0353262171022 747.0 8.495405486527408 5.141833133413456
1488.9520319130563 747.0 8.522922930988715 5.158501433441415
1488.868340178036 747.0 8.550572264401156 5.175440333434381
1488.7842497621505 747.0 8.578353837505873 5.192550633451901
1488.6997594096326 747.0 8.606268002258219 5.209223333396949
1488.6148678588258 747.0 8.634315111823017 5.226062233443372
1488.5295738421685 747.0 8.662495520569735 5.242728933459148
1488.443876086179 747.0 8.690809584067548 5.259401633404195
1488.3577733114412 747.0 8.719257659080315 5.276075233472511
1488.2712642325885 747.0 8.74784010356144 5.292742533492856
1488.1843475582896 747.0 8.776557276648644 5.309479033458047
1488.0970219912329 747.0 8.805409538658626 5.3261509333970025
1488.0092862281113 747.0 8.834397251081622 5.343134133494459
1487.9211389596067 747.0 8.863520776575857 5.359803833416663
1487.8325788703753 747.0 8.892780478961889 5.376472633448429
1487.743604639032 747.0 8.922176723216845 5.393141233478673
1487.654214938134 747.0 8.95170987546855 5.409884633496404
1487.5644084341668 747.0 8.981380302989535 5.426561233471148
1487.4741837875279 747.0 9.011188374190942 5.443235133425333
1487.3835396525108 747.0 9.04113445861631 5.459907033480704
1487.2924746772899 747.0 9.071218926935247 5.476580633432604
1487.200987503905 747.0 9.101442150936977 5.493257133406587
1487.109076768245 747.0 9.131804503523783 5.509924033423886
1487.0167411000316 747.0 9.162306358704312 5.526595933479257
1486.9239791228051 747.0 9.192948091586771 5.54326833342202
1486.8307894539068 747.0 9.223730078371997 5.559943633503281
1486.7371707044638 747.0 9.254652696346392 5.576611333410256
1486.6431214793727 747.0 9.285716323874748 5.593596733408049
1486.5486403772838 747.0 9.31692134039293 5.610268733464181
1486.4537259905849 747.0 9.348268126400432 5.626935433479957
1486.3583769053846 747.0 9.379757063452805 5.6436076334211975
1486.2625917014966 747.0 9.41138853415395 5.66027963347733
1486.1663689524232 747.0 9.443162922148275 5.676981633412652
1486.069707225339 747.0 9.475080612112713 5.693658733507618
1485.9726050810743 747.0 9.507141989748607 5.71032553340774
1485.875061074099 747.0 9.539347441773453 5.727008533431217
1485.7770737525057 747.0 9.571697355912494 5.744575933436863
1485.6786416579935 747.0 9.60419212089018 5.761250133509748
1485.5797633258508 747.0 9.63683212642148 5.777925833477639
1485.4804372849396 747.0 9.669617763203036 5.794595533399843
1485.380662057678 747.0 9.702549422904184 5.811265533440746
1485.280436160023 747.0 9.735627498157813 5.827964333468117
1485.1797581014555 747.0 9.768852382551074 5.844632433494553
1485.0786263849611 747.0 9.802224470615933 5.861302533419803
1484.977039507015 747.0 9.835744157819564 5.877975033479743
1484.8749959575641 747.0 9.86941184055459 5.894642933504656
1484.7724942200105 747.0 9.903227916129161 5.911313433432952
1484.6695327711936 747.0 9.93719278275686 5.927987533505075
1484.5661100813743 747.0 9.971306839546454 5.944655833416618
1484.4622246142162 747.0 10.005570486491475 5.96209403348621
1484.3578748267698 747.0 10.03998412445963 5.978761633508839
1484.2530591694544 747.0 10.074548155182045 5.99543183343485
1484.1477760860414 747.0 10.109262981242322 6.012101633474231
1484.042024013636 747.0 10.144129006065436 6.028772133402526
1483.9358013826607 747.0 10.179146633906447 6.045443633454852
1483.8291066168376 747.0 10.21431626983903 6.062142433482222
1483.7219381331706 747.0 10.249638319743823 6.0788158334326
1483.6142943419281 747.0 10.285113190296602 6.0954889334971085
1483.5061736466253 747.0 10.320741288956246 6.112155633396469
1483.397574444006 747.0 10.356523023952533 6.128830833476968
1483.2884951240267 747.0 10.39245880427374 6.1454985335003585
1483.1789340698363 747.0 10.428549039654039 6.162175233475864
1483.0688896577603 747.0 10.464794140560711 6.178846333408728
1482.9583602572823 747.0 10.501194518181151 6.195513633429073
1482.8473442310258 747.0 10.537750584409677 6.212183733470738
1482.7358399347365 747.0 10.574462751834131 6.228907933458686
1482.6238457172647 747.0 10.611331433722281 6.245580733404495
1482.5113599205465 747.0 10.648357044008007 6.262253533466719
1482.3983808795867 747.0 10.68553999727728 6.278924233396538
1482.2849069224399 747.0 10.722880708753923 6.2955909334123135
1482.1709363701923 747.0 10.760379594285165 6.312265333486721
1482.0564675369442 747.0 10.798037070326965 6.328937033424154
1481.9414987297914 747.0 10.835853553929118 6.345604533446021
1481.8260282488066 747.0 10.873829462720142 6.362274533486925
1481.7100543870215 747.0 10.911965214891932 6.378943833406083
1481.5935754304082 747.0 10.950261229184186 6.395613533444703
1481.476589657861 747.0 10.988717924868599 6.412285533500835
1481.3590953411776 747.0 11.027335721732822 6.428960633464158
1481.241090745041 747.0 11.06611504006418 6.445633533410728
1481.1225741270005 747.0 11.105056300633152 6.462309233495034
1481.0035437374538 747.0 11.144159924676607 6.478985633468255
1480.8839978196277 747.0 11.183426333880798 6.495652433484793
1480.7639346095596 747.0 11.222855950364085 6.5123274334473535
1480.643352336079 747.0 11.26244919665944 6.529002433409914
1480.522249220789 747.0 11.302206495696666 6.545674333465286
1480.4006234780468 747.0 11.34212827078437 6.562347433413379
1480.2784733149454 747.0 11.382214945591675 6.579018233460374
1480.1557969312946 747.0 11.422466944129669 6.595689533511177
1480.0325925196023 747.0 11.462884690732569 6.612473033485003
1479.9088582650552 747.0 11.50346861003864 6.629144033417106
1479.7845923455 747.0 11.54421912697082 6.645858433446847
1479.6597929314248 747.0 11.585136666717077 6.662528333486989
1479.5344581859395 747.0 11.626221654710475 6.679201333434321
1479.4085862647569 747.0 11.667474516608973 6.696318733505905
1479.2821753161736 747.0 11.708895678274917 6.712988633429632
1479.155223481051 747.0 11.750485565754254 6.7296620334964246
1479.0277288927962 747.0 11.792244605255448 6.746342433500104
1478.8996896773422 747.0 11.834173223128097 6.7630094334017485
1478.7711039531293 747.0 11.876271845841254 6.77968203346245
1478.6419698310858 747.0 11.918540899961434 6.796358633437194
1478.5122854146082 747.0 11.960980812130321 6.81303333339747
1478.3820487995422 747.0 12.003592009042162 6.829715533414856
1478.2512580741634 747.0 12.046374917420842 6.846385733457282
1478.1199113191578 747.0 12.089329963996642 6.863061433425173
1477.9880066076025 747.0 12.132457575482677 6.879733233479783
1477.8555420049458 747.0 12.175758178551002 6.896408533444628
1477.7225155689882 747.0 12.219232199808394 6.9130762334680185
1477.5889253498628 747.0 12.262880065771798 6.92974853341002
1477.4547693900156 747.0 12.306702202843429 6.946424633497372
1477.3200457241862 747.0 12.350699037285544 6.963099633459933
1477.1847523793879 747.0 12.394870995194859 6.979772633407265
1477.048887374888 747.0 12.43921850247662 6.996445233467966
1476.9124487221886 747.0 12.483741984818325 7.0131205334328115
1476.775434425007 747.0 12.528441867663076 7.029789433465339
1476.6378424792551 747.0 12.573318576182588 7.046492633409798
1476.499670873021 747.0 12.618372535249815 7.063161933445372
1476.3609175865479 747.0 12.663604169411215 7.080111433402635
1476.2215805922156 747.0 12.709013902858644 7.096779933432117
1476.0816578545198 747.0 12.754602159400863 7.113827933440916
1475.9411473300527 747.0 12.800369362434669 7.130503733409569
1475.8000469674832 747.0 12.84631593491564 7.147179833496921
1475.6583547075372 747.0 12.892442299328486 7.163848433410749
1475.516068482977 747.0 12.938748877657009 7.180520033463836
1475.3731862185828 747.0 12.985236091353652 7.19719663343858
1475.229705831131 747.0 13.031904361308666 7.21386913349852
1475.085625229376 747.0 13.07875410781884 7.230591433472
1474.9409423140298 747.0 13.125785750555846 7.247261933400296
1474.795654977741 747.0 13.172999708534144 7.263938133488409
1474.6497611050763 747.0 13.220396400078481 7.28061453346163
1474.5032585724998 747.0 13.267976242790951 7.297393233398907
1474.3561452483534 747.0 13.315739653517626 7.314071033499204
1474.2084189928362 747.0 13.363687048314764 7.330739933415316
1474.0600776579854 747.0 13.411818842414553 7.347408133442514
1473.9111190876556 747.0 13.460135450190428 7.3640808335039765
1473.761541117499 747.0 13.50863728512193 7.380754133453593
1473.6113415749455 747.0 13.557324759759105 7.397511333459988
1473.4605182791827 747.0 13.606198285686453 7.414184033405036
1473.3090690411357 747.0 13.655258273486401 7.430859233485535
1473.1569916634471 747.0 13.70450513270231 7.447530833422206
1473.004283940457 747.0 13.753939271801007 7.4642029334791005
1472.8509436581835 747.0 13.803561098134834 7.4808712335070595
1472.6969685943018 747.0 13.853371017903209 7.497543333447538
1472.5423565181245 747.0 13.903369436113705 7.514220033423044
1472.387105190582 747.0 13.95355675654262 7.530894533498213
1472.2312123642016 747.0 14.00393338169505 7.547561433399096
1472.0746757830887 747.0 14.054499712764464 7.5642369334818795
1471.9174931829054 747.0 14.105256149591746 7.580908833420835
1471.7596622908518 747.0 14.156203090623737 7.597588833421469
1471.6011808256449 747.0 14.207340932871253 7.614439233439043
1471.442046497499 747.0 14.258670071866552 7.631111033493653
1471.2822570081062 747.0 14.3101909016203 7.647781933424994
1471.121810050616 747.0 14.361903814577971 7.664457933511585
1470.9607033096152 747.0 14.413809201575704 7.681127533433028
1470.7989344611078 747.0 14.465907451795621 7.69779673346784
1470.636501172496 747.0 14.518198952720578 7.7144637334859
1470.4734011025594 747.0 14.570684090088351 7.731138733448461
1470.309631901435 747.0 14.623363247845262 7.7481712334556505
1470.1451912105986 747.0 14.676236808099217 7.764847633428872
1469.9800766628427 747.0 14.729305151072177 7.781522533507086
1469.8142858822591 747.0 14.78256865505203 7.7981920334277675
1469.6478164842174 747.0 14.836027696343875 7.814869133406319
1469.4806660753459 747.0 14.88968264922071 7.831539333448745
1469.3128322535117 747.0 14.94353388587351 7.848211133503355
1469.1443126078009 747.0 14.997581776360695 7.8648840334499255
1468.9751047184989 747.0 15.051826688556979 7.88171133340802
1468.8052061570706 747.0 15.106268988101595 7.898384233471006
1468.6346144861413 747.0 15.160909038345897 7.915058333426714
1468.4633272594763 747.0 15.21574720030031 7.931730733485892
1468.2913420219618 747.0 15.270783832580653 7.948579133488238
1468.1186563095855 747.0 15.326019291353804 7.965247733402066
1467.9452676494163 747.0 15.381453930282706 7.981923333485611
1467.7711735595858 747.0 15.43708810047072 7.9985936334123835
1467.5963715492683 747.0 15.492922150405303 8.015277433441952
1467.4208591186616 747.0 15.548956425901004 8.031946933479048
1467.2446337589674 747.0 15.605191270041791 8.048620733432472
1467.0676929523727 747.0 15.661627023122678 8.065294333500788
1466.8900341720296 747.0 15.718264022590661 8.081968133454211
1466.7116548820368 747.0 15.775102602984948 8.098648233455606
1466.53255253742 747.0 15.83214309587648 8.115315833478235
1466.3527245841137 747.0 15.88938582980674 8.131988133420236
1466.1721684589409 747.0 15.94683113022583 8.148657833458856
1465.990881589595 747.0 16.004479319429823 8.165330733405426
1465.8088613946206 747.0 16.062330716497375 8.18200553348288
1465.6261052833952 747.0 16.120385637225596 8.198680933448486
1465.4426106561093 747.0 16.178644394065163 8.215352733503096
1465.2583749037487 747.0 16.237107296054678 8.232029033475555
1465.0733954080754 747.0 16.295774648754257 8.248699833406135
1464.8876695416093 747.0 16.354646754178358 8.26536853343714
1464.7011946676091 747.0 16.413723910727796 8.282041933503933
1464.5139681400549 747.0 16.473006413121013 8.298718333477154
1464.3259873036288 747.0 16.53249455232452 8.315843633492477
1464.1372494936975 747.0 16.592188615482545 8.332516433438286
1463.9477520362932 747.0 16.65208888584588 8.349851233419031
1463.7574922480967 747.0 16.712195642699896 8.36652363347821
1463.5664674364184 747.0 16.772509161291744 8.383203333476558
1463.3746748991807 747.0 16.833029712756712 8.399877933436073
1463.1821119249005 747.0 16.893757564043753 8.416551433503628
1462.988775792671 747.0 16.954692977840157 8.433223233441822
1462.7946637721445 747.0 17.015836212495376 8.449899633415043
1462.5997731235143 747.0 17.07718752194397 8.466660733451135
1462.404101097498 747.0 17.138747155627698 8.483335133409128
1462.2076449353196 747.0 17.20051535841672 8.500012133503333
1462.010401868693 747.0 17.262492370529916 8.51668413344305
1461.812369119804 747.0 17.324678427454312 8.533359133405611
1461.6135439012942 747.0 17.387073759863604 8.550061033456586
1461.4139234162435 747.0 17.44967859353576 8.566735033411533
1461.2135048581538 747.0 17.51249314926973 8.583407033467665
1461.012285410932 747.0 17.575517642801195 8.600088433478959
1460.8102622488743 747.0 17.638752284717416 8.616762833436951
1460.607432536649 747.0 17.702197280371117 8.633460533455946
1460.4037934292805 747.0 17.765852829793435 8.650135533418506
1460.199342072134 747.0 17.829719127605898 8.66680553345941
1459.9940756008982 747.0 17.89379636293145 8.68347383348737
1459.787991141571 747.0 17.958084719304495 8.700145633425564
1459.5810858104426 747.0 18.022584374579953 8.716830433462746
1459.373356714081 747.0 18.08729550084135 8.733505833428353
1459.164800949316 747.0 18.152218264307876 8.75018083350733
1458.9554156032248 747.0 18.21735282524047 8.76685723348055
1458.745197753116 747.0 18.282699337846875 8.783530633430928
1458.5341444665155 747.0 18.348257950185662 8.800205033505335
1458.322252801152 747.0 18.41402880406925 8.816877033445053
1458.1095198049418 747.0 18.48001203496586 8.833553733420558
1457.895942515975 747.0 18.54620777190045 8.850225333473645
1457.6815179625016 747.0 18.612616137354564 8.866892833495513
1457.466243162917 747.0 18.679237247165158 8.88356483343523
1457.2501151257484 747.0 18.74607121042232 8.900232033454813
1457.0331308496418 747.0 18.81311812936593 8.916904333396815
1456.8152873233482 747.0 18.88037809928124 8.933624033466913
1456.5965815257102 747.0 18.94785120839335 8.95029353350401
1456.37701042565 747.0 19.01553753776056 8.966971133486368
1456.1565709821557 747.0 19.083437161166675 8.983651533490047
1455.9352601442695 747.0 19.15155014501212 9.00031913339626
1455.7130748510751 747.0 19.219876548203985 9.017214033403434
1455.490012031686 747.0 19.288416422044893 9.033886133460328
1455.2660686052334 747.0 19.357169810120773 9.050554033485241
1455.0412414808545 747.0 19.42613674818744 9.067225633421913
1454.8155275576817 747.0 19.495317264056045 9.08390143350698
1454.5889237248311 747.0 19.56471137747736 9.100570533424616
1454.3614268613924 747.0 19.634319100024875 9.117246733396314
1454.133033836417 747.0 19.704140434976733 9.133925533504225
1453.9037415089094 747.0 19.774175377196467 9.150594033417292
1453.6735467278158 747.0 19.84442391301255 9.167262633447535
1453.4424463320152 747.0 19.91488602009675 9.183936433400959
1453.2104371503094 747.0 19.985561667341244 9.20061523350887
1452.9775160014146 747.0 20.056450814734568 9.217287733452395
1452.7436796939517 747.0 20.1275534132363 9.233973533497192
1452.5089250264382 747.0 20.198869404650523 9.250654733506963
1452.2732487872802 747.0 20.27039872149808 9.267327933455817
1452.0366477547636 747.0 20.342141286887536 9.283999633509666
1451.7991186970476 747.0 20.414097014384936 9.300669233431108
1451.5606583721562 747.0 20.48626580788228 9.31785873346962
1451.3212635279724 747.0 20.558647561464735 9.3345308334101
1451.0809309022309 747.0 20.631242159276596 9.351204433478415
1450.8396572225117 747.0 20.704049475385947 9.367878233431838
1450.5974392062349 747.0 20.777069373648057 9.384591433452442
1450.3542735606545 747.0 20.850301707567482 9.401265233405866
1450.1101569828534 747.0 20.923746320158873 9.418113133404404
1449.8650861597387 747.0 20.997403043806486 9.434783033444546
1449.6190577680372 747.0 21.071271700122377 9.451453133486211
1449.3720684742914 747.0 21.145352099803315 9.468144633457996
1449.1241149348555 747.0 21.219644042486337 9.484818333410658
1448.8751937958928 747.0 21.294147316603027 9.501485733431764
1448.6253016933724 747.0 21.36886169923243 9.518313733511604
1448.374435253067 747.0 21.44378695595266 9.534990533487871
1448.122591090551 747.0 21.51892284069118 9.551661533419974
1447.8697658111985 747.0 21.59426909557371 9.568329133442603
1447.6159560101828 747.0 21.669825450771835 9.58500213350635
1447.3611582724757 747.0 21.74559162434922 9.601674033445306
1447.1053691728468 747.0 21.821567322106528 9.618349833413959
1446.8485852758645 747.0 21.897752237424935 9.635021233465523
1446.5908031358963 747.0 21.974146051108328 9.651716133463196
1446.3320192971103 747.0 22.050748431224115 9.668386033503339
1446.0722302934769 747.0 22.12755903294269 9.685060633462854
1445.8114326487712 747.0 22.204577498375524 9.701735733426176
1445.5496228765758 747.0 22.281803456411918 9.718567033414729
1445.286797480284 747.0 22.35923652255434 9.73523413343355
1445.0229529531036 747.0 22.43687629875244 9.751906133489683
1444.7580857780624 747.0 22.514722373235667 9.768574133398943
1444.4921924280113 747.0 22.592774320344525 9.785251633496955
1444.2252693656312 747.0 22.671031700360462 9.801922533428296
1443.9573130434392 747.0 22.749494059334396 9.818596733501181
1443.6883199037945 747.0 22.828160928913842 9.835269833449274
1443.418286378907 747.0 22.907031826168705 9.851946433424018
1443.1472088908433 747.0 22.986106253415674 9.868618033477105
1442.8750838515377 747.0 23.065383698041277 9.885352833429351
1442.6019076627997 747.0 23.14486363232356 9.90202593349386
1442.3276767163243 747.0 23.22454551325239 9.91898003348615
1442.0523873937027 747.0 23.30442878234843 9.93565353343729
1441.7760360664338 747.0 23.384512865480726 9.952322933473624
1441.4986190959355 747.0 23.46479717268297 9.96899163350463
1441.2201328335575 747.0 23.5452810979684 9.985664133448154
1440.940573620595 747.0 23.62596401914335 10.002334233489819
1440.6599377883022 747.0 23.70684529761949 10.019002533401363
1440.3782216579073 747.0 23.78792427822471 10.035678933490999
1440.0954215406284 747.0 23.86920028901269 10.052351633436047
1439.811533737689 747.0 23.950672641071137 10.069019433460198
1439.5265545403356 747.0 24.032340628328747 10.085713633452542
1439.2404802298558 747.0 24.11420352736082 10.102387133403681
1438.9533070775967 747.0 24.196260597193625 10.119054833427072
1438.6650313449838 747.0 24.278511079107435 10.135731533402577
1438.3756492835425 747.0 24.36095419643833 10.152414133423008
1438.0851571349185 747.0 24.443589154378706 10.16909053339623
1437.7935511309 747.0 24.526415139776567 10.185757333412766
1437.5008274934407 747.0 24.60943132093353 10.203178933472373
1437.206982434684 747.0 24.692636847401648 10.21985573344864
1436.912012156987 747.0 24.77603084977898 10.236531633418053
1436.6159128529466 747.0 24.859612439503998 10.253203533473425
1436.3186807054265 747.0 24.943380708648792 10.26987883343827
1436.020311887584 747.0 25.027334729711104 10.28654793347232
1435.7208025628995 747.0 25.11147355540521 10.303238133434206
1435.4201488852052 747.0 25.195796218451687 10.319916033418849
1435.118346998716 747.0 25.280301731366034 10.33659133350011
1434.8153930380618 747.0 25.364989086246226 10.353267433471046
1434.5112831283186 747.0 25.449857254559173 10.36994123342447
1434.2060133850443 747.0 25.534905186926128 10.386609933455475
1433.899579914312 747.0 25.62013181290707 10.403301833430305
1433.5919788127462 747.0 25.705536040784057 10.419977433397435
1433.2832061675606 747.0 25.79111675734363 10.436646633432247
1432.9732580565953 747.0 25.87687282765821 10.453316333470866
1432.6621305483573 747.0 25.962803094866594 10.469983833492734
1432.34981970206 747.0 26.048906379953525 10.48665503342636
1432.0363215676657 747.0 26.135181481528395 10.503549433429725
1431.7216321859285 747.0 26.221627175603093 10.520256633404642
1431.405747588438 747.0 26.308242215369024 10.53693963342812
1431.088663797666 747.0 26.39502533097335 10.553608133457601
1430.7703768270117 747.0 26.48197522929448 10.57073243346531
1430.4508826808512 747.0 26.56909059371682 10.587404433405027
1430.1301773545867 747.0 26.656370083904847 10.60407853347715
1429.8082568346965 747.0 26.74381233557655 10.620767833432183
1429.4851170987884 747.0 26.831415960276225 10.637438933481462
1429.1607541156523 747.0 26.919179545146722 10.654118433478288
1428.8351638453157 747.0 27.00710165270115 10.67079353344161
1428.5083422391003 747.0 27.09518082059409 10.68746043345891
1428.18028523968 747.0 27.18341556139238 10.704134933417663
1427.8509887811397 747.0 27.271804362345453 10.720810333499685
1427.5204487890371 747.0 27.360345685155362 10.73748153343331
1427.1886611804646 747.0 27.449037965746477 10.754152733483352
1426.855621864114 747.0 27.53787961403492 10.77085583342705
1426.521326740342 747.0 27.6268690136978 10.787524533458054
1426.185771701237 747.0 27.716004521942267 10.804199133417569
1425.8489526306892 747.0 27.805284469274497 10.82087233348284
1425.51086540446 747.0 27.894707159268602 10.837542833411135
1425.1715058902555 747.0 27.98427086833555 10.854212633450516
1424.8308699478 747.0 28.073973845492162 10.8708878334146
1424.4889534289123 747.0 28.16381431213024 10.887558033457026
1424.1457521775826 747.0 28.253790461785858 10.904257933492772
1423.8012620300528 747.0 28.343900459908944 10.920979133457877
1423.4554788148978 747.0 28.434142443633142 10.937653233413585
1423.1083983531082 747.0 28.52451452154609 10.954321533441544
1422.7600164581759 747.0 28.615014773460143 10.970989533467218
1422.410328936181 747.0 28.705641250183607 10.987667033448815
1422.0593315858812 747.0 28.796391973292614 11.004387233406305
1421.7070201988017 747.0 28.88726493490362 11.021054133423604
1421.3533905593301 747.0 28.978258097446687 11.037729433504865
1420.99843844481 747.0 29.069369393439597 11.054397933417931
1420.6421596256391 747.0 29.160596725262856 11.071067133452743
1420.2845498653683 747.0 29.251937964935703 11.08773873350583
1419.9256049208027 747.0 29.343390953893213 11.104405633406714
1419.5653205421065 747.0 29.43495350276454 11.121075333445333
1419.2036924729082 747.0 29.52662339115243 11.137743833474815
1418.8407164504088 747.0 29.618398367414088 11.154416633420624
1418.4763882054922 747.0 29.71027614844346 11.171084133442491
1418.110703462839 747.0 29.802254419455082 11.187756933504716
1417.7436579410403 747.0 29.89433083376954 11.20445123349782
1417.3752473527163 747.0 29.986503012600675 11.221125133452006
1417.0054674046364 747.0 30.07876854484462 11.23779833340086
1416.6343137978408 747.0 30.171124986870783 11.25447353348136
1416.2617822277664 747.0 30.263569862314867 11.271143233403563
1415.887868384374 747.0 30.35610066187406 11.28781683347188
1415.512567952279 747.0 30.448714843104487 11.304485333501361
1415.135876610883 747.0 30.54140983022105 11.321161433472298
1414.7577900345107 747.0 30.63418301389975 11.337833233410493
1414.3783038925465 747.0 30.727031751082663 11.354508933494799
1413.9974138495766 747.0 30.819953364785608 11.371183633455075
1413.6151155655323 747.0 30.912945143908715 11.387858333415352
1413.231404695836 747.0 31.006004343049963 11.404526833444834
1412.8462768915513 747.0 31.09912818232185 11.421200933400542
1412.459727799534 747.0 31.192313847171278 11.437870233436115
1412.0717530625886 747.0 31.28555848820287 11.454682133509777
1411.6823483196254 747.0 31.378859221005754 11.471354333451018
1411.291509205822 747.0 31.47221312598403 11.48802423349116
1410.8992313527872 747.0 31.565617248191028 11.504692533402704
1410.5055103887287 747.0 31.6590685971675 11.521361033432186
1410.110341938623 747.0 31.75256414678391 11.538037233403884
1409.713721624389 747.0 31.846100835086933 11.554946833406575
1409.3156450650656 747.0 31.93967556415036 11.57161353342235
1408.9161078769903 747.0 32.03328519993053 11.588282633456402
1408.5151056739835 747.0 32.126926572126465 11.605536833405495
1408.1126340675348 747.0 32.22059647404483 11.622205333434977
1407.7086886669936 747.0 32.31429166246995 11.63888193340972
1407.3032650797616 747.0 32.40800885753893 11.655558233498596
1406.8963589114908 747.0 32.501744742622215 11.672228133422323
1406.4879657662834 747.0 32.59549596420955 11.688913033460267
1406.0780812468959 747.0 32.68925913180169 11.705589333432727
1405.6667009549465 747.0 32.78303081780796 11.722257833462209
1405.2538204911268 747.0 32.876807557449794 11.738932033418678
1404.8394354554168 747.0 32.97058584867051 11.75560123345349
1404.4235414473033 747.0 33.064362152051466 11.77231003344059
1404.0061340660018 747.0 33.158132890734784 11.7890938334167
1403.5872089106842 747.0 33.251894450352815 11.805764433462173
1403.1667615807078 747.0 33.34564317896453 11.822436533402652
1402.7447876758495 747.0 33.43937538699907 11.839111333480105
1402.321282796544 747.0 33.53308734720657 11.855782233411446
1401.896242544126 747.0 33.626775294616515 11.872451933450066
