1499.999763457169 746.999979589354 10.0 0.08253099978901446
1499.9990540398487 746.9999177490951 10.0 0.29067843314260244
1499.9978720550864 746.9998127416263 10.0 0.34669293323531747
1499.9962177974269 746.9996629035696 10.0 0.36405813321471214
1499.9940915494697 746.9994666426006 10.0 0.38073123316280544
1499.991493582402 746.999222434419 10.0 0.3973979332949966
1499.9884241565092 746.9989288198483 10.0 0.41407783329486847
1499.9848835216626 746.9985844020589 10.0 0.43086863309144974
1499.9808719177884 746.9981878439106 10.0 0.4475381332449615
1499.9763895753135 746.9977378654078 10.0 0.46420603315345943
1499.971436715596 746.9972332412635 10.0 0.4808796332217753
1499.9660135513336 746.996672798568 10.0 0.4975481331348419
1499.9601202869583 746.9960554145563 10.0 0.5142295332625508
1499.9537571190103 746.9953800144708 10.0 0.5309053331147879
1499.9469242364999 746.9946455695164 10.0 0.5475812330842018
1499.9396218212507 746.9938510949014 10.0 0.5646490331273526
1499.9318500482304 746.9929956479632 10.0 0.5813174331560731
1499.9236090858656 746.9920783263732 10.0 0.5979859333019704
1499.9148990963452 746.9910982664192 10.0 0.6147951332386583
1499.905720235909 746.9900546413602 10.0 0.6314704332035035
1499.8960726551254 746.9889466598523 10.0 0.6482184331398457
1499.885956499156 746.9877735644412 10.0 0.6650220332667232
1499.87537190801 746.9865346301194 10.0 0.6816945332102478
1499.864319016787 746.9852291629448 10.0 0.6983707332983613
1499.8527979559099 746.9838564987184 10.0 0.7150402332190424
1499.8408088513472 746.9824160017184 10.0 0.7317131331656128
1499.828351824827 746.9809070634885 10.0 0.750256733270362
1499.8154269940405 746.9793291016775 10.0 0.7669235332868993
1499.802034472838 746.9776815589294 10.0 0.7835939330980182
1499.788174371415 746.9759639018192 10.0 0.8002639331389219
1499.7738467964925 746.9741756198364 10.0 0.8169355331920087
1499.7590518514878 746.9723162244095 10.0 0.8338114332873374
1499.7437896366785 746.9703852479744 10.0 0.8505816331598908
1499.72806024936 746.9683822430806 10.0 0.8673574333079159
1499.7118637839956 746.966306781537 10.0 0.884031233144924
1499.6952003323606 746.9641584535935 10.0 0.9007033330854028
1499.6780699836804 746.9619368671578 10.0 0.9173708332236856
1499.660472824762 746.9596416470449 10.0 0.9340413331519812
1499.6424089401207 746.9572724342603 10.0 0.9507081331685185
1499.6238784121003 746.9548288853118 10.0 0.9673812331166118
1499.6048813209898 746.9523106715523 10.0 0.9840531332883984
1499.5854177451336 746.9497174785492 10.0 1.0010121332015842
1499.5654877610375 746.9470490054829 10.0 1.0176873332820833
1499.545091443471 746.9443049645679 10.0 1.0343861333094537
1499.5242288655634 746.9414850805018 10.0 1.0511228332761675
1499.5029000988975 746.9385890899355 10.0 1.0677974331192672
1499.4811052135985 746.935616740967 10.0 1.084470933303237
1499.4588442784195 746.9325677926571 10.0 1.1011439331341535
1499.4361173608224 746.9294420145646 10.0 1.1178110332693905
1499.412924527057 746.926239186303 10.0 1.1344833332113922
1499.3892658422349 746.9229590971144 10.0 1.151154933264479
1499.3651413704015 746.919601545463 10.0 1.167875433107838
1499.3405511746043 746.9161663386452 10.0 1.1845426331274211
1499.3154953169592 746.9126532924163 10.0 1.2138357332441956
1499.2899738587118 746.9090622306337 10.0 1.2305791331455112
1499.2639868602992 746.9053929849148 10.0 1.2472554331179708
1499.2375343814062 746.9016453943098 10.0 1.2645209331531078
1499.2106164810211 746.8978193049882 10.0 1.2812971333041787
1499.183233217488 746.8939145699392 10.0 1.2979719331488013
1499.155384648557 746.8899310486842 10.0 1.3148202332668006
1499.1270708314335 746.885868607002 10.0 1.3314879331737757
1499.0982918228233 746.8817271166657 10.0 1.3481629332527518
1499.0690476789775 746.877506455191 10.0 1.3649926332291216
1499.0393384557347 746.8732065055946 10.0 1.3816765332594514
1499.0091642085608 746.8688271561635 10.0 1.3985155331902206
1498.9785249925892 746.8643683002344 10.0 1.4151889332570136
1498.9474208626564 746.8598298359816 10.0 1.4318582331761718
1498.9158518733384 746.8552116662147 10.0 1.4485345331486315
1498.8838180789846 746.8505136981845 10.0 1.4652034332975745
1498.8513195337503 746.8457358433978 10.0 1.4820770332589746
1498.8183562916272 746.8408780174394 10.0 1.4987452332861722
1498.7849284064746 746.8359401398021 10.0 1.5154219332616776
1498.7510359320463 746.8309221337237 10.0 1.53209083317779
1498.7166789220191 746.8258239260313 10.0 1.5487619331106544
1498.681857430018 746.820645446992 10.0 1.5654303331393749
1498.6465715096422 746.8153866301702 10.0 1.582099533174187
1498.610821214488 746.8100474122906 10.0 1.5991169332992285
1498.574606598172 746.8046277331074 10.0 1.615789833245799
1498.5379277143536 746.7991275352788 10.0 1.6324901331681758
1498.500784616755 746.7935467642471 10.0 1.649164933245629
1498.463177359182 746.7878853681243 10.0 1.6658379333093762
1498.4251059955427 746.7821432975812 10.0 1.6825124332681298
1498.386570579866 746.776320505743 10.0 1.6991866331081837
1498.3475711663189 746.7704169480882 10.0 1.7158537332434207
1498.3081078092239 746.7644325823518 10.0 1.7327399333007634
1498.2681805630746 746.7583673684337 10.0 1.7494095331057906
1498.2277894825513 746.7522212683095 10.0 1.7660777331329882
1498.186934622535 746.7459942459466 10.0 1.7827445331495255
1498.1456160381229 746.7396862672224 10.0 1.7994279332924634
1498.10383378464 746.7332972998473 10.0 1.8161922332365066
1498.0615879176537 746.7268273132905 10.0 1.8328662333078682
1498.0188784929846 746.7202762787084 10.0 1.8495398331433535
1497.9757055667199 746.713644168877 10.0 1.866208033170551
1497.9320691952225 746.7069309581265 10.0 1.8828759333118796
1497.8879694351442 746.7001366222792 10.0 1.899597633164376
1497.843406343434 746.6932611385894 10.0 1.9163263333030045
1497.798379977349 746.6863044856867 10.0 1.933000833261758
1497.752890394463 746.679266643521 10.0 1.9496708333026618
1497.706937652677 746.6721475933101 10.0 1.9663377332035452
1497.6605218102256 746.6649473174897 10.0 1.9830128331668675
1497.6136429256871 746.6576657996652 10.0 2.000632633222267
1497.5663010579904 746.650303024566 10.0 2.017308233305812
1497.5184962664225 746.6428589780013 10.0 2.0339763332158327
1497.4702286106365 746.635333646818 10.0 2.0506484331563115
1497.421498150657 746.6277270188605 10.0 2.067523133242503
1497.3723049468883 746.6200390829318 10.0 2.0841950331814587
1497.3226490601191 746.6122698287572 10.0 2.1017512332182378
1497.2725305515296 746.604419246948 10.0 2.1186594332102686
1497.2219494826963 746.5964873289684 10.0 2.135336733190343
1497.1709059155985 746.5884740671024 10.0 2.152013533283025
1497.1193999126226 746.5803794544237 10.0 2.168687733123079
1497.0674315365675 746.5722034847648 10.0 2.185361033305526
1497.015000850649 746.5639461526896 10.0 2.2020333332475275
1496.9621079185042 746.5556074534655 10.0 2.218807533150539
1496.908752804197 746.5471873830376 10.0 2.235478133196011
1496.8549355722207 746.5386859380035 10.0 2.2521529332734644
1496.8006562875028 746.5301031155897 10.0 2.2688271331135184
1496.7459150154082 746.5214389136285 10.0 2.285515233175829
1496.6907118217432 746.5126933305363 10.0 2.3021921331528574
1496.6350467727589 746.5038663652923 10.0 2.3188653332181275
1496.5789199351539 746.4949580174188 10.0 2.335533833131194
1496.5223313760782 746.4859682869615 10.0 2.3522129331249744
1496.4652811631356 746.4768971744716 10.0 2.368889233097434
1496.4077693643862 746.467744680988 10.0 2.3855655333027244
1496.34979604835 746.45851080802 10.0 2.4022332332096994
1496.2913612840086 746.4491955575319 10.0 2.4189485332462937
1496.232465140808 746.4397989319269 10.0 2.4356250332202762
1496.1731076886606 746.4303209340327 10.0 2.4522961331531405
1496.1132889979478 746.420761567087 10.0 2.4689755332656205
1496.0530091395217 746.4111208347241 10.0 2.485648433212191
1495.9922681847072 746.4013987409619 10.0 2.5023165331222117
1495.931066205304 746.3915952901896 10.0 2.5189844332635403
1495.869403273588 746.3817104871553 10.0 2.535654333187267
1495.8072794623133 746.3717443369551 10.0 2.5523230331018567
1495.7446948447136 746.361696845022 10.0 2.5691378333140165
1495.681649494504 746.3515680171154 10.0 2.585806833114475
1495.618143485882 746.341357859311 10.0 2.602481533307582
1495.5541768935293 746.3310663779913 10.0 2.6191583331674337
1495.4897497926124 746.3206935798365 10.0 2.636063633253798
1495.4248622587847 746.3102394718157 10.0 2.6527400331106037
1495.3595143681869 746.2997040611782 10.0 2.6694080331362784
1495.2937061974485 746.2890873554458 10.0 2.686076433164999
1495.2274378236884 746.2783893624047 10.0 2.7027437333017588
1495.1607093245161 746.2676100900987 10.0 2.7194167331326753
1495.0935207780328 746.2567495468214 10.0 2.7360890333075076
1495.0258722628319 746.24580774111 10.0 2.752764433156699
1494.9577638579995 746.2347846817381 10.0 2.769435733091086
1494.889195643116 746.2236803777106 10.0 2.7861107331700623
1494.820167698256 746.2124948382566 10.0 2.8027778333052993
1494.7506801039892 746.2012280728243 10.0 2.8194513332564384
1494.6807329413814 746.1898800910753 10.0 2.8361247330904007
1494.610326291994 746.1784509028797 10.0 2.85279683326371
1494.5394602378854 746.1669405183106 10.0 2.869965533260256
1494.4681348616111 746.1553489476398 10.0 2.886666033184156
1494.3963502462248 746.1436762013328 10.0 2.9033360332250595
1494.3241064752772 746.1319222900446 10.0 2.9200095331761986
1494.2514036328182 746.1200872246154 10.0 2.9366856331471354
1494.178241803396 746.1081710160665 10.0 2.9533604332245886
1494.104621072058 746.0961736755967 10.0 2.9700279331300408
1494.0305415243506 746.084095214578 10.0 2.98670313321054
1493.9560032463196 746.071935644553 10.0 3.0033785332925618
1493.8810063245107 746.0596949772306 10.0 3.020166533300653
1493.8055508459693 746.047373224483 10.0 3.0368341330904514
1493.7296368982404 746.0349703983427 10.0 3.053504533134401
1493.6532645693699 746.0224865109996 10.0 3.070179533213377
1493.576433947903 746.0099215747977 10.0 3.0868501332588494
1493.499145122886 745.9972756022328 10.0 3.103518333286047
1493.4213981838643 745.9845486059496 10.0 3.1201949331443757
1493.343193220885 745.9717405987393 10.0 3.1368787332903594
1493.2645303244947 745.958851593537 10.0 3.1535621332004666
1493.1854095857402 745.9458816034197 10.0 3.170229233102873
1493.1058310961691 745.9328306416037 10.0 3.186896133236587
1493.025794947829 745.9196987214426 10.0 3.20356333325617
1492.9453012332672 745.9064858564254 10.0 3.2202388332225382
1492.8643500455319 745.8931920601744 10.0 3.236907333135605
1492.7829414781706 745.8798173464432 10.0 3.253581033088267
1492.701075625231 745.8663617291153 10.0 3.270278433104977
1492.6187525812602 745.8528252222019 10.0 3.287214233307168
1492.5359724413054 745.8392078398405 10.0 3.3039756331127137
1492.4527353009125 745.8255095962932 10.0 3.3206521330866963
1492.369041256127 745.8117305059452 10.0 3.337328133173287
1492.2848904034936 745.7978705833035 10.0 3.3539999332278967
1492.2002828400553 745.7839298429952 10.0 3.370673233177513
1492.115218663354 745.7699082997665 10.0 3.3873438332229853
1492.02969797143 745.7558059684809 10.0 3.4040162332821637
1491.9437208628221 745.7416228641184 10.0 3.4209548332728446
1491.8572874365664 745.7273590017742 10.0 3.4378713332116604
1491.7703977921965 745.7130143966574 10.0 3.4548211332876235
1491.683052029744 745.6985890640901 10.0 3.4714952332433313
1491.5952502497373 745.6840830195063 10.0 3.4888791332487017
1491.5069925532014 745.6694962784505 10.0 3.505547933280468
1491.418279041658 745.6548288565776 10.0 3.522363133262843
1491.329109817125 745.6400807696511 10.0 3.5390340331941843
1491.2394849821162 745.6252520335426 10.0 3.555704133119434
1491.1494046396406 745.6103426642306 10.0 3.572437933180481
1491.0588688932028 745.5953526778004 10.0 3.5891054330859333
1490.9678778468021 745.5802820904424 10.0 3.6057920332532376
1490.8764316049323 745.565130918452 10.0 3.6224683332256973
1490.7845302725816 745.5498991782285 10.0 3.6391438331920654
1490.6921739552315 745.5345868862746 10.0 3.655814233236015
1490.5993627588573 745.5191940591955 10.0 3.6724865331780165
1490.5060967899274 745.5037207136983 10.0 3.6891578331124038
1490.4123761554024 745.4881668665915 10.0 3.7058337333146483
1490.3182009627358 745.4725325347844 10.0 3.722681133309379
1490.2235713198727 745.4568177352862 10.0 3.7393565331585705
1490.1284873352497 745.4410224852058 10.0 3.7560281332116574
1490.0329491177943 745.4251468017511 10.0 3.7755860332399607
1489.936956776925 745.4091907022283 10.0 3.7922637332230806
1489.84051042255 745.3931542040418 10.0 3.8089340331498533
1489.7436101650683 745.3770373246932 10.0 3.8256350331939757
1489.6462561153674 745.3608400817814 10.0 3.8423048332333565
1489.5484483848238 745.3445624930015 10.0 3.8589749331586063
1489.450187085303 745.3282045761449 10.0 3.8756430333014578
1489.3514723291585 745.3117663490987 10.0 3.8926531332544982
1489.252304229231 745.295247829845 10.0 3.9093228331767023
1489.1526828988488 745.278649036461 10.0 3.9259921330958605
1489.0526084518267 745.2619699871184 10.0 3.9426592332310975
1488.9520810024658 745.2452107000828 10.0 3.959673833101988
1488.851100665553 745.2283711937135 10.0 3.976348433177918
1488.7496675563607 745.2114514864636 10.0 3.9930190332233906
1488.647781790646 745.1944515968787 10.0 4.009692233288661
1488.5454434846501 745.1773715435975 10.0 4.02636853326112
1488.4426527550988 745.1602113453508 10.0 4.043127533281222
1488.3394097192006 745.1429710209618 10.0 4.059797133086249
1488.2357144946473 745.1256505893452 10.0 4.076470233267173
1488.131567199613 745.1082500695076 10.0 4.0931410333141685
1488.026967952754 745.0907694805463 10.0 4.109808133216575
1487.9219168732075 745.07320884165 10.0 4.126529233297333
1487.816414080592 745.0555681720978 10.0 4.143197833094746
1487.7104596950064 745.0378474912593 10.0 4.159866733243689
1487.6040538370296 745.0200468185943 10.0 4.176577133126557
1487.4971966277199 745.0021661736525 10.0 4.19324743328616
1487.3898881886141 744.9842055760732 10.0 4.2099206331186
1487.282128641728 744.9661650455854 10.0 4.226597333094105
1487.1739181095545 744.948044602007 10.0 4.243270633276552
1487.0652567150646 744.9298442652452 10.0 4.259945533238351
1486.9561445817055 744.9115640552956 10.0 4.276613433146849
1486.8465818334012 744.8932039922428 10.0 4.293287133099511
1486.736568594551 744.8747640962595 10.0 4.309957033256069
1486.6261049900297 744.8562443876066 10.0 4.327019333140925
1486.5151911451867 744.837644886633 10.0 4.343689733184874
1486.4038271858453 744.8189656137755 10.0 4.36036333325319
1486.2920132383026 744.8002065895583 10.0 4.377034433186054
1486.179749429329 744.7813678345931 10.0 4.393702733097598
1486.0670358861667 744.7624493695787 10.0 4.41037223325111
1485.9538727365302 744.7434512153011 10.0 4.427047533215955
1485.8402601086057 744.724373392633 10.0 4.443719233153388
1485.7261981310498 744.7052159225339 10.0 4.460392233217135
1485.6116869329896 744.6859788260498 10.0 4.477065033279359
1485.4967266440217 744.666662124313 10.0 4.4937322332989424
1485.3813173942121 744.6472658385421 10.0 4.510401333216578
1485.2654593140953 744.6277899900417 10.0 4.527147633256391
1485.1491525346735 744.6082346002022 10.0 4.543821333209053
1485.0323971874168 744.5885996904998 10.0 4.56048813322559
1484.915193404262 744.5688852824962 10.0 4.577161233173683
1484.797541317612 744.5490913978387 10.0 4.593829533085227
1484.6794410603359 744.5292180582594 10.0 4.61049703322351
1484.5608927657674 744.5092652855761 10.0 4.627171433297917
1484.441896567705 744.4892331016913 10.0 4.6438430331181735
1484.3224526004115 744.4691215285922 10.0 4.660512533271685
1484.2025609986124 744.4489305883508 10.0 4.677187733119354
1484.0822218974965 744.4286603031236 10.0 4.693861933192238
1483.9614354327146 744.4083106951517 10.0 4.710530233103782
1483.8402017403791 744.3878817867603 10.0 4.727546533104032
1483.718520957064 744.3673736003586 10.0 4.7442879332229495
1483.5963932198028 744.3467861584401 10.0 4.760961833177134
1483.4738186660895 744.3261194835819 10.0 4.778021133271977
1483.3507974338772 744.305373598445 10.0 4.7946884331759065
1483.2273296615774 744.284548525774 10.0 4.811357933096588
1483.10341548806 744.2636442883967 10.0 4.828028033254668
1482.9790550526518 744.2426609092245 10.0 4.844698733184487
1482.854248495137 744.2215984112519 10.0 4.861379633191973
1482.7289959557556 744.2004568175564 10.0 4.878056033281609
1482.6032975752037 744.1792361512987 10.0 4.894729933235794
1482.4771534946315 744.1579364357221 10.0 4.911400233162567
1482.3505638556444 744.1365576941528 10.0 4.928071833215654
1482.2235288003012 744.1150999499993 10.0 4.944764633197337
1482.0960484711138 744.0935632267527 10.0 4.96145183313638
1481.9681230110466 744.0719475479865 10.0 4.978125533089042
1481.839752563516 744.0502529373562 10.0 4.994849533308297
1481.7109372723896 744.0284794185994 10.0 5.011525933165103
1481.5816772819858 744.006627015536 10.0 5.028200133237988
1481.4519727370728 743.9846957520672 10.0 5.044873533304781
1481.3218237828683 743.9626856521763 10.0 5.061549033271149
1481.1912305650385 743.9405967399281 10.0 5.078225833131
1481.0601932296981 743.9184290394687 10.0 5.094895333284512
1480.928711923409 743.8961825750258 10.0 5.11156803322956
1480.7967867931802 743.8738573709082 10.0 5.1282378332689404
1480.6644179864663 743.8514534515058 10.0 5.146176833193749
1480.5316056511683 743.8289708412894 10.0 5.162845533108339
1480.3983499356316 743.8064095648109 10.0 5.179519233293831
1480.2646509886458 743.7837696467028 10.0 5.196475033182651
1480.1305089594446 743.7610511116782 10.0 5.213144733104855
1479.9959239977043 743.7382539845307 10.0 5.229820633307099
1479.8608962535436 743.7153782901345 10.0 5.246497733285651
1479.725425877523 743.6924240534437 10.0 5.263164633186534
1479.589513020644 743.6693912994929 10.0 5.279831933090463
1479.4531578343485 743.6462800533966 10.0 5.296502633253112
1479.3163604705178 743.6230903403492 10.0 5.313170633278787
1479.1791210814729 743.5998221856249 10.0 5.329990733182058
1479.0414398199725 743.5764756145777 10.0 5.346665533259511
1478.9033168392136 743.553050652641 10.0 5.363337833201513
1478.76475229283 743.5295473253276 10.0 5.3800139331724495
1478.6257463348923 743.5059656582299 10.0 5.396681933198124
1478.4862991199063 743.4823056770193 10.0 5.413418033160269
1478.3464108028134 743.4585674074463 10.0 5.430169633124024
1478.2060815389889 743.4347508753403 10.0 5.446844533085823
1478.0653114842423 743.4108561066099 10.0 5.4635146332439035
1477.9241007948162 743.3868831272421 10.0 5.480183933163062
1477.7824496273854 743.3628319633025 10.0 5.496851533185691
1477.6403581390564 743.3387026409354 10.0 5.513524633133784
1477.4978264873669 743.3144951863633 10.0 5.530196633189917
1477.354854830285 743.2902096258871 10.0 5.546865733107552
1477.2114433262084 743.2658459858858 10.0 5.56353843328543
1477.067592133964 743.2414042928165 10.0 5.580243033124134
1476.9233014128067 743.216884573214 10.0 5.596915833186358
1476.7785713224196 743.1922868536909 10.0 5.613584833219647
1476.6334020229124 743.1676111609378 10.0 5.630251633236185
1476.487793674821 743.1428575217225 10.0 5.6469214332755655
1476.3417464391073 743.1180259628903 10.0 5.663590933196247
1476.1952604771577 743.093116511364 10.0 5.680262733250856
1476.0483359507832 743.0681291941434 10.0 5.69693863322027
1475.9009730222183 743.0430640383053 10.0 5.713615533197299
1475.75317185412 743.0179210710036 10.0 5.730285833124071
1475.6049326095676 742.992700319469 10.0 5.746987833175808
1475.4562554520621 742.967401811009 10.0 5.763661933131516
1475.3071405455248 742.9420255730076 10.0 5.780730733182281
1475.1575880542975 742.9165716329252 10.0 5.797497433144599
1475.0075981431412 742.8910400182986 10.0 5.814169533085078
1474.8571709772352 742.8654307567408 10.0 5.830836233217269
1474.7063067221775 742.839743875941 10.0 5.84750463324599
1474.5550055439826 742.8139794036645 10.0 5.864174533169717
1474.403267609082 742.7881373677519 10.0 5.880845733219758
1474.2510930843227 742.7622177961202 10.0 5.897531033260748
1474.0984821369673 742.7362207167619 10.0 5.9142053332179785
1473.9454349346925 742.7101461577446 10.0 5.930874633137137
1473.7919516455884 742.6839941472116 10.0 5.947547933086753
1473.6380324381587 742.6577647133814 10.0 5.964215333107859
1473.4836774813189 742.6314578845478 10.0 5.980882133124396
1473.3288869443963 742.6050736890793 10.0 5.99755353317596
1473.1736609971292 742.5786121554194 10.0 6.014228733256459
1473.0179998096655 742.5520733120863 10.0 6.030898833181709
1472.861903552563 742.5254571876733 10.0 6.048865333199501
1472.705372396788 742.4987638108474 10.0 6.065536833135411
1472.5484065137148 742.4719932103508 10.0 6.082213933113962
1472.3910060751248 742.4451454149994 10.0 6.098884733160958
1472.2331712532061 742.4182204536836 10.0 6.11556153325364
1472.0749022205525 742.3912183553676 10.0 6.132234833203256
1471.916199150163 742.3641391490896 10.0 6.148906633257866
1471.7570622154408 742.3369828639616 10.0 6.165577033301815
1471.5974915901925 742.3097495291692 10.0 6.182252333266661
1471.437487448628 742.2824391739714 10.0 6.198922333307564
1471.277049965359 742.255051827701 10.0 6.2157372331712395
1471.116179315399 742.2275875197636 10.0 6.23240563319996
1470.9548756741617 742.2000462796382 10.0 6.249074433231726
1470.7931392174612 742.1724281368768 10.0 6.265764633193612
1470.6309701215105 742.1447331211043 10.0 6.282452133251354
1470.468368562921 742.1169612620183 10.0 6.299122433178127
1470.305334718702 742.0891125893892 10.0 6.315789233194664
1470.14186876626 742.0611871330597 10.0 6.332459933124483
1469.9779708833973 742.0331849229449 10.0 6.349134633084759
1469.813641248312 742.0051059890325 10.0 6.365802133223042
1469.6488800395969 741.9769503613819 10.0 6.382474033161998
1469.4836874362386 741.9487180701249 10.0 6.3995584330987185
1469.3180636176173 741.9204091454648 10.0 6.4162803331855685
1469.1520087635056 741.8920236176768 10.0 6.433160233311355
1468.985523054068 741.863561517108 10.0 6.44982933322899
1468.8186066698595 741.8350228741766 10.0 6.466498933266848
1468.6512597918259 741.8064077193725 10.0 6.4831863332074136
1468.4834826013023 741.7777160832565 10.0 6.499860433163121
1468.3152752800127 741.7489479964607 10.0 6.516527733299881
1468.146638010069 741.7201034896883 10.0 6.533196933101863
1467.9775709739704 741.6911825937132 10.0 6.549865033244714
1467.8080743546025 741.6621853393799 10.0 6.567102533299476
1467.6381483352368 741.6331117576037 10.0 6.583775733131915
1467.46779309953 741.6039618793704 10.0 6.6004484333097935
1467.2970088315221 741.574735735736 10.0 6.617125033168122
1467.1257957156377 741.5454333578267 10.0 6.6337996332440525
1466.9541539366835 741.5160547768388 10.0 6.65046783327125
1466.7820836798483 741.4866000240387 10.0 6.667232233099639
1466.6095851307018 741.4570691307623 10.0 6.683979033259675
1466.4366584751945 741.4274621284154 10.0 6.700707033276558
1466.2633038996562 741.3977790484734 10.0 6.717388533288613
1466.0895215907958 741.3680199224809 10.0 6.734063933137804
1465.9153117357005 741.338184782052 10.0 6.7507372330874205
1465.7406745218343 741.3082736588699 10.0 6.768249733140692
1465.5656101370382 741.2782865846867 10.0 6.784929033135995
1465.3901187695287 741.2482235913235 10.0 6.801605033222586
1465.2142006078977 741.2180847106702 10.0 6.818274433258921
1465.037855841111 741.1878699746851 10.0 6.834945733193308
1464.861084658508 741.1575794153954 10.0 6.851619933266193
1464.6838872498008 741.1272130648963 10.0 6.868382233195007
1464.5062638050738 741.0967709553513 10.0 6.885057833278552
1464.3282145147818 741.0662531189921 10.0 6.901727833086625
1464.1497395697506 741.0356595881183 10.0 6.918396833119914
1463.9708391611753 741.0049903950973 10.0 6.935066233156249
1463.7915134806196 740.9742455723641 10.0 6.951733233174309
1463.6117627200158 740.9434251524216 10.0 6.968405233230442
1463.431587071663 740.9125291678398 10.0 6.985073033254594
1463.250986728227 740.8815576512561 10.0 7.001744233304635
1463.0699618827393 740.850510635375 10.0 7.018414833117276
1462.8885127285962 740.8193881529681 10.0 7.035083533264697
1462.706639459558 740.7881902368739 10.0 7.051751533290371
1462.5243422697483 740.7569169199976 10.0 7.0686735331546515
1462.3416213536536 740.7255682353109 10.0 7.08534733322449
1462.158476906122 740.6941442158522 10.0 7.102018933277577
1461.9749091223623 740.6626448947262 10.0 7.118695533135906
1461.7909181979437 740.6310703051037 10.0 7.13537143310532
1461.606504328795 740.5994204802215 10.0 7.152048033196479
1461.4216677112029 740.5676954533826 10.0 7.16899563325569
1461.2364085418126 740.5358952579556 10.0 7.185675833141431
1461.050727017626 740.5040199273749 10.0 7.202344733290374
1460.8646233360012 740.4720694951402 10.0 7.219019933138043
1460.6780976946518 740.4400439948168 10.0 7.235721433302388
1460.491150291646 740.4079434600353 10.0 7.252392933238298
1460.3037813254055 740.3757679244911 10.0 7.2690650331787765
1460.1159909947057 740.343517421945 10.0 7.285733233205974
1459.9277794986738 740.3111919862222 10.0 7.302534833084792
1459.7391470367882 740.2787916512129 10.0 7.319202933227643
1459.5500938088783 740.2463164508719 10.0 7.335876833181828
1459.3606200151232 740.213766419218 10.0 7.352552333148196
1459.1707258560511 740.181141590335 10.0 7.369225933216512
1458.9804115325383 740.1484419983701 10.0 7.385895933257416
1458.7896772458084 740.1156676775352 10.0 7.402581333182752
1458.5985231974319 740.0828186621054 10.0 7.419256533263251
1458.406949589325 740.0498949864201 10.0 7.435933333123103
1458.2149566237488 740.0168966848819 10.0 7.452609933214262
1458.0225445033086 739.9838237919571 10.0 7.4692788331303746
1457.8297134309532 739.9506763421753 10.0 7.485949733294547
1457.636463609974 739.917454370129 10.0 7.502624633256346
1457.4427952440042 739.8841579104741 10.0 7.519296633312479
1457.2487085370176 739.8507869979292 10.0 7.536129233194515
1457.0542036933286 739.8173416672756 10.0 7.552802933147177
1456.8592809175907 739.7838219533576 10.0 7.569472233299166
1456.6639404147961 739.7502278910814 10.0 7.586139833088964
1456.4681823902745 739.716559515416 10.0 7.602810133248568
1456.2720070496923 739.6828168613923 10.0 7.619576233206317
1456.0754145990527 739.6489999641035 10.0 7.636251833289862
1455.8784052446936 739.6151088587045 10.0 7.652924733236432
1455.6809791932874 739.5811435804121 10.0 7.669596833176911
1455.4831366518404 739.5471041645047 10.0 7.6862655330915
1455.2848778276914 739.5129906463222 10.0 7.702941533178091
1455.0862029285115 739.4788030612659 10.0 7.719614533241838
1454.887112162303 739.4445414447982 10.0 7.73628713330254
1454.6876057373986 739.4102058324427 10.0 7.7531287332531065
1454.48768386246 739.3757962597837 10.0 7.769802133087069
1454.2873467464783 739.3413127624665 10.0 7.786501733120531
1454.086594598772 739.3067553761969 10.0 7.803172933170572
1453.8854276289874 739.2721241367414 10.0 7.8198474331293255
1453.6838460470963 739.2374190799266 10.0 7.836516733281314
1453.4818500633965 739.2026402416394 10.0 7.853212533285841
1453.27943988851 739.167787657827 10.0 7.869888833258301
1453.076615733383 739.1328613644963 10.0 7.886681133182719
1452.8733778092844 739.0978613977139 10.0 7.903356533264741
1452.6697263278054 739.0627877936063 10.0 7.920023933285847
1452.4656615008585 739.0276405883593 10.0 7.9378226331900805
1452.2611835406765 738.9924198182182 10.0 7.95463433326222
1452.0562926598122 738.9571255194874 10.0 7.971301533281803
1451.8509890711373 738.9217577285303 10.0 7.988010033266619
1451.645272987841 738.8863164817695 10.0 8.004678633296862
1451.4391446234304 738.8508018156862 10.0 8.021355333272368
1451.2326041917283 738.8152137668202 10.0 8.038028433220461
1451.0256519068737 738.7795523717699 10.0 8.054701833287254
1450.8182879833196 738.743817667192 10.0 8.071375333238393
1450.6105126358334 738.7080096898015 10.0 8.088044233154505
1450.4023260794954 738.6721284763713 10.0 8.10471703321673
1450.193728529698 738.6361740637323 10.0 8.121392033295706
1449.9847202021454 738.6001464887731 10.0 8.138059133198112
1449.7753013128518 738.5640457884402 10.0 8.154728133231401
1449.5654720781413 738.5278719997373 10.0 8.171469933120534
1449.3552327146472 738.4916251597255 10.0 8.188139733159915
1449.1445834393105 738.4553053055231 10.0 8.204815233126283
1448.9335244693798 738.4189124743057 10.0 8.221489833202213
1448.7220560224096 738.3824467033054 10.0 8.238162133144215
1448.51017831626 738.3459080298113 10.0 8.25483013316989
1448.2978915690962 738.309296491169 10.0 8.271498933201656
1448.0851959993872 738.2726121247807 10.0 8.288171133259311
1447.8720918259048 738.2358549681048 10.0 8.304846133105457
1447.6585792677233 738.199025058656 10.0 8.321586133213714
1447.444658544218 738.162122434005 10.0 8.338256233138964
1447.230329875065 738.1251471317784 10.0 8.354930333094671
1447.01559348024 738.0880991896584 10.0 8.371607133187354
1446.8004495800178 738.0509786453828 10.0 8.388304133201018
1446.5848983949709 738.0137855367451 10.0 8.404975633136928
1446.3689401459692 737.976519901594 10.0 8.421650133095682
1446.1525750541787 737.9391817778331 10.0 8.438317333115265
1445.935803341061 737.9017712034214 10.0 8.454987333156168
1445.7186252283727 737.8642882163725 10.0 8.471654333174229
1445.5010409381637 737.8267328547548 10.0 8.488841533195227
1445.2830506927771 737.7891051566913 10.0 8.50551013322547
1445.064654714848 737.7514051603594 10.0 8.522229933179915
1444.8458532273032 737.7136329039907 10.0 8.539124033180997
1444.6266464533596 737.6757884258711 10.0 8.555791433202103
1444.4070346165238 737.6378717643404 10.0 8.572841833112761
1444.1870179405912 737.5998829577921 10.0 8.589511533267796
1443.966596649645 737.5618220446737 10.0 8.606358233140782
1443.7457709680557 737.5236890634859 10.0 8.623032933101058
1443.5245411204799 737.485484052783 10.0 8.639705833280459
1443.3029073318594 737.4472070511725 10.0 8.656378233106807
1443.080869827421 737.408858097315 10.0 8.673045333242044
1442.8584288326751 737.370437229924 10.0 8.689717233181
1442.6355845734145 737.331944487766 10.0 8.70718303322792
1442.4123372757144 737.29337990966 10.0 8.723856633296236
1442.1886871659312 737.2547435344774 10.0 8.740524733206257
1441.9646344707014 737.2160354011422 10.0 8.757235533092171
1441.7401794169411 737.1772555486306 10.0 8.773908333154395
1441.5153222318452 737.1384040159705 10.0 8.790581633104011
1441.290063142886 737.0994808422423 10.0 8.807402433129027
1441.0644023778134 737.0604860665777 10.0 8.824079333106056
1440.8383401646524 737.0214197281601 10.0 8.840753633296117
1440.6118767317041 736.9822818662246 10.0 8.85742563311942
1440.3850123075435 736.9430725200575 10.0 8.874097533291206
1440.1577471210196 736.9037917289962 10.0 8.890768033219501
1439.9300814012536 736.8644395324293 10.0 8.907440733164549
1439.7020153776389 736.8250159697961 10.0 8.924114033114165
1439.4735492798397 736.7855210805868 10.0 8.94079103320837
1439.2446833377905 736.7459549043419 10.0 8.957466633291915
1439.015417781695 736.7063174806527 10.0 8.974142433144152
1438.7857528420254 736.6666088491606 10.0 8.990812933305278
1438.5556887495216 736.6268290495572 10.0 9.007487633265555
1438.3252257351899 736.5869781215838 10.0 9.024179933127016
1438.094364030303 736.5470561050321 10.0 9.040854733204469
1437.8631038663984 736.507063039743 10.0 9.057575633283705
1437.6314454752778 736.4669989656072 10.0 9.074254433158785
1437.3993890890063 736.4268639225647 10.0 9.090928833233193
1437.1669349399115 736.3866579506048 10.0 9.107657033251598
1436.9340832605826 736.3463810897657 10.0 9.124329233309254
1436.7008342838697 736.3060333801349 10.0 9.141030333237723
1436.467188242883 736.2656148618483 10.0 9.157699333271012
1436.2331453709912 736.2251255750909 10.0 9.174369633197784
1435.9987059018222 736.184565560096 10.0 9.191042233258486
1435.7638700692603 736.1439348571449 10.0 9.207709533162415
1435.528638107447 736.1032335065676 10.0 9.224379233084619
1435.2930102507796 736.0624615487418 10.0 9.241048933239654
1435.0569867339098 736.0216190240934 10.0 9.257973933126777
1434.8205677917433 735.980705973096 10.0 9.275197033304721
1434.5837536594393 735.9397224362705 10.0 9.291866833111271
1434.346544572409 735.8986684541856 10.0 9.308536533266306
1434.108940766315 735.8575440674571 10.0 9.325207333313301
1433.8709424770711 735.8163493167481 10.0 9.341892033116892
1433.6325499408404 735.7750842427686 10.0 9.358568633208051
1433.3937633940345 735.7337488862755 10.0 9.375237233238295
1433.1545830733137 735.6923432880725 10.0 9.391913733212277
1432.915009215585 735.6508674890096 10.0 9.408585333265364
1432.6750420580022 735.6093215299834 10.0 9.425319933099672
1432.434681837964 735.5677054519367 10.0 9.441989233251661
1432.193928793114 735.5260192958585 10.0 9.458660933189094
1431.95278316134 735.4842631027836 10.0 9.475333533249795
1431.711245180772 735.4424369137928 10.0 9.49200263316743
1431.4693150897826 735.4005407700124 10.0 9.508676333120093
1431.2269931269855 735.3585747126142 10.0 9.525346133159474
1430.9842795312343 735.3165387828154 10.0 9.54202253324911
1430.741174541623 735.2744330218785 10.0 9.558699233224615
1430.4976783974835 735.232257471111 10.0 9.575366133125499
1430.2537913383858 735.1900121718652 10.0 9.5920390333049
1430.0095136041368 735.1476971655383 10.0 9.608711333246902
1429.7648454347795 735.105312493572 10.0 9.625387333100662
1429.5197870705924 735.0628581974527 10.0 9.642063733190298
1429.2743387520882 735.0203343187108 10.0 9.65874053328298
1429.028500720013 734.9777408989208 10.0 9.67566873319447
1428.7822732153456 734.9350779797018 10.0 9.692400733241811
1428.5356564792971 734.892345602716 10.0 9.709069533273578
1428.2886507533092 734.8495438096697 10.0 9.725739033194259
1428.0412562790539 734.8066726423128 10.0 9.7424102332443
1427.7934732984322 734.7637321424386 10.0 9.759083933196962
1427.545302053574 734.7207223518834 10.0 9.775755633134395
1427.2967427868364 734.6776433125269 10.0 9.792597933206707
1427.0477957408034 734.6344950662917 10.0 9.809267433127388
1426.7984611582851 734.5912776551431 10.0 9.82607203326188
1426.548739282316 734.5479911210891 10.0 9.8427494331263
1426.2986303561556 734.5046355061803 10.0 9.85942013328895
1426.0481346232862 734.4612108525096 10.0 9.876089233206585
1425.7972523274125 734.4177172022119 10.0 9.892826033290476
1425.5459837124613 734.3741545974644 10.0 9.909874133300036
1425.2943290225799 734.3305230804864 10.0 9.926552733173594
1425.0422885021353 734.2868226935385 10.0 9.943229833152145
1424.789862395714 734.2430534789232 10.0 9.959898333298042
1424.5370509481204 734.1992154789843 10.0 9.97657103324309
1424.2838544043766 734.1553087361071 10.0 9.993242533179
1424.030273009721 734.111333292718 10.0 10.009914933238178
1423.7763070096078 734.0672891912841 10.0 10.027016033185646
1423.521956649706 734.0231764743138 10.0 10.043685333104804
1423.2672221758985 733.978995184356 10.0 10.060594433220103
1423.0121038342813 733.9347453640002 10.0 10.07726323325187
1422.7566018711627 733.8904270558761 10.0 10.09396653319709
1422.5007165330626 733.846040302654 10.0 10.110633333213627
1422.2444480667114 733.8015851470443 10.0 10.1273996331729
1421.9877967190491 733.757061631797 10.0 10.144068233203143
1421.7307627372247 733.7124697997021 10.0 10.160775133175775
1421.4733463685955 733.6678096935894 10.0 10.177452233154327
1421.2155478607253 733.623081356328 10.0 10.194553233217448
1420.957367461385 733.5782848308265 10.0 10.211224533151835
1420.6988054185506 733.5334201600326 10.0 10.228032933315262
1420.4398619804026 733.4884873869331 10.0 10.2447087331675
1420.1805373953257 733.4434865545538 10.0 10.261376233305782
1419.9208319119075 733.3984177059591 10.0 10.278269633185118
1419.6607457789373 733.3532808842522 10.0 10.29498023330234
1419.4002792454062 733.3080761325745 10.0 10.312477433122694
1419.1394325605052 733.2628034941058 10.0 10.329205833142623
1418.8782059736252 733.2174630120643 10.0 10.345889333169907
1418.6165997343558 733.172054729706 10.0 10.362716633128002
1418.3546140924843 733.1265786903248 10.0 10.379384033149108
1418.0922492979955 733.0810349372522 10.0 10.396543633192778
1417.8295056010697 733.0354235138574 10.0 10.413255233084783
1417.5663832520831 732.9897444635469 10.0 10.429966933093965
1417.302882501606 732.9439978297647 10.0 10.446642633294687
1417.0390036004028 732.8981836559916 10.0 10.463314733235165
1416.7747467994304 732.8523019857456 10.0 10.479982933262363
1416.5101123498378 732.8063528625814 10.0 10.496991933090612
1416.2451005029648 732.7603363300905 10.0 10.514021733310074
1415.9797115103418 732.7142524319006 10.0 10.530692633241415
1415.7139456236887 732.6681012116761 10.0 10.547820033272728
1415.447803094914 732.6218827131174 10.0 10.564788633259013
1415.1812841761136 732.5755969799612 10.0 10.581549933180213
1414.9143891195708 732.5292440559799 10.0 10.598461533198133
1414.6471181777547 732.4828239849817 10.0 10.615132533246651
1414.3794716033196 732.4363368108105 10.0 10.63210043311119
1414.1114496491045 732.3897825773457 10.0 10.648863233160228
1413.8430525681315 732.343161328502 10.0 10.666081733303145
1413.5742806136057 732.2964731082291 10.0 10.682756333146244
1413.305134038914 732.2497179605119 10.0 10.699426433304325
1413.0356130976245 732.2028959293702 10.0 10.71609663311392
1412.7657180434853 732.1560070588584 10.0 10.732787233311683
1412.4954491304238 732.1090513930657 10.0 10.750026733148843
1412.2248066125462 732.0620289761152 10.0 10.766694133169949
1411.9537907441363 732.0149398521651 10.0 10.783364933216944
1411.6824017796546 731.9677840654069 10.0 10.80004133330658
1411.4106399737377 731.9205616600668 10.0 10.816708833212033
1411.1385055811975 731.8732726804043 10.0 10.833552633179352
1410.8659988570198 731.8259171707128 10.0 10.850221433211118
1410.5931200563646 731.7784951753193 10.0 10.867127233184874
1410.319869434564 731.7310067385841 10.0 10.883794933091849
1410.0462472471222 731.6834519049008 10.0 10.900464133126661
1409.7722537497143 731.6358307186961 10.0 10.917131033260375
1409.4978891981857 731.5881432244294 10.0 10.933807333232835
1409.223153848551 731.5403894665932 10.0 10.950532033108175
1408.9480479569932 731.4925694897127 10.0 10.96720733330585
1408.6725717798631 731.4446833383452 10.0 10.983884133165702
1408.3967255736786 731.3967310570807 10.0 11.000551933189854
1408.1205095951234 731.3487126905414 10.0 11.017223733244464
1407.843924101046 731.3006282833815 10.0 11.033897133311257
1407.56696934846 731.2524778802868 10.0 11.0505651331041
1407.2896455945418 731.2042615259754 10.0 11.06723863328807
1407.0119530966308 731.1559792651966 10.0 11.083911233115941
1406.7338921122284 731.1076311427314 10.0 11.100587733089924
1406.4554628989968 731.059217203392 10.0 11.117255033226684
1406.1766657147584 731.0107374920219 10.0 11.133928133174777
1405.8975008174953 730.9621920534954 10.0 11.151371033163741
1405.6179684653475 730.913580932718 10.0 11.168054833309725
1405.3380689166136 730.8649041746256 10.0 11.18472873326391
1405.0578024297483 730.8161618241849 10.0 11.201407633256167
1404.7771692633628 730.7673539263928 10.0 11.218077333178371
1404.4961696762232 730.718480526277 10.0 11.234749133232981
1404.2148039272504 730.6695416688946 10.0 11.2514198331628
1403.9330722755187 730.6205373993333 10.0 11.26809133309871
1403.6509749802553 730.5714677627105 10.0 11.284890533192083
1403.3685123008393 730.5223328041732 10.0 11.301578533137217
1403.0856844968007 730.4731325688979 10.0 11.318247833289206
1402.8024918278202 730.4238671020906 10.0 11.334939633263275
1402.5189345537274 730.3745364489868 10.0 11.351612233091146
1402.2350129345011 730.3251406548507 10.0 11.368279633112252
1401.9507272302678 730.2756797649757 10.0 11.385070933261886
1401.666077701301 730.226153824684 10.0 11.401743833208457
1401.3810646080203 730.1765628793265 10.0 11.418697733199224
1401.095688210991 730.1269069742825 10.0 11.435374633176252
1400.8099487709226 730.0771861549599 10.0 11.452049833256751
1400.5238465486682 730.0274004667946 10.0 11.468720333185047
1400.2373818052245 729.9775499552508 10.0 11.485391733236611
1399.9505548017296 729.9276346658205 10.0 11.502060633152723
1399.6633657994635 729.8776546440237 10.0 11.518742333166301
1399.3758150598462 729.8276099354077 10.0 11.53541783313267
1399.0879028444378 729.7775005855477 10.0 11.552092333091423
1398.7996294149368 729.727326640046 10.0 11.56875943322666
1398.51099503318 729.6770881445324 10.0 11.585428633261472
1398.2219999611416 729.6267851446634 10.0 11.602180333109573
1397.932644460932 729.5764176861227 10.0 11.618853933177888
1397.6429287947967 729.5259858146208 10.0 11.63552793324925
1397.352853225117 729.4754895758947 10.0 11.652203533099964
1397.0624180144077 729.424929015708 10.0 11.66888053319417
1396.7716234253169 729.3743041798506 10.0 11.685554133262485
1396.4804697206246 729.3236151141385 10.0 11.70222213328816
1396.1889571632428 729.272861864414 10.0 11.719326133141294
1395.8970860162142 729.2220444765453 10.0 11.736002433113754
1395.6048565427113 729.1711629964261 10.0 11.75266953324899
1395.3122690060359 729.120217469976 10.0 11.76934023317881
1395.019323669618 729.0692079431399 10.0 11.786013933131471
1394.726020797015 729.0181344618882 10.0 11.802696933271363
1394.4323606519117 728.9669970722164 10.0 11.81936713331379
1394.1383434981178 728.9157958201451 10.0 11.836072733160108
1393.843969599569 728.8645307517199 10.0 11.852740433299914
1393.5492392203246 728.813201913011 10.0 11.86940753320232
1393.254152624568 728.7618093501131 10.0 11.886307233246043
1392.958710076605 728.7103531091459 10.0 11.902979733189568
1392.6629118408634 728.6588332362529 10.0 11.919654633151367
1392.366758181892 728.6072497776021 10.0 11.936322233173996
1392.0702493643598 728.5556027793854 10.0 11.95299813314341
1391.7733856530558 728.5038922878186 10.0 11.969670933205634
1391.4761673128874 728.4521183491414 10.0 11.986341333249584
1391.1785946088796 728.4002810096171 10.0 12.003017333103344
1390.880667806175 728.3483803155323 10.0 12.019694833084941
1390.5823871700325 728.2964163131971 10.0 12.036476633278653
1390.2837529658261 728.244389048945 10.0 12.053151433123276
1389.984765459045 728.192298569132 10.0 12.069826333085075
1389.6854249152923 728.1401449201376 10.0 12.086494433227926
1389.3857316002839 728.0879281483635 10.0 12.103166733169928
1389.0856857798483 728.0356483002346 10.0 12.120152633171529
1388.7852877199255 727.9833054221978 10.0 12.136840933235362
1388.4845376865665 727.9308995607227 10.0 12.153508733259514
1388.183435945932 727.8784307623008 10.0 12.170183633221313
1387.8819827642917 727.825899073446 10.0 12.186859833309427
1387.5801784080245 727.7733045406937 10.0 12.203528633108363
1387.278023143616 727.7206472106016 10.0 12.220203233184293
1386.9755172376595 727.6679271297485 10.0 12.237152433255687
1386.6726609568534 727.6151443447351 10.0 12.253825233085081
1386.369454568002 727.5622989021832 10.0 12.270493433112279
1386.0658983380142 727.509390848736 10.0 12.287243933184072
1385.7619925339022 727.4564202310576 10.0 12.30391943315044
1385.4577374227813 727.4033870958331 10.0 12.320603833300993
1385.1531332718687 727.3502914897684 10.0 12.33727853326127
1384.848180348483 727.2971334595902 10.0 12.353950333315879
1384.542878920044 727.2439130520455 10.0 12.370622833259404
1384.2372292540704 727.1906303139018 10.0 12.387296633096412
1383.9312316181804 727.1372852919467 10.0 12.403964633122087
1383.6248862800903 727.083878032988 10.0 12.420640033204108
1383.3181935076138 727.0304085838534 10.0 12.437312033260241
1383.0111535686615 726.9768769913904 10.0 12.45397963328287
1382.7037667312395 726.9232833024664 10.0 12.470653733238578
1382.3960332634495 726.869627563968 10.0 12.487353433156386
1382.0879534334872 726.8159098228014 10.0 12.630004133097827
1381.779527509642 726.7621301258919 10.0 12.651531666517258
1381.4707557602965 726.708288520184 10.0 12.668784766457975
1381.1616384539245 726.6543850526415 10.0 12.68545386660844
