1499.9998812569468 746.9999948892754 5.0 0.07340380013920367
1499.9995250544032 746.9999794035759 5.0 0.2838000333867967
1499.998931431126 746.9999531023294 5.0 0.31804943340830505
1499.9981004243723 746.9999155637712 5.0 0.33471873332746327
1499.9970320699695 746.9998663841424 5.0 0.35139153338968754
1499.9957264023822 746.9998051769213 5.0 0.36832793336361647
1499.9941834547772 746.9997315720886 5.0 0.38531493325717747
1499.992403259084 746.9996452154234 5.0 0.4019903333391994
1499.9903858460548 746.999545767829 5.0 0.4186638332903385
1499.98813124532 746.9994329046885 5.0 0.43538453336805105
1499.9856394854419 746.9993063152472 5.0 0.4520526332780719
1499.982910593968 746.9991657020206 5.0 0.46872303332202137
1499.9799445974786 746.9990107802296 5.0 0.48539553326554596
1499.9767415216354 746.998841277258 5.0 0.5020654334221035
1499.973301391226 746.9986569321342 5.0 0.5187611333094537
1499.9696242302077 746.9984574950345 5.0 0.5354325333610177
1499.9657100617494 746.9982427268079 5.0 0.5521081334445626
1499.9615589082707 746.9980123985212 5.0 0.5689466332551092
1499.9571707914802 746.9977662910228 5.0 0.5856361333280802
1499.9525457324119 746.9975041945266 5.0 0.6026727333664894
1499.9476837514605 746.9972259082123 5.0 0.6193479334469885
1499.9425848684145 746.9969312398429 5.0 0.6372868332546204
1499.9372491024878 746.9966200053996 5.0 0.6539609334431589
1499.931676472351 746.9962920287309 5.0 0.6706314333714545
1499.9258669961603 746.9959471412177 5.0 0.6873068334534764
1499.9198206915853 746.9955851814522 5.0 0.7039871334563941
1499.9135375758367 746.9952059949305 5.0 0.721109633333981
1499.9070176656912 746.9948094337589 5.0 0.73787603341043
1499.9002609775166 746.9943953563715 5.0 0.7550048334524035
1499.8932675272952 746.9939636272613 5.0 0.7716781334020197
1499.8860373306459 746.993514116722 5.0 0.7883558333851397
1499.8785704028464 746.9930467006008 5.0 0.8050299333408475
1499.870866758854 746.9925612600615 5.0 0.8217058333102614
1499.8629264133247 746.9920576813591 5.0 0.838375533465296
1499.8547493806325 746.9915358556221 5.0 0.8550640332978219
1499.8463356748878 746.9909956786455 5.0 0.8717405332718045
1499.8376853099542 746.9904370506918 5.0 0.8884149333462119
1499.8287982994655 746.989859876301 5.0 0.9050854332745075
1499.8196746568417 746.9892640641089 5.0 0.9217577334493399
1499.810314395304 746.9886495266719 5.0 0.9385922334622592
1499.800717527889 746.9880161803014 5.0 0.9554935332853347
1499.7908840674634 746.987363944903 5.0 0.972166333347559
1499.780814026737 746.986692743824 5.0 0.9888345333747566
1499.7705074182757 746.9860025037075 5.0 1.0055046333000064
1499.759964254513 746.9852931543512 5.0 1.0221762333530933
1499.749184547763 746.9845646285743 5.0 1.0388468333985656
1499.73816831023 746.9838168620885 5.0 1.0555195333436131
1499.726915554021 746.9830497933751 5.0 1.072189333382994
1499.7154262911542 746.9822633635677 5.0 1.0888624333310872
1499.7037005335706 746.9814575163389 5.0 1.1055292333476245
1499.691738293142 746.980632197793 5.0 1.1221962333656847
1499.6795395816805 746.9797873563626 5.0 1.138870833441615
1499.6671044109473 746.9789229427096 5.0 1.15554303326644
1499.654432792661 746.9780389096304 5.0 1.184148733271286
1499.6415247385053 746.977135211966 5.0 1.2008965334389359
1499.6283802601363 746.9762118065146 5.0 1.2175732334144413
1499.6149993691904 746.9752686519489 5.0 1.2342419333290309
1499.6013820772907 746.9743057087364 5.0 1.2509127333760262
1499.5875283960538 746.9733229390637 5.0 1.267589133232832
1499.5734383370961 746.9723203067631 5.0 1.2842576333787292
1499.5591119120404 746.9712977772435 5.0 1.3009245332796127
1499.5445491325206 746.9702553174232 5.0 1.3175944334361702
1499.5297500101883 746.9691928956661 5.0 1.3342623333446681
1499.5147145567175 746.9681104817206 5.0 1.3509331333916634
1499.4994427838103 746.967008046661 5.0 1.3676019334234297
1499.4839347032014 746.9658855628314 5.0 1.3842751332558692
1499.4681903266626 746.9647430037923 5.0 1.4009514334611595
1499.4522096660073 746.9635803442684 5.0 1.4176277334336191
1499.4359927330956 746.9623975601006 5.0 1.4343011332675815
1499.4195395398374 746.9611946281981 5.0 1.450971233425662
1499.4028500981963 746.9599715264934 5.0 1.4676453333813697
1499.3859244201942 746.9587282338994 5.0 1.4843140332959592
1499.3687625179145 746.9574647302677 5.0 1.500986033352092
1499.3513644035052 746.9561809963498 5.0 1.5180317333433777
1499.3337300891824 746.9548770137583 5.0 1.534705033292994
1499.3158595872335 746.9535527649313 5.0 1.5513763334602118
1499.2977529100203 746.9522082330975 5.0 1.5680495332926512
1499.2794100699819 746.950843402243 5.0 1.584721333347261
1499.2608310796368 746.9494582570793 5.0 1.6013919333927333
1499.2420159515866 746.9480527830134 5.0 1.6184753333218396
1499.222964698518 746.946626966118 5.0 1.635149733396247
1499.2036773332047 746.945180793104 5.0 1.6519937333650887
1499.1841538685107 746.9437142512937 5.0 1.6686660333070904
1499.1643943173917 746.9422273285954 5.0 1.6853368333540857
1499.1443986928978 746.9407200134785 5.0 1.7020064333919436
1499.1241670081747 746.9391922949504 5.0 1.7186760334298015
1499.103699276467 746.9376441625341 5.0 1.7353466332424432
1499.0829955111187 746.9360756062463 5.0 1.752076833276078
1499.0620557255754 746.9344866165776 5.0 1.7687512333504856
1499.0408799333863 746.9328771844721 5.0 1.7855579333845526
1499.0194681482058 746.9312473013089 5.0 1.8023211334366351
1498.9978203837945 746.9295969588841 5.0 1.8189981332980096
1498.9759366540213 746.9279261493932 5.0 1.835664933314547
1498.9538169728642 746.926234865415 5.0 1.8523374332580715
1498.9314613544122 746.9245230998956 5.0 1.8690107334405184
1498.908869812867 746.9227908461331 5.0 1.8856778333429247
1498.8860423625422 746.9210380977634 5.0 1.9023540334310383
1498.8629790178672 746.9192648487458 5.0 1.9190245333593339
1498.8396797933867 746.9174710933505 5.0 1.9357002333272249
1498.816144703762 746.9156568261452 5.0 1.952371733263135
1498.7923737637718 746.9138220419832 5.0 1.969081633258611
1498.7683669883145 746.9119667359915 5.0 1.9857604333665222
1498.7441243924072 746.9100909035602 5.0 2.002462833421305
1498.719645991188 746.9081945403311 5.0 2.019139933399856
1498.6949317999163 746.9062776421881 5.0 2.03584623336792
1498.6699818339741 746.9043402052469 5.0 2.0525143332779408
1498.644796108866 746.9023822258458 5.0 2.069182433420792
1498.619374640221 746.900403700537 5.0 2.085855033248663
1498.5937174437918 746.8984046260776 5.0 2.10252833343111
1498.5678245354568 746.8963849994217 5.0 2.119195833336562
1498.5416959312201 746.8943448177121 5.0 2.1358679332770407
1498.5153316472124 746.8922840782732 5.0 2.1525370334275067
1498.4887316996915 746.8902027786037 5.0 2.1692735333926976
1498.4618961050423 746.8881009163694 5.0 2.1863435334526002
1498.4348248797787 746.885978489397 5.0 2.2030207333154976
1498.4075180405425 746.8838354956673 5.0 2.219719433458522
1498.379975604105 746.8816719333097 5.0 2.236401333240792
1498.3521975873675 746.8794878005958 5.0 2.253147433279082
1498.3241840073606 746.8772830959343 5.0 2.2698224333580583
1498.295934881246 746.8750578178656 5.0 2.286495133303106
1498.2674502263162 746.8728119650564 5.0 2.303161933319643
1498.2387300599949 746.870545536295 5.0 2.319833833258599
1498.2097743998374 746.8682585304871 5.0 2.3366077332757413
1498.1805832635312 746.8659509466504 5.0 2.3539815333206207
1498.151156668896 746.8636227839112 5.0 2.3706490334589034
1498.1214946338844 746.8612740414997 5.0 2.3880696333944798
1498.0915971765814 746.8589047187464 5.0 2.4047393333166838
1498.0614643152062 746.8565148150784 5.0 2.4214764332864434
1498.0310960681106 746.8541043300155 5.0 2.438530133338645
1498.0004924537805 746.8516732631671 5.0 2.4554246333427727
1497.969653490836 746.8492216142284 5.0 2.4720927332527936
1497.9385791980312 746.846749382978 5.0 2.4887743333820254
1497.9072695942548 746.8442565692742 5.0 2.5056615334469825
1497.8757246985301 746.8417431730525 5.0 2.5223294333554804
1497.8439445300153 746.8392091943226 5.0 2.5389985332731158
1497.8119291080036 746.8366546331661 5.0 2.555665333289653
1497.7796784519237 746.8340794897333 5.0 2.572334533324465
1497.7471925813393 746.8314837642417 5.0 2.5890031333547086
1497.71447151595 746.8288674569728 5.0 2.6056714332662523
1497.681515275591 746.8262305682705 5.0 2.622343633323908
1497.6483238802332 746.8235730985385 5.0 2.639065333409235
1497.6148973499835 746.8208950482386 5.0 2.6559943333268166
1497.5812357050852 746.8181964178887 5.0 2.672668533399701
1497.5473389659173 746.8154772080605 5.0 2.6893360333051533
1497.5132071529956 746.8127374193787 5.0 2.7060095332562923
1497.4788402869722 746.809977052518 5.0 2.722679033409804
1497.4442383886353 746.8071961082026 5.0 2.739472333341837
1497.4094014789105 746.8043945872038 5.0 2.7561394332442433
1497.3743295788593 746.801572490339 5.0 2.772807033266872
1497.3390227096802 746.7987298184703 5.0 2.7894775334279984
1497.3034808927089 746.7958665725024 5.0 2.806153833400458
1497.2677041494173 746.7929827533823 5.0 2.8228306332603097
1497.231692501415 746.7900783620972 5.0 2.8394988332875073
1497.195445970448 746.7871533996739 5.0 2.856176933273673
1497.1589645783997 746.7842078671772 5.0 2.8728495333343744
1497.1222483472905 746.781241765709 5.0 2.8895173333585262
1497.085297299278 746.7782550964071 5.0 2.9061921334359795
1497.0481114566567 746.7752478604444 5.0 2.9228640333749354
1497.0106908418586 746.7722200590279 5.0 2.9395314333960414
1496.9730354774529 746.7691716933973 5.0 2.9562027333304286
1496.9351453861457 746.766102764825 5.0 2.972887533251196
1496.8970205907808 746.7630132746142 5.0 2.9895576334092766
1496.8586611143394 746.759903224099 5.0 3.006691433256492
1496.8200669799394 746.7567726146431 5.0 3.0233631334267557
1496.7812382108366 746.753621447639 5.0 3.0400330333504826
1496.742174830424 746.7504497245078 5.0 3.05670743342489
1496.7028768622315 746.7472574466977 5.0 3.073379133362323
1496.6633443299268 746.7440446156843 5.0 3.0900524333119392
1496.6235772573148 746.7408112329691 5.0 3.10693023330532
1496.5835756683377 746.7375573000795 5.0 3.1236028333660215
1496.543339587075 746.734282818568 5.0 3.140277433441952
1496.5028690377435 746.7309877900113 5.0 3.1570976334623992
1496.4621640446971 746.7276722160105 5.0 3.1737917333375663
1496.4212246324275 746.7243360981901 5.0 3.190480133285746
1496.3800508255633 746.7209794381973 5.0 3.2071550332475454
1496.3386426488703 746.7176022377023 5.0 3.2238217333797365
1496.2970001272515 746.7142044983971 5.0 3.240488533396274
1496.2551232857475 746.7107862219955 5.0 3.257324133301154
1496.2130121495356 746.7073474102325 5.0 3.2739932334516197
1496.1706667439305 746.703888064864 5.0 3.290663233259693
1496.128087094384 746.7004081876664 5.0 3.3073374333325773
1496.0852732264848 746.6969077804362 5.0 3.3240109332837164
1496.042225165959 746.6933868449895 5.0 3.3406782334204763
1495.9989429386694 746.6898453831623 5.0 3.358235733350739
1495.955426570616 746.6862833968092 5.0 3.374908833298832
1495.9116760879358 746.6827008878042 5.0 3.3920076333452016
1495.8676915169026 746.6790978580394 5.0 3.4086816334165633
1495.823472883927 746.6754743094253 5.0 3.4254126334562898
1495.7790202155566 746.6718302438906 5.0 3.4420845333952457
1495.7343335384758 746.6681656633813 5.0 3.458751633297652
1495.6894128795057 746.6644805698612 5.0 3.475427233381197
1495.6442582656039 746.6607749653115 5.0 3.4920952334068716
1495.5988697238652 746.6570488517301 5.0 3.5088153332471848
1495.5532472815205 746.6533022311319 5.0 3.5254866334144026
1495.5073909659377 746.6495351055484 5.0 3.5421628332696855
1495.4613008046208 746.6457474770275 5.0 3.5588338333182037
1495.4149768252107 746.6419393476333 5.0 3.5755052333697677
1495.3684190554843 746.6381107194461 5.0 3.592179933330044
1495.3216275233553 746.6342615945618 5.0 3.608881733380258
1495.2746022568735 746.6303919750923 5.0 3.625557533465326
1495.2273432842248 746.6265018631647 5.0 3.6422267332673073
1495.1798506337318 746.6225912609218 5.0 3.6588937332853675
1495.1321243338527 746.6186601705215 5.0 3.6755631333217025
1495.0841644131824 746.6147085941368 5.0 3.692233133362606
1495.0359709004513 746.6107365339557 5.0 3.7089079334400594
1494.987543824526 746.606743992181 5.0 3.725732733262703
1494.9388832144093 746.6027309710303 5.0 3.7424029333051294
1494.8899890992395 746.5986974727356 5.0 3.759075133362785
1494.8408615082908 746.5946434995435 5.0 3.7764177334029227
1494.7915004709732 746.5905690537151 5.0 3.7930844333022833
1494.7419060168324 746.5864741375254 5.0 3.809758933261037
1494.6920781755498 746.582358753264 5.0 3.826645733322948
1494.6420169769422 746.5782229032342 5.0 3.8444337332621217
1494.5917224509622 746.5740665897533 5.0 3.861108733341098
1494.5411946276975 746.5698898151527 5.0 3.8781150332652032
1494.4904335373712 746.5656925817774 5.0 3.8947818332817405
1494.4394392103422 746.5614748919862 5.0 3.911472333362326
1494.388211677104 746.5572367481515 5.0 3.92814203328453
1494.3367509682857 746.5529781526591 5.0 3.944811133434996
1494.2850571146514 746.5486991079085 5.0 3.9614803332369775
1494.2331301471002 746.5443996163126 5.0 3.9781511332839727
1494.180970096666 746.5400796802975 5.0 3.9948202334344387
1494.128576994518 746.5357393023025 5.0 4.011487733339891
1494.07595087196 746.5313784847805 5.0 4.028163533424959
1494.0230917604308 746.526997230197 5.0 4.044983433326706
1493.9699996915037 746.5225955410311 5.0 4.0616567332763225
1493.9166746968867 746.5181734197746 5.0 4.078340633306652
1493.8631168084223 746.5137308689325 5.0 4.095012933248654
1493.8093260580874 746.5092678910225 5.0 4.111685833428055
1493.7553024779936 746.5047844885754 5.0 4.1283527333289385
1493.7010461003865 746.5002806641347 5.0 4.145021733362228
1493.6465569576465 746.4957564202567 5.0 4.161692033289
1493.5918350822874 746.4912117595105 5.0 4.178367833374068
1493.536880506958 746.4866466844779 5.0 4.195036833407357
1493.4816932644403 746.4820611977533 5.0 4.2117305332794785
1493.4262733876512 746.4774553019437 5.0 4.228402533335611
1493.3706209096408 746.4728289996686 5.0 4.245134133379906
1493.3147358635933 746.4681822935605 5.0 4.261806633323431
1493.2586182828265 746.4635151862639 5.0 4.278482133289799
1493.202268200792 746.4588276804358 5.0 4.295157733373344
1493.1456856510752 746.4541197787458 5.0 4.3118299334309995
1493.0888706673943 746.4493914838761 5.0 4.328507833415642
1493.0318232836019 746.4446427985208 5.0 4.345184833277017
1492.9745435336831 746.4398737253867 5.0 4.361900633433834
1492.9170314517569 746.4350842671929 5.0 4.378575533395633
1492.8592870720754 746.4302744266706 5.0 4.395263433456421
1492.8013104290235 746.4254442065634 5.0 4.411930933361873
1492.7431015571194 746.420593609627 5.0 4.428611733252183
1492.6846604910145 746.4157226386294 5.0 4.445288633462042
1492.6259872654925 746.4108312963509 5.0 4.4619610332883894
1492.5670819154705 746.4059195855838 5.0 4.478631433332339
1492.5079444759979 746.4009875091325 5.0 4.495623333379626
1492.448574982257 746.3960350698137 5.0 4.512306533288211
1492.3889734695626 746.391062270456 5.0 4.528979433234781
1492.329139973362 746.3860691139001 5.0 4.545656133443117
1492.2690745292348 746.3810556029989 5.0 4.562324833357707
1492.208777172893 746.3760217406171 5.0 4.578996033407748
1492.148247940181 746.3709675296317 5.0 4.595670933369547
1492.0874868670749 746.3658929729313 5.0 4.61235363339074
1492.0264939896833 746.3607980734167 5.0 4.629026333335787
1491.9652693442467 746.3556828340008 5.0 4.645693833241239
1491.9038129671374 746.3505472576082 5.0 4.6623643334023654
1491.8421248948594 746.3453913471755 5.0 4.679054933367297
1491.7802051640488 746.340215105651 5.0 4.695723133394495
1491.718053811473 746.3350185359953 5.0 4.712396533461288
1491.655670874031 746.3298016411806 5.0 4.729075533337891
1491.5930563887537 746.3245644241908 5.0 4.746123233344406
1491.530210392803 746.3193068880221 5.0 4.762830533320084
1491.4671329234718 746.314029035682 5.0 4.7795013333670795
1491.4038240181849 746.3087308701902 5.0 4.7962758333887905
1491.340283714498 746.3034123945779 5.0 4.8129475333262235
1491.2765120500974 746.2980736118883 5.0 4.8296594333369285
1491.212509062801 746.2927145251763 5.0 4.846337833441794
1491.1482747905573 746.2873351375085 5.0 4.863013633294031
1491.0838092714453 746.2819354519634 5.0 4.88010033336468
1491.019112543675 746.2765154716309 5.0 4.896768833277747
1490.954184645587 746.2710751996129 5.0 4.913445633370429
1490.8890256156524 746.2656146390229 5.0 4.930114233400673
1490.8236354924725 746.260133792986 5.0 4.947000633459538
1490.758014314779 746.2546326646392 5.0 4.9666151334531605
1490.6921621214342 746.249111257131 5.0 4.983282533241436
1490.6260789514301 746.2435695736214 5.0 4.999959433451295
1490.559764843889 746.2380076172823 5.0 5.016632133396342
1490.4932198380632 746.2324253912972 5.0 5.0333033334463835
1490.4264439733347 746.2268228988611 5.0 5.049979233415797
1490.3594372892153 746.2212001431807 5.0 5.067440233426169
1490.2921998253466 746.2155571274742 5.0 5.084113533375785
1490.2247316214998 746.2098938549714 5.0 5.101073433412239
1490.1570327175757 746.2042103289136 5.0 5.1177436334546655
1490.0891031536041 746.198506552554 5.0 5.134419733425602
1490.0209429697445 746.192782529157 5.0 5.151096433401108
1489.9525522062856 746.1870382619984 5.0 5.167769033461809
1489.883930903645 746.1812737543661 5.0 5.18450863333419
1489.8150791023697 746.175489009559 5.0 5.201177833369002
1489.7459968431353 746.1696840308877 5.0 5.217868133448064
1489.6766841667466 746.1638588216742 5.0 5.2345457333140075
1489.6071411141365 746.1580133852524 5.0 5.25121323345229
1489.5373677263676 746.152147724967 5.0 5.267887733411044
1489.4673640446301 746.1462618441747 5.0 5.284563433378935
1489.397130110243 746.1403557462434 5.0 5.301302133360878
1489.326665964654 746.1344294345524 5.0 5.31797133339569
1489.2559716494386 746.1284829124928 5.0 5.334642133442685
1489.1850472063009 746.1225161834667 5.0 5.351308933459222
1489.1138926770725 746.1165292508879 5.0 5.367975633358583
1489.0425081037135 746.1105221181814 5.0 5.384652533335611
1488.970893528312 746.1044947887838 5.0 5.401323533384129
1488.8990489930834 746.0984472661429 5.0 5.417997633339837
1488.8269745403709 746.0923795537179 5.0 5.435063433367759
1488.7546702126456 746.0862916549796 5.0 5.451733333291486
1488.682136052506 746.08018357341 5.0 5.468406433239579
1488.6093721026775 746.0740553125023 5.0 5.485076333396137
1488.5363784060137 746.0679068757613 5.0 5.502175233326852
1488.4631550054946 746.061738266703 5.0 5.518854633439332
1488.3897019442277 746.0555494888547 5.0 5.535524633247405
1488.3160192654475 746.0493405457551 5.0 5.552192233270034
1488.2421070125151 746.0431114409541 5.0 5.56886443332769
1488.1679652289188 746.036862178013 5.0 5.58553903340362
1488.0935939582732 746.0305927605044 5.0 5.60221083345823
1488.01899324432 746.024303192012 5.0 5.618883533403277
1487.9441631309269 746.0179934761309 5.0 5.635559433372691
1487.8691036620883 746.0116636164674 5.0 5.652234333334491
1487.7938148819246 746.0053136166393 5.0 5.669262133305892
1487.7182968346829 745.9989434802753 5.0 5.685929233441129
1487.6425495647359 745.9925532110154 5.0 5.7026028332766145
1487.5665731165825 745.9861428125109 5.0 5.719281833386049
1487.4903675348473 745.9797122884244 5.0 5.735948733286932
1487.413932864281 745.9732616424294 5.0 5.7526193333324045
1487.3372691497595 745.9667908782109 5.0 5.769294933415949
1487.260376436285 745.960299999465 5.0 5.7859662333503366
1487.1832547689844 745.9537890098989 5.0 5.802633733255789
1487.1059041931105 745.9472579132309 5.0 5.819322633324191
1487.0283247540413 745.9407067131908 5.0 5.83599023334682
1486.9505164972795 745.9341354135192 5.0 5.852665133308619
1486.8724794684533 745.927544017968 5.0 5.869334833463654
1486.7942137133157 745.9209325303001 5.0 5.886202533263713
1486.7157192777447 745.9143009542896 5.0 5.902901733294129
1486.6369962077426 745.9076492937219 5.0 5.919923533452675
1486.558044549437 745.9009775523931 5.0 5.936612833291292
1486.4788643490795 745.8942857341107 5.0 5.953339633299038
1486.399455653046 745.8875738426932 5.0 5.970011433353648
1486.3198185078375 745.8808418819701 5.0 5.986678433371708
1486.2399529600784 745.8740898557822 5.0 6.003349833423272
1486.1598590565175 745.8673177679811 5.0 6.020026333397254
1486.0795368440274 745.8605256224296 5.0 6.036712433444336
1485.998986369605 745.8537134230013 5.0 6.053512133425102
1485.9182076803709 745.8468811735811 5.0 6.070186733268201
1485.8372008235688 745.8400288780648 5.0 6.086863033240661
1485.7559658465664 745.8331565403594 5.0 6.103535333415493
1485.6745027968548 745.8262641643825 5.0 6.1202071332372725
1485.5928117220485 745.8193517540631 5.0 6.13704253337346
1485.5108926698854 745.8124193133409 5.0 6.153716133441776
1485.428745688226 745.8054668461667 5.0 6.17038893327117
1485.346370825054 745.7984943565024 5.0 6.187056833412498
1485.2637681284762 745.7915018483204 5.0 6.203723833430558
1485.1809376467222 745.7844893256046 5.0 6.220391433453187
1485.097879428144 745.7774567923494 5.0 6.237062433268875
1485.0145935212165 745.7704042525605 5.0 6.253740233369172
1484.9310799745367 745.7633317102542 5.0 6.270408833399415
1484.8473388368243 745.7562391694578 5.0 6.2875076334457844
1484.763370156921 745.7491266342096 5.0 6.304181033279747
1484.6791739837906 745.7419941085586 5.0 6.3210144334007055
1484.594750366519 745.734841596565 5.0 6.337745833443478
1484.5100993543142 745.7276691022996 5.0 6.354463233379647
1484.4252209965057 745.720476629844 5.0 6.37113493331708
1484.3401153425448 745.7132641832909 5.0 6.387810633284971
1484.2547824420042 745.7060317667436 5.0 6.404483733233064
1484.1692223445782 745.6987793843165 5.0 6.421159833436832
1484.0834351000826 745.6915070401345 5.0 6.437835233286023
1483.9974207584542 745.6842147383336 5.0 6.4545020333025604
1483.9111793697507 745.6769024830604 5.0 6.4711694333236665
1483.8247109841514 745.6695702784725 5.0 6.487836733460426
1483.7380156519557 745.662218128738 5.0 6.504506133263931
1483.6510934235846 745.6548460380361 5.0 6.521179333329201
1483.563944349579 745.6474540105565 5.0 6.53784973337315
1483.476568480601 745.6400420504998 5.0 6.554516833275557
1483.3889658674323 745.6326101620772 5.0 6.57119303336367
1483.3011365609757 745.6251583495108 5.0 6.588016133289784
1483.2130806122539 745.6176866170334 5.0 6.604885533452034
1483.1247980724097 745.6101949688884 5.0 6.621553733246401
1483.0362889927057 745.6026834093301 5.0 6.638224633410573
1482.9475534245246 745.5951519426233 5.0 6.654919933294877
1482.8585914193684 745.5876005730435 5.0 6.671592733357102
1482.7694030288592 745.580029304877 5.0 6.688261233270168
1482.6799883047383 745.5724381424208 5.0 6.704928933409974
1482.5903472988666 745.5648270899824 5.0 6.721730533288792
1482.500480063224 745.5571961518799 5.0 6.738399933325127
1482.4103866499092 745.5495453324423 5.0 6.755337833426893
1482.320067111141 745.5418746360091 5.0 6.772006333339959
1482.2295214992562 745.5341840669302 5.0 6.788782033370808
1482.1387498667107 745.5264736295663 5.0 6.805457233451307
1482.0477522660788 745.5187433282889 5.0 6.822128233266994
1481.9565287500538 745.5109931674798 5.0 6.838795733405277
1481.865079371447 745.5032231515314 5.0 6.855465033324435
1481.7734041831884 745.4954332848469 5.0 6.872134933248162
1481.6815032383256 745.4876235718395 5.0 6.888805033406243
1481.589376590025 745.4797940169337 5.0 6.905477033462375
1481.4970242915704 745.4719446245641 5.0 6.922149733407423
1481.4044463963635 745.4640753991758 5.0 6.938816433306783
1481.311642957924 745.4561863452246 5.0 6.95548803335987
1481.218614029889 745.4482774671767 5.0 6.972160133300349
1481.1253596660129 745.4403487695088 5.0 6.989513233304024
1481.0318799201675 745.4324002567081 5.0 7.006183233344927
1480.9381748463422 745.4244319332723 5.0 7.022862633457407
1480.8442444986433 745.4164438037095 5.0 7.039530833251774
1480.7500889312937 745.4084358725383 5.0 7.056207933463156
1480.6557081986336 745.4004081442879 5.0 7.072879733284935
1480.5611023551198 745.3923606234976 5.0 7.089551833458245
1480.4662714553256 745.3842933147173 5.0 7.106223533395678
1480.371215553941 745.3762062225073 5.0 7.122894733445719
1480.2759347057722 745.3680993514386 5.0 7.139568033395335
1480.1804289657418 745.359972706092 5.0 7.156237733317539
1480.0846983888882 745.3518262910591 5.0 7.1729063333477825
1479.9887430303663 745.3436601109418 5.0 7.189578633289784
1479.8925629454463 745.3354741703522 5.0 7.206362133380026
1479.7961581895147 745.3272684739131 5.0 7.223029233282432
1479.699528818073 745.3190430262573 5.0 7.239697933429852
1479.602674886739 745.3107978320281 5.0 7.25637173326686
1479.505596451245 745.3025328958792 5.0 7.27304043341428
1479.4082935674394 745.2942482224742 5.0 7.289714633254334
1479.310766291285 745.2859438164875 5.0 7.306388733442873
1479.2130146788602 745.2776196826035 5.0 7.323065633419901
1479.1150387863577 745.269275825517 5.0 7.33983483328484
1479.0168386700852 745.260912249933 5.0 7.356507433345541
1478.9184143864652 745.2525289605668 5.0 7.373183033429086
1478.8197659920345 745.2441259621439 5.0 7.389853833243251
1478.7208935434444 745.2357032594002 5.0 7.4065278333146125
1478.6217970974603 745.2272608570815 5.0 7.423199033364654
1478.5224767109619 745.2187987599442 5.0 7.440068733412772
1478.4229324409425 745.2103169727545 5.0 7.456744333263487
1478.3231643445097 745.2018155002892 5.0 7.473421133356169
1478.2231724788846 745.1932943473348 5.0 7.490096933441237
1478.1229569014022 745.1847535186886 5.0 7.506772633409128
1478.0225176695103 745.1761930191575 5.0 7.523448033258319
1477.921854840771 745.1676128535588 5.0 7.540123633341864
1477.8209684728588 745.1590130267199 5.0 7.556794933276251
1477.7198586235618 745.1503935434783 5.0 7.573464133311063
1477.6185253507808 745.1417544086819 5.0 7.590134433237836
1477.5169687125297 745.1330956271881 5.0 7.606808533426374
1477.4151887669348 745.124417203865 5.0 7.623484233394265
1477.3131855722352 745.1157191435906 5.0 7.640151533298194
1477.2109591867822 745.1070014512527 5.0 7.656987733440474
1477.10850966904 745.0982641317495 5.0 7.673657133243978
1477.0058370775841 745.089507189989 5.0 7.690339733380824
1476.9029414711028 745.0807306308895 5.0 7.707020633388311
1476.7998229083962 745.0719344593792 5.0 7.72369103343226
1476.696481448376 745.0631186803963 5.0 7.740361733362079
1476.5929171500657 745.054283298889 5.0 7.757036133436486
1476.4891300726001 745.0454283198155 5.0 7.7737050333525985
1476.385120275226 745.0365537481441 5.0 7.790381733328104
1476.2808878173007 745.0276595888529 5.0 7.807057433295995
1476.1764327582932 745.0187458469301 5.0 7.823733833385631
1476.0717551577834 745.0098125273738 5.0 7.840441833250225
1475.966855075462 745.000859635192 5.0 7.857117333449423
1475.8617325711305 744.9918871754028 5.0 7.873792833415791
1475.756387704701 744.982895153034 5.0 7.890635933261365
1475.650820536196 744.9738835731233 5.0 7.907384833320975
1475.5450311257487 744.9648524407186 5.0 7.924059233395383
1475.439019533602 744.9558017608773 5.0 7.940734933363274
1475.3327858201096 744.946731538667 5.0 7.957432533381507
1475.2263300457344 744.937641779165 5.0 7.9741068333387375
1475.1196522710495 744.9285324874585 5.0 7.99077883339487
1475.0127525567377 744.9194036686445 5.0 8.007455333368853
1474.9056309635914 744.9102553278298 5.0 8.0241280333139
1474.7982875525122 744.901087470131 5.0 8.04080403340049
1474.690722384511 744.8919001006747 5.0 8.057480133371428
1474.5829355207081 744.882693224597 5.0 8.074147033272311
1474.4749270223328 744.8734668470441 5.0 8.090823733247817
1474.366696950723 744.8642209731719 5.0 8.107514633331448
1474.2582453673258 744.8549556081458 5.0 8.124184033367783
1474.1495723336964 744.8456707571412 5.0 8.141037633409724
1474.040677911499 744.8363664253432 5.0 8.157711133360863
1473.9315621625055 744.8270426179465 5.0 8.174378833267838
1473.8222251485968 744.8176993401557 5.0 8.191053133457899
1473.7126669317613 744.808336597185 5.0 8.207720433361828
1473.6028875740956 744.7989543942582 5.0 8.22439583344385
1473.4928871378038 744.789552736609 5.0 8.241080533247441
1473.3826656851982 744.7801316294807 5.0 8.257751433411613
1473.2722232786982 744.7706910781261 5.0 8.274425033247098
1473.1615599808308 744.7612310878078 5.0 8.29109283327125
1473.0506758542301 744.751751663798 5.0 8.307996733346954
1472.9395709616374 744.7422528113786 5.0 8.324665133375674
1472.828245365901 744.732734535841 5.0 8.341333433287218
1472.716699129976 744.7231968424861 5.0 8.358413933310658
1472.6049323169243 744.7136397366246 5.0 8.37508453335613
1472.4929449899143 744.7040632235767 5.0 8.392265833448619
1472.3807372122212 744.6944673086722 5.0 8.408932933351025
1472.2683090472258 744.6848519972503 5.0 8.425607233308256
1472.1556605584155 744.67521729466 5.0 8.442280833376572
1472.0427918093837 744.6655632062595 5.0 8.458952433429658
1471.9297028638298 744.6558897374168 5.0 8.475623333361
1471.8163937855584 744.6461968935093 5.0 8.492290133377537
1471.7028646384804 744.6364846799239 5.0 8.508966433349997
1471.5891154866117 744.626753102057 5.0 8.525669333292171
1471.4751463940738 744.6170021653144 5.0 8.542341233463958
1471.3609574250934 744.6072318751114 5.0 8.559013333404437
1471.246548644002 744.5974422368729 5.0 8.57568983337842
1471.131920115236 744.5876332560329 5.0 8.59245813335292
1471.017071903337 744.577804938035 5.0 8.6092588333413
1470.9020040729508 744.5679572883324 5.0 8.625928633380681
1470.786716688828 744.5580903123874 5.0 8.642596433404833
1470.6712098158232 744.5482040156719 5.0 8.65935273328796
1470.5554835188957 744.538298403667 5.0 8.67623533331789
1470.4395378631084 744.5283734818632 5.0 8.692902833456174
1470.3233729136284 744.5184292557606 5.0 8.709578533424065
1470.2069887357266 744.5084657308682 5.0 8.726252933265641
1470.090385394777 744.4984829127047 5.0 8.742927133338526
1469.973562956258 744.4884808067981 5.0 8.761807833332568
1469.856521485751 744.4784594186854 5.0 8.778481733286753
1469.7392610489403 744.468418753913 5.0 8.795149033423513
1469.6217817116137 744.4583588180369 5.0 8.811817133333534
1469.504083539662 744.448279616622 5.0 8.828714533243328
1469.386166599078 744.4381811552425 5.0 8.84538713330403
1469.2680309559585 744.4280634394821 5.0 8.86205443344079
1469.1496766765015 744.4179264749334 5.0 8.878729933407158
1469.0311038270083 744.4077702671985 5.0 8.895398533437401
1468.912312473882 744.3975948218886 5.0 8.912104733288288
1468.7933026836276 744.3874001446238 5.0 8.928934133378789
1468.6740745228528 744.3771862410339 5.0 8.945677533280104
1468.5546280582664 744.3669531167575 5.0 8.962649033404887
1468.434963356679 744.3567007774425 5.0 8.979351933347061
1468.315080485003 744.3464292287459 5.0 8.996024133404717
1468.1949795102516 744.3361384763341 5.0 9.012699733255431
1468.0746604995402 744.3258285258821 5.0 9.029367533279583
1467.9541235200843 744.3154993830744 5.0 9.046037233434618
1467.833368639201 744.3051510536045 5.0 9.062723033363
1467.7123959243077 744.294783543175 5.0 9.079396633431315
1467.5912054429227 744.2843968574973 5.0 9.096141833346337
1467.469797262665 744.2739910022924 5.0 9.112821233458817
1467.3481714512538 744.2635659832899 5.0 9.129492333391681
1467.2263280765085 744.2531218062287 5.0 9.146161733428016
1467.1042672063484 744.2426584768565 5.0 9.162838833406568
1466.981988908793 744.23217600093 5.0 9.180138133233413
1466.8594932519616 744.2216743842152 5.0 9.196971933357418
1466.736780304073 744.2111536324869 5.0 9.21389443334192
1466.6138501334453 744.2006137515289 5.0 9.230562633369118
1466.4907028084967 744.1900547471337 5.0 9.247259633382782
1466.3673383977439 744.1794766251031 5.0 9.263927033403888
1466.2437569698027 744.1688793912479 5.0 9.280999633250758
1466.1199585933882 744.1582630513874 5.0 9.297670633299276
1465.995943337314 744.1476276113501 5.0 9.314346133265644
1465.8717112704924 744.1369730769735 5.0 9.331015133298934
1465.747262461934 744.1262994541037 5.0 9.34768983325921
1465.622596980748 744.1156067485957 5.0 9.364366233348846
1465.4977148961418 744.1048949663137 5.0 9.381041433429345
1465.3726162774208 744.0941641131304 5.0 9.39771253336221
1465.2473011939878 744.0834141949275 5.0 9.414385233307257
1465.121769715344 744.0726452175954 5.0 9.43106143339537
1464.996021911088 744.0618571870334 5.0 9.447729533305392
1464.8700578509158 744.0510501091496 5.0 9.464726533275098
1464.7438776046206 744.0402239898609 5.0 9.481394633417949
1464.617481242093 744.0293788350929 5.0 9.498067733366042
1464.4908688333203 744.0185146507799 5.0 9.514940433437005
1464.364040448387 744.0076314428653 5.0 9.531607133336365
1464.236996157474 743.9967292173008 5.0 9.548274033237249
1464.1097360308593 743.985807980047 5.0 9.564978933427483
1463.9822601389164 743.9748677370732 5.0 9.581813033437356
1463.8545685521158 743.9639084943575 5.0 9.598487933399156
1463.726661341024 743.9529302578866 5.0 9.615163733251393
1463.5985385763033 743.9419330336558 5.0 9.631834933301434
1463.470200328712 743.9309168276691 5.0 9.64893243345432
1463.341646669104 743.9198816459392 5.0 9.66560253337957
1463.2128776684285 743.9088274944875 5.0 9.682272233301774
1463.0838933977307 743.8977543793437 5.0 9.698946133255959
1462.9546939281502 743.8866623065466 5.0 9.715619833441451
1462.8252793309223 743.875551282143 5.0 9.732484133448452
1462.695649677377 743.8644213121888 5.0 9.749152533244342
1462.5658050389393 743.8532724027483 5.0 9.765826533315703
1462.4357454871285 743.8421045598942 5.0 9.782496133353561
1462.3054710935585 743.830917789708 5.0 9.799171233316883
1462.1749819299375 743.8197120982795 5.0 9.815843333257362
1462.0442780680683 743.8084874917072 5.0 9.832520033232868
1461.9133595798469 743.797243976098 5.0 9.849195533432066
1461.7822265372638 743.7859815575673 5.0 9.865865433355793
1461.6508790124033 743.774700242239 5.0 9.882539633428678
1461.5193170774428 743.7634000362455 5.0 9.899233433417976
1461.3875408046536 743.7520809457275 5.0 9.917257533408701
1461.2555502664 743.7407429768343 5.0 9.93393163336441
1461.1233455351396 743.7293861357236 5.0 9.950606833444908
1460.990926683423 743.7180104285616 5.0 9.967342133400962
1460.858293783893 743.7066158615227 5.0 9.986010933294892
1460.7254469092861 743.6952024407897 5.0 10.002687233267352
1460.5923861324306 743.683770172554 5.0 10.019358733436093
1460.4591115262476 743.6723190630152 5.0 10.036035133292899
1460.3256231637502 743.6608491183811 5.0 10.05270633334294
1460.1919211180434 743.6493603448681 5.0 10.069381033303216
1460.0580054623244 743.637852748701 5.0 10.086342133348808
1459.9238762698822 743.6263263361126 5.0 10.103010233258829
1459.789533614097 743.6147811133441 5.0 10.119678733404726
1459.6549775684412 743.603217086645 5.0 10.136710833292454
1459.5202082064775 743.5916342622733 5.0 10.153377633308992
1459.3852256018608 743.5800326464948 5.0 10.170050133252516
1459.2500298283364 743.568412245584 5.0 10.186718333279714
1459.1146209597407 743.5567730658232 5.0 10.203444333281368
1458.9789990700006 743.5451151135034 5.0 10.220952533418313
1458.8431642331336 743.5334383949233 5.0 10.237629133276641
1458.7071165232478 743.5217429163903 5.0 10.254299933323637
1458.5708560145413 743.5100286842195 5.0 10.271003933390602
1458.4343827813025 743.4982957047345 5.0 10.287671933416277
1458.2976968979094 743.4865439842669 5.0 10.304397533414885
1458.1607984388304 743.4747735291564 5.0 10.321064233314246
1458.0236874786228 743.4629843457511 5.0 10.337735133245587
1457.886364091934 743.4511764404069 5.0 10.35440603340976
1457.7488283535004 743.4393498194879 5.0 10.371072833426297
1457.6110803381475 743.4275044893664 5.0 10.388355533359572
1457.47312012079 743.4156404564225 5.0 10.405026733409613
1457.3349477764318 743.4037577270446 5.0 10.421696733450517
1457.196563380165 743.3918563076293 5.0 10.438365733250976
1457.05796700717 743.3799362045808 5.0 10.457721533253789
1456.9191587327164 743.3679974243115 5.0 10.474396033445373
1456.7801386321614 743.3560399732421 5.0 10.491066633258015
1456.6409067809507 743.3440638578008 5.0 10.507736733416095
1456.5014632546179 743.3320690844242 5.0 10.524406033335254
1456.361808128784 743.3200556595566 5.0 10.541086833458394
1456.2219414791584 743.3080235896504 5.0 10.557754433248192
1456.0818633815372 743.2959728811658 5.0 10.575521033257246
1455.9415739118042 743.283903540571 5.0 10.592190933413804
1455.80107314593 743.2718155743422 5.0 10.608863333240151
1455.660361159973 743.2597089889634 5.0 10.625533233396709
1455.5194380300777 743.2475837909266 5.0 10.642662233440205
1455.3783038324757 743.2354399867314 5.0 10.659723933320493
1455.236958643485 743.2232775828857 5.0 10.676395733375102
1455.0954025395101 743.2110965859048 5.0 10.693063133396208
1454.9536355970417 743.1988970023122 5.0 10.709731633309275
1454.8116578926565 743.1866788386388 5.0 10.726508733350784
1454.6694695030171 743.1744421014239 5.0 10.74322483339347
1454.5270705048722 743.162186797214 5.0 10.759892633417621
1454.3844609750556 743.1499129325637 5.0 10.776903533376753
1454.2416409904872 743.1376205140352 5.0 10.79378033336252
1454.0986106281716 743.1253095481987 5.0 10.811928933253512
1453.955369965199 743.112980041632 5.0 10.82884283340536
1453.8119190787443 743.1006320009205 5.0 10.845513333333656
1453.6682580460674 743.0882654326576 5.0 10.862189733423293
1453.5243869445128 743.0758803434442 5.0 10.878861333243549
1453.3803058515098 743.0634767398888 5.0 10.895579333417118
1453.2360148445716 743.0510546286077 5.0 10.912307733437046
1453.091514001296 743.038614016225 5.0 10.929902133299038
1452.9468033993646 743.0261549093722 5.0 10.946571533335373
1452.8018831165432 743.0136773146885 5.0 10.963295533321798
1452.656753230681 743.0011812388208 5.0 10.979962733341381
1452.5114138197112 742.9886666884236 5.0 10.996636133408174
1452.36586496165 742.9761336701588 5.0 11.013311533257365
1452.220106734597 742.9635821906961 5.0 11.029981833416969
1452.0741392167354 742.9510122567127 5.0 11.046875733416528
1451.9279624863307 742.9384238748934 5.0 11.063550633378327
1451.7815766217313 742.9258170519304 5.0 11.080453033326194
1451.6349817013688 742.9131917945235 5.0 11.097122733248398
1451.4881778037568 742.9005481093801 5.0 11.113834233256057
1451.3411650074913 742.8878860032148 5.0 11.13084933324717
1451.1939433912505 742.8752054827501 5.0 11.147524933330715
1451.0465130337948 742.8625065547157 5.0 11.164485033368692
1450.8988740139664 742.8497892258487 5.0 11.181160933338106
1450.7510264106888 742.8370535028939 5.0 11.19782923324965
1450.6029703029678 742.8242993926034 5.0 11.214499233290553
1450.4547057698899 742.8115269017366 5.0 11.23117253324017
1450.3062328906233 742.7987360370604 5.0 11.248798033455387
1450.1575517444169 742.7859268053492 5.0 11.26547283330001
1450.008662410601 742.7730992133845 5.0 11.282143133459613
1449.8595649685858 742.7602532679555 5.0 11.29881693329662
1449.7102594978633 742.7473889758584 5.0 11.31548763345927
1449.560746078005 742.734506343897 5.0 11.3321619334165
1449.411024788663 742.7216053788824 5.0 11.348837133264169
1449.2610957095699 742.7086860876328 5.0 11.365504433400929
1449.1109589205375 742.6957484769739 5.0 11.382180533371866
1448.9606145014582 742.6827925537385 5.0 11.399022933328524
1448.8100625323034 742.6698183247669 5.0 11.415739533258602
1448.6593030931242 742.6568257969064 5.0 11.432414833456278
1448.5083362640514 742.6438149770117 5.0 11.44908233336173
1448.3571621252947 742.6307858719447 5.0 11.465751233277842
1448.2057807571427 742.6177384885744 5.0 11.482420433312654
1448.054192239963 742.6046728337773 5.0 11.499088933458552
1447.902396654202 742.5915889144366 5.0 11.515763333300129
1447.7503940803845 742.578486737443 5.0 11.532438033260405
1447.5981845991137 742.5653663096944 5.0 11.549112733453512
1447.4457682910709 742.5522276380956 5.0 11.565793833462521
1447.2931452370158 742.5390707295587 5.0 11.582470833323896
1447.140315517786 742.5258955910028 5.0 11.599147733300924
1446.9872792142964 742.5127022293543 5.0 11.615822633262724
1446.8340364075402 742.4994906515465 5.0 11.632507333299145
1446.6805871785873 742.4862608645197 5.0 11.649178633233532
1446.5269316085853 742.4730128752217 5.0 11.665850933408365
1446.3730697787587 742.4597466906067 5.0 11.68256563344039
1446.2190017704092 742.4464623176365 5.0 11.699242633301765
1446.0647276649154 742.4331597632795 5.0 11.715910433325917
1445.9102475437319 742.4198390345114 5.0 11.732580233365297
1445.7555614883904 742.4065001383146 5.0 11.749249233398587
1445.6006695804988 742.3931430816789 5.0 11.765949033433571
1445.445571901741 742.3797678716005 5.0 11.782640633406118
1445.290268533877 742.3663745150831 5.0 11.799314233241603
1445.1347595587426 742.352963019137 5.0 11.815982633270323
1444.9790450582493 742.3395333907795 5.0 11.832656033337116
1444.8231251143843 742.3260856370348 5.0 11.849494233261794
1444.6669998092098 742.312619764934 5.0 11.866486133309081
1444.5106692248635 742.2991357815151 5.0 11.883162633283064
1444.3541334435579 742.285633693823 5.0 11.899836433352903
1444.1973925475806 742.2721135089093 5.0 11.91651193331927
1444.040446619294 742.2585752338327 5.0 11.933850333327428
1443.8832957411348 742.2450188756585 5.0 11.950518233235925
1443.7259399956145 742.2314444414587 5.0 11.967191733419895
1443.5683794653182 742.2178519383125 5.0 11.983859133441001
