1500.0 747.0 10.0 0.2640042910002194
1499.999526808716 746.999958601127 10.0 0.3185720830001628
1499.9985806616053 746.9998744696743 10.0 0.3421126660000482
1499.9971617870099 746.9997463155713 10.0 0.35937520800007405
1499.995270406405 746.9995728909596 10.0 0.37634141599983195
1499.992906734643 746.9993529888155 10.0 0.40887766600008035
1499.9900709801855 746.9990854416183 10.0 0.42628754099996513
1499.986763345332 746.9987691200611 10.0 0.4593366250001054
1499.982984026438 746.9984029318047 10.0 0.49310991599986664
1499.978733214127 746.9979858202719 10.0 0.5097828329999174
1499.9740110934956 746.997516763481 10.0 0.5430789580000237
1499.9688178443118 746.9969947729179 10.0 0.5597756249999293
1499.9631536412073 746.9964188924445 10.0 0.5930889999999636
1499.9570186538626 746.9957881972434 10.0 0.6264290409999376
1499.950413047187 746.9951017927971 10.0 0.6597584999999526
1499.943336981492 746.9943588138995 10.0 0.6930870410001262
1499.9357906126588 746.9935584237015 10.0 0.726431957999921
1499.9277740923021 746.9926998127863 10.0 0.7597689999997783
1499.919287567926 746.9917821982757 10.0 0.7764523330001794
1499.9103311830768 746.9908048229653 10.0 0.809566458000063
1499.90090507749 746.9897669544882 10.0 0.8264259580000726
1499.8910093872323 746.9886678845062 10.0 0.8597705000001952
1499.8806442448392 746.9875069279265 10.0 0.8930904580001879
1499.8698097794486 746.9862834221453 10.0 0.926420791000055
1499.858506116929 746.9849967263157 10.0 0.9430927499997779
1499.8467333800047 746.9836462206387 10.0 0.9764275409997936
1499.8344916883757 746.9822313056786 10.0 1.0097378750001553
1499.8217811588343 746.9807514017002 10.0 1.026427207999859
1499.8086019053783 746.9792059480276 10.0 1.0597510409997994
1499.79495403932 746.977594402424 10.0 1.0764246660000936
1499.7808376693906 746.9759162404921 10.0 1.1097322079999685
1499.7662529018442 746.9741709550938 10.0 1.143068458000016
1499.7511998405544 746.9723580557888 10.0 1.1764012079997883
1499.7356785871114 746.9704770682921 10.0 1.2090395000000171
1499.719689240913 746.9685275339482 10.0 1.2262690409997958
1499.7032318992558 746.9665090092238 10.0 1.243079833000138
1499.6863066574192 746.9644210652162 10.0 1.2597518749998926
1499.6689136087507 746.9622632871778 10.0 1.293068250000033
1499.6510528447463 746.9600352740565 10.0 1.309736083000189
1499.6327244551287 746.957736638051 10.0 1.3430700829999296
1499.6139285279223 746.9553670041805 10.0 1.3764201250000951
1499.5946651495274 746.952926009869 10.0 1.4097405000002254
1499.5749344047904 746.9504133045419 10.0 1.426422291000108
1499.554736377072 746.9478285492378 10.0 1.4597330410001632
1499.534071148314 746.9451714162307 10.0 1.476400625000224
1499.512938799103 746.9424415886667 10.0 1.5097498330001144
1499.491339408732 746.9396387602111 10.0 1.5430606250001802
1499.4692730552613 746.9367626347074 10.0 1.57639512500009
1499.4467398155753 746.933812925848 10.0 1.6097300830001586
1499.4237397654392 746.9307893568549 10.0 1.64307479099989
1499.400272979553 746.9276916601714 10.0 1.6758380830001443
1499.3763395316041 746.9245195771634 10.0 1.6930142080000223
1499.3519394943178 746.9212728578311 10.0 1.7097424160001538
1499.3270729395065 746.9179512605294 10.0 1.7264159579999614
1499.301739938117 746.9145545516982 10.0 1.759738207999817
1499.2759405602762 746.9110825056006 10.0 1.7764116660000582
1499.2496748753365 746.9075349040705 10.0 1.8097353749999456
1499.222942951917 746.9039115362683 10.0 1.8264032500001122
1499.1957448579467 746.900212198444 10.0 1.843073665999782
1499.1680806607033 746.8964366937088 10.0 1.8763982909999868
1499.139950426853 746.8925848318135 10.0 1.8930969580001147
1499.1113542224873 746.8886564289347 10.0 1.9261875000001965
1499.0822921131603 746.884651307468 10.0 1.9430742909999026
1499.0527641639226 746.8805692958271 10.0 1.9763979160002236
1499.022770439356 746.8764102282506 10.0 1.9930849160000434
1498.9923110036063 746.8721739446146 10.0 2.0264058749999094
1498.9613859204153 746.8678602902511 10.0 2.0597407079999357
1498.9299952531508 746.863469115773 10.0 2.0764107499999227
1498.8981390648366 746.8590002769043 10.0 2.109730958
1498.865817418182 746.8544536343163 10.0 2.1264019579998603
1498.833030375608 746.8498290534685 10.0 2.159739540999908
1498.7997779992759 746.8451264044555 10.0 2.193065291000039
1498.7660603511122 746.8403455618583 10.0 2.2263988750000863
1498.7318774928342 746.8354864046006 10.0 2.259731957999975
1498.6972294859738 746.8305488158102 10.0 2.2930379999997967
1498.6621163919015 746.8255326826842 10.0 2.3255884579998565
1498.6265382718489 746.8204378963594 10.0 2.342961207999906
1498.5904951869306 746.8152643517863 10.0 2.376404457999797
1498.5539871981657 746.8100119476073 10.0 2.393079250000028
1498.5170143664982 746.8046805860397 10.0 2.42639916600001
1498.4795767528165 746.799270172761 10.0 2.459731040999941
1498.4416744179732 746.7937806167994 10.0 2.4930664580001576
1498.4033074228037 746.7882118304273 10.0 2.526408000000174
1498.3644758281432 746.782563729058 10.0 2.559741416000179
1498.325179694845 746.7768362311463 10.0 2.5930785830000787
1498.2854190837973 746.7710292580919 10.0 2.626398207999955
1498.2451940559383 746.7651427341464 10.0 2.64307533300007
1498.2045046722735 746.7591765863228 10.0 2.676398957999936
1498.1633509938895 746.7531307443089 10.0 2.7097339160000047
1498.1217330819695 746.7470051403819 10.0 2.7264027080000233
1498.0796509978068 746.7407997093277 10.0 2.7597377080001024
1498.0371048028192 746.7345143883615 10.0 2.793071125000097
1497.9940945585615 746.7281491170514 10.0 2.826391416000206
1497.9506203267392 746.7217038372447 10.0 2.8430739159998666
1497.90668216922 746.7151784929963 10.0 2.8597446250000758
1497.8622801480458 746.7085730304997 10.0 2.8930879579997963
1497.8174143254448 746.7018873980198 10.0 2.9263911660000304
1497.7720847638425 746.6951215458288 10.0 2.959570375000112
1497.7262915258723 746.6882754261429 10.0 2.976403166000182
1497.680034674386 746.6813489930624 10.0 2.9930717910001476
1497.6333142724636 746.6743422025129 10.0 3.0097464579998814
1497.5861303834238 746.6672550121885 10.0 3.043072375000065
1497.5384830708326 746.6600873814973 10.0 3.07640579100007
1497.4903723985126 746.6528392715082 10.0 3.1097412499998427
1497.4417984305521 746.6455106448998 10.0 3.143067874999815
1497.3927612313132 746.6381014659106 10.0 3.1764183330001288
1497.3432608654402 746.6306117002913 10.0 3.209851499999786
1497.2932973978675 746.6230413152581 10.0 3.2427870830001666
1497.242870893827 746.6153902794481 10.0 3.2595495000000483
1497.1919814188564 746.6076585628757 10.0 3.276409500000227
1497.1406290388045 746.5998461368907 10.0 3.3097375410002314
1497.0888138198397 746.5919529741376 10.0 3.3264066659999116
1497.0365358284566 746.5839790485162 10.0 3.343074708000131
1496.9837951314814 746.5759243351439 10.0 3.3597466249998433
1496.9305917960787 746.5677888103187 10.0 3.393075541000144
1496.8769258897578 746.5595724514835 10.0 3.4097502079998776
1496.8227974803779 746.551275237192 10.0 3.443061625000155
1496.7682066361538 746.5428971470752 10.0 3.459740165999847
1496.7131534256616 746.5344381618094 10.0 3.476410499999929
1496.6576379178439 746.5258982630845 10.0 3.5094498329999624
1496.601660182014 746.5172774335748 10.0 3.5264136659998258
1496.545220287862 746.5085756569091 10.0 3.559737832999872
1496.4883183054583 746.4997929176426 10.0 3.593071124999824
1496.4309543052586 746.49092920123 10.0 3.626406207999935
1496.373128358109 746.4819844939985 10.0 3.6597397909999927
1496.3148405352483 746.4729587831232 10.0 3.6930636249999225
1496.256090908314 746.4638520566015 10.0 3.72642041600011
1496.1968795493453 746.4546643032295 10.0 3.7431017909998445
1496.1372065307867 746.4453955125791 10.0 3.776401624999835
1496.0770719254917 746.4360456749755 10.0 3.809875583000121
1496.0164758067267 746.4266147814756 10.0 3.843181833000017
1495.9554182481743 746.417102823847 10.0 3.876495583000178
1495.8938993239358 746.407509794548 10.0 3.909735540999918
1495.8319191085354 746.3978356867076 10.0 3.926421790999939
1495.7694776769224 746.3880804941072 10.0 3.9597312500000044
1495.7065751044743 746.3782442111614 10.0 3.993021666000004
1495.6432114669997 746.3683268329012 10.0 4.009761499999968
1495.5793868407409 746.3583283549564 10.0 4.0430750410000655
1495.5151013023765 746.3482487735388 10.0 4.059745041000042
1495.4503549290241 746.3380880854266 10.0 4.093070583000099
1495.385147798242 746.3278462879488 10.0 4.126410916000168
1495.3194799880328 746.3175233789697 10.0 4.15973295799995
1495.2533515768437 746.3071193568751 10.0 4.1764155000000756
1495.1867626435703 746.2966342205577 10.0 4.193083832999946
1495.1197132675582 746.2860679694039 10.0 4.226406958000098
1495.0522035286044 746.2754206032803 10.0 4.243081790999895
1494.9842335069598 746.264692122521 10.0 4.276397540999824
1494.9158032833307 746.2538825279155 10.0 4.293075999999928
1494.8469129388807 746.2429918206968 10.0 4.326397916000133
1494.7775625552322 746.2320200025298 10.0 4.359698958000081
1494.707752214468 746.2209670755 10.0 4.393075458000112
1494.637481999133 746.2098330421028 10.0 4.409744333000162
1494.5667519922354 746.1986179052332 10.0 4.443067707999944
1494.4955622772484 746.1873216681755 10.0 4.476422415999878
1494.4239129381112 746.175944334594 10.0 4.509741082999881
1494.351804059231 746.1644859085226 10.0 4.543072166000002
1494.279235725483 746.1529463943567 10.0 4.576579541000228
1494.2062080222126 746.141325796844 10.0 4.609742582999843
1494.1327210352363 746.1296241210753 10.0 4.6423046660002
1494.0587748508424 746.1178413724772 10.0 4.6597682080000595
1493.9843695557922 746.1059775568036 10.0 4.693065791000208
1493.9095052373214 746.094032680128 10.0 4.709747207999953
1493.8341819831403 746.0820067488357 10.0 4.742265666000094
1493.7583998814353 746.0698997696175 10.0 4.759749374999956
1493.682159020869 746.0577117494612 10.0 4.793068458000107
1493.605459490582 746.0454426956462 10.0 4.826406540999869
1493.528301380193 746.0330926157361 10.0 4.859254082999996
1493.450684779799 746.0206615175726 10.0 4.8761804999999185
1493.3726097799774 746.0081494092695 10.0 4.893066707999878
1493.2940764717853 745.9955562992063 10.0 4.909734541000034
1493.2150849467605 745.982882196023 10.0 4.926405958000032
1493.1356352969226 745.9701271086138 10.0 4.943074249999881
1493.0557276147726 745.9572910461226 10.0 4.976394290999906
1492.9753619932944 745.944374017937 10.0 5.009743790999892
1492.8945385259544 745.9313760336836 10.0 5.043068333000065
1492.813257306702 745.918297103223 10.0 5.076399790999858
1492.7315184299712 745.9051372366454 10.0 5.109739874999832
1492.6493219906788 745.8918964442653 10.0 5.126419249999799
1492.5666680842269 745.8785747366177 10.0 5.159736041000087
1492.4835568065018 745.8651721244537 10.0 5.1764059160000215
1492.3999882538753 745.851688618736 10.0 5.208877208000104
1492.3159625232038 745.8381242306353 10.0 5.226431665999826
1492.2314797118297 745.8244789715263 10.0 5.258776166000189
1492.1465399175809 745.8107528529837 10.0 5.276407290999941
1492.0611432387711 745.7969458867786 10.0 5.309721375000208
1491.9752897742003 745.7830580848754 10.0 5.326407790999838
1491.8889796231542 745.7690894594278 10.0 5.359737540999959
1491.8022128854054 745.7550400227759 10.0 5.393050540999866
1491.7149896612127 745.7409097874428 10.0 5.409743790999983
1491.6273100513215 745.7266987661316 10.0 5.443064707999838
1491.5391741569636 745.7124069717222 10.0 5.476416708000215
1491.4505820798572 745.6980344172688 10.0 5.509734665999986
1491.3615339222079 745.6835811159965 10.0 5.5264047910000045
1491.272029786707 745.6690470812993 10.0 5.5589823750001415
1491.1820697765331 745.6544323267366 10.0 5.576399041000059
1491.0916539953512 745.6397368660315 10.0 5.593065874999866
1491.0007825473128 745.6249607130678 10.0 5.626417124999989
1490.9094555370561 745.6101038818878 10.0 5.659742791000099
1490.8176730697055 745.5951663866897 10.0 5.69306349999988
1490.7254352508717 745.5801482418258 10.0 5.709743375000016
1490.6327421866517 745.5650494618001 10.0 5.7264138330001515
1490.539593983629 745.549870061266 10.0 5.7597298750001755
1490.4459907488724 745.5346100550247 10.0 5.776403875000142
1490.351932589937 745.5192694580228 10.0 5.809725832999902
1490.2574196148635 745.5038482853506 10.0 5.826415832999828
1490.1624519321779 745.4883465522402 10.0 5.8597379160000855
1490.0670296508918 745.4727642740636 10.0 5.893058250000195
1489.9711528805017 745.4571014663313 10.0 5.909744375000173
1489.874821730989 745.4413581446903 10.0 5.943066207999891
1489.77803631282 745.4255343249224 10.0 5.959741832999953
1489.680796736945 745.4096300229428 10.0 5.993114833000163
1489.5831031147993 745.3936452547986 10.0 6.026402957999835
1489.4849555583014 745.3775800366672 10.0 6.058795915999781
1489.3863541798537 745.3614343848546 10.0 6.076427250000052
1489.2872990923424 745.3452083157949 10.0 6.109726916
1489.1877904091364 745.3289018460479 10.0 6.143067874999815
1489.0878282440876 745.3125149922981 10.0 6.17612575000021
1488.9874127115304 745.296047771354 10.0 6.1930655000001025
1488.8865439262815 745.279500200146 10.0 6.209747958000207
1488.7852220036398 745.2628722957257 10.0 6.243080624999948
1488.6834470593853 745.2461640752648 10.0 6.276404958000057
1488.5812192097796 745.2293755560537 10.0 6.30973370799984
1488.4785385715652 745.2125067555005 10.0 6.3264033750001545
1488.375405261965 745.19555769113 10.0 6.359753916000045
1488.271819398682 745.1785283805827 10.0 6.393056040999909
1488.1677810998995 745.1614188416137 10.0 6.4097505830000046
1488.0632904842798 745.1442290920916 10.0 6.443070332999923
1487.9583476709647 745.126959149998 10.0 6.476398708000033
1487.8529527795745 745.1096090334262 10.0 6.508825875000184
1487.7471059302077 745.0921787605804 10.0 6.526407541000026
1487.6408072434408 745.0746683497749 10.0 6.5430795829997805
1487.534056840328 745.0570778194333 10.0 6.5764002079999955
1487.4268548424004 745.0394071880875 10.0 6.609732375000021
1487.3192013716657 745.021656474377 10.0 6.643072583000048
1487.2110965506079 745.0038256970483 10.0 6.676572040999872
1487.102540502187 744.9859148749542 10.0 6.709455790999982
1486.993533349838 744.9679240270526 10.0 6.726347457999964
1486.8840752174713 744.9498531724062 10.0 6.7430801249997785
1486.7741662294713 744.9317023301817 10.0 6.776398166000035
1486.6638065106972 744.9134715196492 10.0 6.7930697080000755
1486.5529961864809 744.8951607601816 10.0 6.826401165999869
1486.4417353826277 744.8767700712538 10.0 6.8430691660000775
1486.3300242254159 744.8582994724421 10.0 6.8763949160002085
1486.2178628415952 744.839748983424 10.0 6.909735707999971
1486.105251358388 744.8211186239769 10.0 6.943068624999796
1485.992189903487 744.8024084139782 10.0 6.976408957999865
1485.8786786050564 744.7836183734046 10.0 6.993080540999927
1485.76471759173 744.7647485223312 10.0 7.026396290999855
1485.6503069926116 744.7457988809314 10.0 7.059737291000147
1485.5354469372742 744.7267694694763 10.0 7.092977833000077
1485.4201375557595 744.7076603083341 10.0 7.109735333000117
1485.3043789785777 744.6884714179697 10.0 7.143047208000098
1485.188171336706 744.6692028189443 10.0 7.159725625000192
1485.0715147615897 744.6498545319147 10.0 7.176401083000201
1484.95440938514 744.6304265776331 10.0 7.193086833000052
1484.8368553397347 744.6109189769468 10.0 7.226394249999885
1484.718852758217 744.5913317507972 10.0 7.259741625000061
1484.6004017738956 744.57166492022 10.0 7.292295290999846
1484.4815025205428 744.5519185063445 10.0 7.3097573750001175
1484.3621551323959 744.5320925303932 10.0 7.343063332999918
1484.242359744155 744.5121870136818 10.0 7.359731375000138
1484.1221164909837 744.4922019776182 10.0 7.393073125000228
1484.0014255085075 744.4721374437024 10.0 7.426405790999979
1483.8802869328138 744.4519934335266 10.0 7.443083457999819
1483.7587009004515 744.4317699687741 10.0 7.476387000000159
1483.6366675484298 744.4114670712195 10.0 7.509741916000166
1483.5141870142184 744.3910847627279 10.0 7.543069165999896
1483.3912594357462 744.3706230652552 10.0 7.576403874999869
1483.2678849514016 744.3500820008474 10.0 7.609734374999789
1483.144063700031 744.32946159164 10.0 7.643072165999911
1483.0197958209387 744.3087618598584 10.0 7.676410250000117
1482.8950814538866 744.287982827817 10.0 7.709866707999936
1482.769920739093 744.2671245179193 10.0 7.743160915999852
1482.6443138172324 744.2461869526575 10.0 7.776229291000163
1482.5182608294347 744.2251701546119 10.0 7.809736000000157
1482.391761917285 744.204074146451 10.0 7.843183082999985
1482.2648172228226 744.1828989509314 10.0 7.876390750000155
1482.1374268885404 744.1616445908969 10.0 7.893075999999837
1482.0095910573846 744.1403110892788 10.0 7.926409415999842
1481.881309872754 744.1188984690955 10.0 7.959728249999898
1481.7525834784992 744.0974067534519 10.0 7.993203250000079
1481.6234120189224 744.0758359655398 10.0 8.02595191599994
1481.4937956387764 744.0541861286373 10.0 8.043071208000129
1481.3637344832641 744.0324572661084 10.0 8.076401415999953
1481.233228698038 744.010649401403 10.0 8.1095461660002
1481.102278429199 743.9887625580568 10.0 8.126414458
1480.9708838232973 743.9667967596906 10.0 8.159734374999971
1480.8390450273298 743.9447520300106 10.0 8.176420750000034
1480.706762188741 743.922628392808 10.0 8.209737332999794
1480.5740354554218 743.9004258719584 10.0 8.243067583000084
1480.4408649757086 743.8781444914225 10.0 8.276397707999877
1480.307250898383 743.8557842752449 10.0 8.30973029100005
1480.1731933726714 743.8333452475543 10.0 8.326429916000052
1480.038692548244 743.8108274325638 10.0 8.359729374999915
1479.903748575214 743.7882308545695 10.0 8.393071416000112
1479.7683616041377 743.7655555379517 10.0 8.426402582999799
1479.6325317860133 743.7428015071737 10.0 8.443074249999881
1479.49625927228 743.7199687867819 10.0 8.476391624999906
1479.359544214818 743.6970574014059 10.0 8.509738124999785
1479.2223867659475 743.6740673757578 10.0 8.526418165999985
1479.084787078428 743.6509987346324 10.0 8.559736000000157
1478.946745305458 743.627851502907 10.0 8.57640308300006
1478.808261600674 743.6046257055409 10.0 8.593073083000036
1478.66933611815 743.5813213675757 10.0 8.60974350000015
1478.5299690123968 743.5579385141347 10.0 8.64306729100008
1478.3901604383614 743.534477170423 10.0 8.675458290999813
1478.249910551426 743.5109373617271 10.0 8.693081875000189
1478.109219507408 743.4873191134149 10.0 8.726403291000224
1477.968087462559 743.4636224509354 10.0 8.758970625000075
1477.8265145735636 743.439847399819 10.0 8.776411040999847
1477.68450099754 743.4159939856764 10.0 8.809729166000125
1477.542046892038 743.3920622341994 10.0 8.843068166000194
1477.3991524150388 743.3680521711602 10.0 8.876407958000073
1477.255817724955 743.3439638224113 10.0 8.909871457999998
1477.112042980629 743.3197972138854 10.0 8.943174707999788
1476.9678283413327 743.2955523715954 10.0 8.976397625000118
1476.823173966767 743.2712293216338 10.0 9.009730040999784
1476.6780800170607 743.246828090173 10.0 9.0430987499999
1476.53254665277 743.2223487034653 10.0 9.076549500000056
1476.386574034878 743.1977911878417 10.0 9.109837208000044
1476.2401623247943 743.1731555697131 10.0 9.142660957999851
1476.093311684353 743.1484418755692 10.0 9.159444040999915
1475.9460222758134 743.1236501319788 10.0 9.176407291000032
1475.7982942618592 743.0987803655895 10.0 9.209741250000206
1475.6501278055966 743.0738326031275 10.0 9.24306679099982
1475.501523070555 743.0488068713973 10.0 9.276402666000195
1475.352480220686 743.0237031972823 10.0 9.309727875000135
1475.2029994203617 742.9985216077438 10.0 9.343064374999813
1475.0530808343754 742.973262129821 10.0 9.376121499999954
1474.9027246279397 742.9479247906314 10.0 9.393093624999892
1474.7519309666868 742.9225096173701 10.0 9.42639566600019
1474.6007000166674 742.8970166373098 10.0 9.459798124999907
1474.4490319443496 742.8714458778007 10.0 9.49307058300019
1474.2969269166188 742.8457973662705 10.0 9.525456332999966
1474.1443851007764 742.8200711302239 10.0 9.542914999999994
1473.9914066645401 742.7942671972429 10.0 9.559748749999926
1473.837991776042 742.7683855949862 10.0 9.593019541000103
1473.6841406038284 742.7424263511894 10.0 9.609736750000138
1473.5298533168595 742.7163894936647 10.0 9.6264096660002
1473.375130084508 742.6902750503009 10.0 9.65974150000011
1473.2199710765587 742.6640830490632 10.0 9.693063415999859
1473.064376463208 742.6378135179926 10.0 9.72639849999996
1472.9083464150624 742.6114664852068 10.0 9.743066375000126
1472.7518811031389 742.5850419788991 10.0 9.776400249999824
1472.5949806988635 742.5585400273385 10.0 9.809870500000216
1472.4376453740706 742.5319606588699 10.0 9.843154624999897
1472.2798753010024 742.5053039019137 10.0 9.876438666000013
1472.1216706523085 742.4785697849658 10.0 9.909726500000033
1471.9630316010441 742.4517583365969 10.0 9.943073416000061
1471.8039583206707 742.4248695854533 10.0 9.976559374999852
1471.6444509850544 742.3979035602562 10.0 10.009728416000144
1471.4845097684652 742.3708602898014 10.0 10.043065249999927
1471.3241348455767 742.3437398029597 10.0 10.05974174999983
1471.1633263914653 742.3165421286764 10.0 10.093066207999982
1471.0020845816089 742.2892672959711 10.0 10.10973762499998
1470.840409591887 742.2619153339378 10.0 10.143075832999784
1470.6783015985795 742.2344862717448 10.0 10.176126374999967
1470.515760778366 742.2069801386342 10.0 10.193072999999913
1470.352787308325 742.1793969639222 10.0 10.226415000000088
1470.1893813659335 742.1517367769984 10.0 10.25973299999987
1470.0255431290657 742.1239996073266 10.0 10.293059125000127
1469.8612727759926 742.0961854844436 10.0 10.309729125000104
1469.6965704853815 742.0682944379598 10.0 10.343063666000035
1469.5314364362946 742.0403264975588 10.0 10.376414791000116
1469.365870808189 742.0122816929971 10.0 10.409735749999982
1469.199873780915 741.9841600541046 10.0 10.42641441600017
1469.0334455347165 741.9559616107833 10.0 10.443082582999978
1468.8665862502296 741.9276863930087 10.0 10.476412708000225
1468.6992961084818 741.8993344308283 10.0 10.509741124999891
1468.5315752908914 741.8709057543622 10.0 10.542801874999896
1468.3634239792668 741.8424003938027 10.0 10.559734124999977
1468.1948423558056 741.8138183794143 10.0 10.576401415999953
1468.025830603094 741.7851597415336 10.0 10.609732541000085
1467.8563889041056 741.7564245105689 10.0 10.64307800000006
1467.6865174422016 741.7276127170004 10.0 10.676408124999853
1467.5162164011292 741.6987243913798 10.0 10.709437625000191
1467.3454859650208 741.6697595643302 10.0 10.726404166000066
1467.1743263183937 741.6407182665464 10.0 10.74307620799982
1467.0027376461494 741.6116005287939 10.0 10.776406541000142
1466.8307201335724 741.5824063819098 10.0 10.793079874999876
1466.6582739663297 741.5531358568016 10.0 10.826402208000218
1466.4853993304698 741.5237889844481 10.0 10.843071165999845
1466.312096412422 741.4943657958983 10.0 10.876394916000208
1466.1383653989965 741.464866322272 10.0 10.893068916000175
1465.9642064773818 741.4352905947594 10.0 10.926400833000116
1465.7896198351457 741.4056386446209 10.0 10.959607750000032
1465.6146056602336 741.3759105031871 10.0 10.993067666000115
1465.4391641409677 741.3461062018586 10.0 11.026397665999866
1465.263295466047 741.3162257721056 10.0 11.043086624999887
1465.086999824546 741.2862692454681 10.0 11.076409916000102
1464.9102774059133 741.2562366535561 10.0 11.109735625000212
1464.733128399972 741.2261280280486 10.0 11.143209875000139
1464.555552996918 741.1959434006941 10.0 11.176406333000159
1464.3775513873202 741.1656828033102 10.0 11.193080915999872
1464.1991237621182 741.1353462677836 10.0 11.226394249999885
1464.0202703126233 741.1049338260698 10.0 11.243078915999831
1463.8409912305165 741.0744455101933 10.0 11.27642191599989
1463.661286707848 741.043881352247 10.0 11.309729624999818
1463.4811569370365 741.0132413843925 10.0 11.343213375000232
1463.3006021108688 740.9825256388594 10.0 11.376389500000187
1463.1196224224982 740.9517341479461 10.0 11.409732749999876
1462.938218065444 740.9208669440187 10.0 11.44219879100001
1462.7563892335913 740.8899240595113 10.0 11.476342791000206
1462.5741361211894 740.8589055269257 10.0 11.512524415999906
1462.3914589228518 740.8278113788317 10.0 11.543050791000041
1462.2083578335546 740.7966416478665 10.0 11.559733041000072
1462.024833048636 740.7653963667346 10.0 11.592591208000158
1461.840884763796 740.734075568208 10.0 11.609717332999935
1461.6565131750951 740.7026792851256 10.0 11.62638641600006
1461.4717184789533 740.6712075503932 10.0 11.658790541000144
1461.28650087215 740.6396603969839 10.0 11.67640933299981
1461.1008605518227 740.6080378579372 10.0 11.709313290999944
1460.9147977154662 740.5763399663593 10.0 11.726394708000043
1460.728312560932 740.5445667554228 10.0 11.743077041000106
1460.5414052864276 740.5127182583666 10.0 11.776421416000176
1460.3540760905153 740.4807945084957 10.0 11.809744041000158
1460.166325172112 740.4487955391813 10.0 11.843073458000163
1459.9781527304876 740.4167213838605 10.0 11.876399415999913
1459.7895589652649 740.3845720760359 10.0 11.893067790999794
1459.6005440764184 740.3523476492759 10.0 11.926416165999854
1459.4111082642737 740.3200481372145 10.0 11.959738583000217
1459.2212517295068 740.2876735735508 10.0 11.976411375000225
1459.0309746731427 740.2552239920493 10.0 12.009526207999897
1458.8402772965555 740.2226994265394 10.0 12.026410791000217
1458.6491598014668 740.1900999109155 10.0 12.059728582999924
1458.4576223899453 740.1574254791368 10.0 12.093088499999794
1458.265665264406 740.1246761652271 10.0 12.126394625000103
1458.073288627609 740.0918520032749 10.0 12.14307345799989
1457.8804926826592 740.0589530274327 10.0 12.17640504100018
1457.6872776330056 740.0259792719175 10.0 12.209264000000076
1457.4936436824394 739.9929307710105 10.0 12.22640924999996
1457.2995910350944 739.9598075590565 10.0 12.259737750000113
1457.105119895446 739.9266096704642 10.0 12.293068250000033
1456.9102304683097 739.8933371397062 10.0 12.309743165999862
1456.7149229588408 739.8599900013184 10.0 12.34307541599992
1456.5191975725336 739.8265682899001 10.0 12.37639716600006
1456.3230545152203 739.793072040114 10.0 12.409729458000129
1456.1264939930707 739.7595012866858 10.0 12.443075125000178
1455.9295162125907 739.7258560644042 10.0 12.476528665999922
1455.732121380622 739.6921364081206 10.0 12.509409958000106
1455.5343097043412 739.6583423527493 10.0 12.526407040999857
1455.3360813912589 739.6244739332668 10.0 12.559752624999874
1455.1374366492184 739.5905311847125 10.0 12.702472957999817
