1499.9998808064922 747.0 5.000017416492178 0.06998149992432445
1499.9995232526094 747.0 5.000070853406336 0.28365523333195597
1499.998927370365 747.0 5.000162045356794 0.3184933334123343
1499.9980931889274 747.0 5.00029266673647 0.3351954333484173
1499.9970207345814 747.0 5.000464333848413 0.3518718333216384
1499.9957100306901 747.0 5.000678606963538 0.36855233332607895
1499.9941610976591 747.0 5.000936992307117 0.3853263333439827
1499.9923739529017 747.0 5.00124094397649 0.40200053341686726
1499.990348610805 747.0 5.001591865792386 0.41867663338780403
1499.988085082698 747.0 5.001991113086146 0.43535163335036486
1499.9855833768192 747.0 5.002439994425084 0.45205743331462145
1499.9828434982871 747.0 5.0029397732781105 0.4687292333692312
1499.979865449071 747.0 5.003491669623701 0.48540073342155665
1499.976649227962 747.0 5.004096861502204 0.5020693333353847
1499.9731948305468 747.0 5.004756486514415 0.5187446334166452
1499.9695022491808 747.0 5.005471643268274 0.5354192333761603
1499.9655714729622 747.0 5.006243392775494 0.5521988333202899
1499.9614024877085 747.0 5.007072759799845 0.5688699333695695
1499.956995275932 747.0 5.007960734158769 0.5855469333473593
1499.9523498168176 747.0 5.008908271979946 0.6022214334225282
1499.9474660861995 747.0 5.00991629691437 0.6188893333310261
1499.942344056541 747.0 5.010985701307437 0.6355598333757371
1499.9369836969138 747.0 5.012117347329504 0.6522306334227324
1499.9313849729767 747.0 5.01331206806732 0.6689117333153263
1499.925547846958 747.0 5.014570668577683 0.6855853333836421
1499.9194722776351 747.0 5.0158939269046305 0.7022590333363041
1499.9131582203186 747.0 5.017282595061433 0.7189334334107116
1499.9066056268327 747.0 5.018737399978593 0.7356090333778411
1499.8998144454995 747.0 5.020259044419048 0.7522770334035158
1499.8927846211225 747.0 5.021848207861695 0.7689462333219126
1499.8855160949706 747.0 5.023505547354341 0.7857842333614826
1499.878008804763 747.0 5.025231698337135 0.8024593333248049
1499.8702626846543 747.0 5.0270272754375105 0.8191311333794147
1499.86227766522 747.0 5.028892873237614 0.8358046333305538
1499.8540536734426 747.0 5.030829067015177 0.8524734333623201
1499.8455906326988 747.0 5.032836413458758 0.8695475333370268
1499.8368884627453 747.0 5.034915451358224 0.8886720333248377
1499.827947079707 747.0 5.03706670227135 0.9053657333133742
1499.8187663960648 747.0 5.0392906711673415 0.9220357333542779
1499.8093463206433 747.0 5.041587847048103 0.9387099333107471
1499.7996867585994 747.0 5.043958703547996 0.9553840333828703
1499.789787611411 747.0 5.046403699512856 0.9720556333195418
1499.779648776866 747.0 5.04892327955897 0.988766233320348
1499.7692701490525 747.0 5.05151787461271 1.0054384333780035
1499.7586516183478 747.0 5.054187902431502 1.0221139333443716
1499.7477930714085 747.0 5.056933768106769 1.0387879334157333
1499.736694391161 747.0 5.05975586454947 1.0554603333584964
1499.7253554567924 747.0 5.0626545729588415 1.0722601333400235
1499.71377614374 747.0 5.065630263274922 1.0889356334228069
1499.7019563236843 747.0 5.068683294615425 1.1056356333428994
1499.6898958645384 747.0 5.07181401569749 1.1223123333184049
1499.6775946304408 747.0 5.075022765244849 1.1389878334011883
1499.665052481747 747.0 5.07830987238091 1.1556642333744094
1499.6522692750202 747.0 5.081675657008232 1.1723320333985612
1499.6392448630256 747.0 5.0851204301748885 1.1889988334150985
1499.6259790947204 747.0 5.08864449442814 1.2056662333197892
1499.6124718152478 747.0 5.0922481441558896 1.2223359333584085
1499.5987228659292 747.0 5.095931665916319 1.239029833348468
1499.5847320842568 747.0 5.099695338756122 1.2556985333794728
1499.5704993038867 747.0 5.10353943451774 1.2723676334135234
1499.5560243546324 747.0 5.1074642181359575 1.2892375333467498
1499.5413070624577 747.0 5.111469947924259 1.3059117334196344
1499.5263472494696 747.0 5.115556875851261 1.3225789333228022
1499.5111447339125 747.0 5.1197252478076045 1.3392510333796963
1499.4956993301619 747.0 5.123975303863607 1.3559234333224595
1499.4800108487175 747.0 5.128307278518006 1.3725964333862066
1499.4640790961973 747.0 5.132721400938108 1.3892678333213553
1499.4479038753323 747.0 5.137217895191626 1.405972233391367
1499.4314849849588 747.0 5.141796980470511 1.4226456333417445
1499.4148222200142 747.0 5.146458871307036 1.4394831333775073
1499.3979153715306 747.0 5.151203777782418 1.456157433334738
1499.380764226629 747.0 5.156031905728224 1.4832421333994716
1499.3633685685136 747.0 5.160943456920817 1.4999175333650783
1499.3457281764665 747.0 5.1659386292690845 1.5166299333795905
1499.327842825842 747.0 5.171017616995671 1.533301733317785
1499.3097122880613 747.0 5.176180610811959 1.549979133415036
1499.291336330607 747.0 5.181427798086991 1.5669628333998844
1499.2727147170178 747.0 5.1867593630105695 1.5836381333647296
1499.2538472068836 747.0 5.192175486750708 1.6003112333128229
1499.2347335558395 747.0 5.197676347605652 1.616983333369717
1499.2153735155612 747.0 5.203262121150647 1.633652733406052
1499.1957668337595 747.0 5.208932980379636 1.6503208333160728
1499.1759132541758 747.0 5.214689095842061 1.6669974334072322
1499.1558125165764 747.0 5.22053063577495 1.6836694333469495
1499.1354643567474 747.0 5.226457766230432 1.7003446333110332
1499.1148685064904 747.0 5.232470651198856 1.717017333372496
1499.0940246936168 747.0 5.23856945272766 1.7336916333297268
1499.072932641943 747.0 5.244754331036136 1.7503973334096372
1499.0515920712853 747.0 5.251025444626233 1.7670704333577305
1499.0300026974555 747.0 5.257382950389542 1.7838794334093109
1499.0081642322555 747.0 5.263827003710582 1.8006648333976045
1498.9860763834722 747.0 5.27035775856653 1.8173352333251387
1498.963738854873 747.0 5.27697536762351 1.8340026333462447
1498.9411513462012 747.0 5.283679982329554 1.8506701333681121
1498.9183135531698 747.0 5.290471753004373 1.8673407334135845
1498.895225167458 747.0 5.297350828926017 1.8840401333291084
1498.8718858767056 747.0 5.30431735841456 1.9007098333677277
1498.8482953645082 747.0 5.3113714889128945 1.917376833385788
1498.824453310412 747.0 5.318513367064744 1.9344931333325803
1498.8003593899095 747.0 5.32574313878999 1.9511872333241627
1498.7760132744343 747.0 5.333060949357402 1.9678656333126128
1498.7514146313556 747.0 5.3404669434548655 1.9845409333938733
1498.726563123974 747.0 5.34796126525719 2.0012158333556727
1498.7014584115168 747.0 5.355544058491587 2.0179124333662912
1498.6761001491313 747.0 5.363215466500888 2.034583533415571
1498.6504879878821 747.0 5.370975632304597 2.051258633378893
1498.6246215747444 747.0 5.3788246986578345 2.067927533411421
1498.5985005525997 747.0 5.3867628081082595 2.0846011333633214
1498.5721245602303 747.0 5.394790103051033 2.101270033395849
1498.5454932323148 747.0 5.402906725781895 2.117942333337851
1498.5186061994227 747.0 5.411112818548414 2.134612233377993
1498.491463088009 747.0 5.419408523599479 2.151283733313903
1498.4640635204094 747.0 5.427793983233092 2.168031133362092
1498.436407114835 747.0 5.436269339842516 2.1847060333238915
1498.4084934853674 747.0 5.444834735960847 2.20140193332918
1498.3803222419529 747.0 5.453490314304049 2.218078233418055
1498.3518929903976 747.0 5.4622362178125154 2.234750833362341
1498.3232053323618 747.0 5.47107258969121 2.2514255333226174
1498.2942588653552 747.0 5.479999573448425 2.2680987333878875
1498.2650531827314 747.0 5.489017312933216 2.284766733413562
1498.2355878736817 747.0 5.498125952371552 2.301436633337289
1498.2058625232307 747.0 5.507325636401231 2.3181103334063664
1498.1758767122305 747.0 5.516616510105596 2.3347889333963394
1498.145630017355 747.0 5.5259987190461 2.351460733334534
1498.1151220110944 747.0 5.535472409293761 2.3681363334180787
1498.08435226175 747.0 5.54503772745953 2.385004233336076
1498.053320333428 747.0 5.5546948207236335 2.4016759333899245
1498.0220257860344 747.0 5.5644438368639095 2.4183438334148377
1497.990468175269 747.0 5.57428492428317 2.4350210333941504
1497.9586470526194 747.0 5.584218232035637 2.4516945333452895
1497.926561965356 747.0 5.594243909852473 2.468373033334501
1497.8942124565258 747.0 5.60436210816644 2.4850478334119543
1497.8615980649458 747.0 5.61457297813572 2.501721433363855
1497.8287183251985 747.0 5.624876671666917 2.518395833321847
1497.7955727676247 747.0 5.635273341437286 2.5350689333863556
1497.7621609183184 747.0 5.645763140916195 2.5517437333473936
1497.7284822991203 747.0 5.656346224385858 2.5684151333989576
1497.6945364276116 747.0 5.667022746961371 2.5853061333764344
1497.6603228171086 747.0 5.67779286461005 2.601973033393733
1497.6258409766558 747.0 5.688656734170128 2.6186414334224537
1497.5910904110196 747.0 5.699614513368802 2.6354049333604053
1497.5560706206827 747.0 5.710666360839676 2.652081733336672
1497.5207811018374 747.0 5.721812436139609 2.6687541333958507
1497.4852213463794 747.0 5.733052899764985 2.685424133320339
1497.449390841901 747.0 5.744387913167438 2.7020974333863705
1497.4132890716853 747.0 5.75581763876904 2.718774333363399
1497.3769155146988 747.0 5.767342239976968 2.735443933401257
1497.340269645586 747.0 5.778961881197683 2.7521468333434314
1497.303350934662 747.0 5.7906767278506175 2.7688290333608165
1497.2661588479057 747.0 5.802486946381406 2.7855087333591655
1497.228692846954 747.0 5.814392704274662 2.8021776333916932
1497.1909523890938 747.0 5.826394170066324 2.81885443336796
1497.1529369272566 747.0 5.838491513355577 2.8355263334233314
1497.1146459100107 747.0 5.850684904816376 2.8522022333927453
1497.0760787815545 747.0 5.862974516208576 2.8688694334123284
1497.0372349817094 747.0 5.87536052038868 2.885544433374889
1496.9981139459132 747.0 5.887843091320228 2.9022130334051326
1496.958715105213 747.0 5.900422404083827 2.918884833343327
1496.9190378862577 747.0 5.9130986348868415 2.935553133371286
1496.8790817112908 747.0 5.925871961072759 2.9522210333961993
1496.838845998144 747.0 5.93874256113023 2.968894833349623
1496.7983301602292 747.0 5.951710614701802 2.9855646333890036
1496.757533606531 747.0 5.964776302592358 3.0022349333157763
1496.7164557416006 747.0 5.977939806777263 3.0189122334122658
1496.6750959655465 747.0 5.991201310410234 3.0355878333793953
1496.6334536740283 747.0 6.00456099783094 3.052262833341956
1496.5915282582491 747.0 6.018019054572345 3.0689349333988503
1496.5493191049477 747.0 6.031575667367789 3.085604133317247
1496.5068255963909 747.0 6.045231024157838 3.1022977334214374
1496.4640471103655 747.0 6.058985314096889 3.1189659333322197
1496.4209830201712 747.0 6.072838727559549 3.1356330333510414
1496.3776326946124 747.0 6.086791456146793 3.1523024333873764
1496.3339954979908 747.0 6.100843692691912 3.1689692334039137
1496.2900707900967 747.0 6.114995631266245 3.1856378333177418
1496.2458579262016 747.0 6.129247467184719 3.2023123333929107
1496.2013562570498 747.0 6.14359939701119 3.2189829333219677
1496.156565128851 747.0 6.158051618563601 3.235654833377339
1496.1114838832718 747.0 6.172604330918948 3.2523308333475143
1496.066111857427 747.0 6.187257734418081 3.2690086333313957
1496.0204483838718 747.0 6.202012030670327 3.285675433347933
1495.9744927905942 747.0 6.216867422557946 3.3023498334223405
1495.9282444010053 747.0 6.231824114240431 3.3190184333361685
1495.8817025339315 747.0 6.24688231115865 3.3356934334151447
1495.8348665036067 747.0 6.2620422200388335 3.3523669333662838
1495.7877356196625 747.0 6.277304048896419 3.3690371334087104
1495.7403091871206 747.0 6.292668007039753 3.385709633352235
1495.6925865063838 747.0 6.308134305073648 3.4023870333330706
1495.6445668732274 747.0 6.323703154902818 3.4191395334200934
1495.5962495787903 747.0 6.339374769735168 3.435815133387223
1495.5476339095662 747.0 6.355149364084968 3.4524890333414078
1495.4987191473951 747.0 6.3710271537758985 3.469158033374697
1495.4495045694541 747.0 6.387008355943976 3.485834433347918
1495.3999894482483 747.0 6.403093189040365 3.502510133315809
1495.350173051602 747.0 6.419281872834071 3.519183733384125
1495.3000546426495 747.0 6.435574628414528 3.5358597333543003
1495.249633479826 747.0 6.451971678194076 3.552636433392763
1495.1989088168582 747.0 6.468473245910332 3.5693080333294347
1495.1478799027557 747.0 6.48507955662846 3.5860567333875224
1495.0965459818008 747.0 6.501790836743344 3.6027304333401844
1495.0449062935397 747.0 6.518607313981658 3.6194020333932713
1494.992960072773 747.0 6.5355292174038455 3.6360729333246127
1494.940706549546 747.0 6.552556777406003 3.6527425333624706
1494.888144949139 747.0 6.569690225721675 3.6694166333181784
1494.8352744920583 747.0 6.586929795423558 3.6862652333220467
1494.7820943940262 747.0 6.604275720925121 3.7029355333652347
1494.7286038659713 747.0 6.621728237982137 3.7196071334183216
1494.6748021140188 747.0 6.639287583694136 3.7365783334244043
1494.6206883394805 747.0 6.656953996505771 3.753246433334425
1494.5662617388448 747.0 6.674727716208109 3.769917833385989
1494.5115215037672 747.0 6.692608983939839 3.78659423335921
1494.45646682106 747.0 6.710598042188409 3.80327813338954
1494.4010968726825 747.0 6.728695134791084 3.819945333409123
1494.3454108357303 747.0 6.746900506935925 3.836618833360262
1494.2894078824254 747.0 6.765214405162706 3.8532903334125876
1494.2330871801066 747.0 6.783637077363748 3.8699635333614424
1494.1764478912185 747.0 6.8021687727846905 3.8866302333772182
1494.1194891733007 747.0 6.8208097420251885 3.903304733335972
1494.0622101789788 747.0 6.839560237039542 3.9200406334130093
1494.0046100559528 747.0 6.85842051113726 3.936713633360341
1493.9466879469867 747.0 6.877390818983553 3.953382733394392
1493.8884429898985 747.0 6.896471416599763 3.970049933413975
1493.829874317549 747.0 6.915662561363726 3.986722333356738
1493.770981057831 747.0 6.934964512010075 4.003390433383174
1493.7117623336596 747.0 6.954377528630468 4.020059533417225
1493.65221726296 747.0 6.973901872673766 4.036726833321154
1493.5923449586571 747.0 6.9935378069461365 4.0534703333396465
1493.5321445286652 747.0 7.013285595611104 4.070142333395779
1493.4716150758761 747.0 7.033145504189533 4.086811333312653
1493.410755698149 747.0 7.053117799559548 4.103486733394675
1493.3495654882981 747.0 7.073202749956399 4.120224833372049
1493.288043534083 747.0 7.093400624972263 4.136892133392394
1493.2261889181962 747.0 7.11371169555598 4.153567433357239
1493.1640007182523 747.0 7.1341362340127406 4.1702486333670095
1493.101478006777 747.0 7.1546745140037 4.18693053338211
1493.0386198511947 747.0 7.175326810545543 4.203599633416161
1492.9754253138185 747.0 7.196093400009982 4.220273733371869
1492.9118934518376 747.0 7.2169745601232025 4.236949333338998
1492.848023317306 747.0 7.237970569965243 4.253658533329144
1492.7838139571304 747.0 7.259081709969316 4.27033353340812
1492.7192644130598 747.0 7.280308261921076 4.287029333412647
1492.6543737216728 747.0 7.3016505089578185 4.303702733363025
1492.5891409143655 747.0 7.3231087355676285 4.320370833389461
1492.5235650173408 747.0 7.344683227588463 4.33704573335126
1492.4576450515954 747.0 7.366374272207176 4.35371543338988
1492.391380032908 747.0 7.3881821579584885 4.370399933424778
1492.3247689718278 747.0 7.410107174723887 4.387070433353074
1492.257810873662 747.0 7.432149613730472 4.4037435334175825
1492.190504738464 747.0 7.454309767549744 4.42041693336796
1492.12284956102 747.0 7.476587930096327 4.437115633394569
1492.0548443308392 747.0 7.49898439662663 4.453789333347231
1491.9864880321384 747.0 7.521499463737451 4.470457733375952
1491.917779643832 747.0 7.544133429364512 4.487133533344604
1491.8487181395187 747.0 7.566886592780947 4.503805433399975
1491.7793024874686 747.0 7.589759254595708 4.520478033344261
1491.7095316506113 747.0 7.612751716751924 4.537151733413339
1491.6394045865231 747.0 7.635864282525187 4.553821733337827
1491.5689202474143 747.0 7.6590972565217825 4.570491333375685
1491.4980775801162 747.0 7.682450944676848 4.58716733334586
1491.4268755260687 747.0 7.705925654252472 4.603835633373819
1491.3553130213074 747.0 7.729521693835726 4.620504933409393
1491.2833889964504 747.0 7.753239373336629 4.637173133320175
1491.2111023766856 747.0 7.777079003986052 4.653844533371739
1491.138452081758 747.0 7.801040898333547 4.670521533349529
1491.0654370259556 747.0 7.825125370245115 4.687191533390433
1490.9920561180973 747.0 7.849332734900906 4.703861333313398
1490.9183082615193 747.0 7.873663308792841 4.720532933366485
1490.844192354062 747.0 7.898117409722179 4.737208133330569
1490.769707288056 747.0 7.922695356797003 4.753886833321303
1490.69485195031 747.0 7.947397470429638 4.770611933316104
1490.6196252220964 747.0 7.972224072334 4.7872814333532006
1490.544025979138 747.0 7.9971754855228685 4.803954233415425
1490.4680530915948 747.0 8.02225203430509 4.820628033368848
