1499.999763457169 746.999979589354 10.0 0.07415169989690185
1499.9990540398487 746.9999177490951 10.0 0.28649433329701424
1499.9978720550864 746.9998127416263 10.0 0.3232279331423342
1499.9962177974269 746.9996629035696 10.0 0.3398980333004147
1499.9940915494697 746.9994666426006 10.0 0.3565655332058668
1499.991493582402 746.999222434419 10.0 0.373238533269614
1499.9884241565092 746.9989288198483 10.0 0.3899135331157595
1499.9848835216626 746.9985844020589 10.0 0.40663403319194913
1499.9808719177884 746.9981878439106 10.0 0.4233011333271861
1499.9763895753135 746.9977378654078 10.0 0.4401846332475543
1499.971436715596 746.9972332412635 10.0 0.4568983332719654
1499.9660135513336 746.996672798568 10.0 0.4736141331959516
1499.9601202869583 746.9960554145563 10.0 0.490285033127293
1499.9537571190103 746.9953800144708 10.0 0.5069518331438303
1499.9469242364999 746.9946455695164 10.0 0.5236251333262771
1499.9396218212507 746.9938510949014 10.0 0.5402997331693769
1499.9318500482304 746.9929956479632 10.0 0.5571133331395686
1499.9236090858656 746.9920783263732 10.0 0.5737858333159238
1499.9148990963452 746.9910982664192 10.0 0.5904599332716316
1499.905720235909 746.9900546413602 10.0 0.6071392332669348
1499.8960726551254 746.9889466598523 10.0 0.6238116333261132
1499.885956499156 746.9877735644412 10.0 0.6404879332985729
1499.87537190801 746.9865346301194 10.0 0.6571557333227247
1499.864319016787 746.9852291629448 10.0 0.6738249331247061
1499.8527979559099 746.9838564987184 10.0 0.6904998333193362
1499.8408088513472 746.9824160017184 10.0 0.7071717332582921
1499.828351824827 746.9809070634885 10.0 0.723843633197248
1499.8154269940405 746.9793291016775 10.0 0.7406604331918061
1499.802034472838 746.9776815589294 10.0 0.7573304332327098
1499.788174371415 746.9759639018192 10.0 0.7740061332006007
1499.7738467964925 746.9741756198364 10.0 0.790676933247596
1499.7590518514878 746.9723162244095 10.0 0.807661633240059
1499.7437896366785 746.9703852479744 10.0 0.8246496331412345
1499.72806024936 746.9683822430806 10.0 0.8414376331493258
1499.7118637839956 746.966306781537 10.0 0.8581112332176417
1499.6952003323606 746.9641584535935 10.0 0.8747943332418799
1499.6780699836804 746.9619368671578 10.0 0.8914770332630724
1499.660472824762 746.9596416470449 10.0 0.9082332332618535
1499.6424089401207 746.9572724342603 10.0 0.9249094331171364
1499.6238784121003 746.9548288853118 10.0 0.9415770331397653
1499.6048813209898 746.9523106715523 10.0 0.9582472331821918
1499.5854177451336 746.9497174785492 10.0 0.9749231331516057
1499.5654877610375 746.9470490054829 10.0 0.9915980331134051
1499.545091443471 746.9443049645679 10.0 1.0082700331695378
1499.5242288655634 746.9414850805018 10.0 1.0250809332355857
1499.5029000988975 746.9385890899355 10.0 1.041927533224225
1499.4811052135985 746.935616740967 10.0 1.0585988331586123
1499.4588442784195 746.9325677926571 10.0 1.0752739331219345
1499.4361173608224 746.9294420145646 10.0 1.092083833180368
1499.412924527057 746.926239186303 10.0 1.1089074332267046
1499.3892658422349 746.9229590971144 10.0 1.1255754332523793
1499.3651413704015 746.919601545463 10.0 1.1422462332993746
1499.3405511746043 746.9161663386452 10.0 1.1589200331363827
1499.3154953169592 746.9126532924163 10.0 1.190625933231786
1499.2899738587118 746.9090622306337 10.0 1.2073224331252277
1499.2639868602992 746.9053929849148 10.0 1.2239960331935436
1499.2375343814062 746.9016453943098 10.0 1.2407442331314087
1499.2106164810211 746.8978193049882 10.0 1.2575140332337469
1499.183233217488 746.8939145699392 10.0 1.2741885331925005
1499.155384648557 746.8899310486842 10.0 1.2908557332120836
1499.1270708314335 746.885868607002 10.0 1.307526433141902
1499.0982918228233 746.8817271166657 10.0 1.3242046332452446
1499.0690476789775 746.877506455191 10.0 1.3409087331965566
1499.0393384557347 746.8732065055946 10.0 1.3575798331294209
1499.0091642085608 746.8688271561635 10.0 1.3742551333270967
1498.9785249925892 746.8643683002344 10.0 1.3909418331459165
1498.9474208626564 746.8598298359816 10.0 1.4076131333131343
1498.9158518733384 746.8552116662147 10.0 1.4242893331684172
1498.8838180789846 746.8505136981845 10.0 1.4409596333280206
1498.8513195337503 746.8457358433978 10.0 1.457701433217153
1498.8183562916272 746.8408780174394 10.0 1.4744322332553566
1498.7849284064746 746.8359401398021 10.0 1.491106833331287
1498.7510359320463 746.8309221337237 10.0 1.5077811332885176
1498.7166789220191 746.8258239260313 10.0 1.5250560331624001
1498.681857430018 746.820645446992 10.0 1.5417282332200557
1498.6465715096422 746.8153866301702 10.0 1.5583958332426846
1498.610821214488 746.8100474122906 10.0 1.57506493316032
1498.574606598172 746.8046277331074 10.0 1.5917328333016485
1498.5379277143536 746.7991275352788 10.0 1.608399733202532
1498.500784616755 746.7935467642471 10.0 1.6250753332860768
1498.463177359182 746.7878853681243 10.0 1.6418068332131952
1498.4251059955427 746.7821432975812 10.0 1.6584776332601905
1498.386570579866 746.776320505743 10.0 1.6751508333254606
1498.3475711663189 746.7704169480882 10.0 1.6918219332583249
1498.3081078092239 746.7644325823518 10.0 1.708489433163777
1498.2681805630746 746.7583673684337 10.0 1.7251594332046807
1498.2277894825513 746.7522212683095 10.0 1.7418263331055641
1498.186934622535 746.7459942459466 10.0 1.7585024333093315
1498.1456160381229 746.7396862672224 10.0 1.7751761332619935
1498.10383378464 746.7332972998473 10.0 1.7918441332876682
1498.0615879176537 746.7268273132905 10.0 1.8085153331048787
1498.0188784929846 746.7202762787084 10.0 1.8251906333025545
1497.9757055667199 746.713644168877 10.0 1.841859633103013
1497.9320691952225 746.7069309581265 10.0 1.858537033200264
1497.8879694351442 746.7001366222792 10.0 1.8752116332761943
1497.843406343434 746.6932611385894 10.0 1.891887933248654
1497.798379977349 746.6863044856867 10.0 1.9085572331678122
1497.752890394463 746.679266643521 10.0 1.9252261333167553
1497.706937652677 746.6721475933101 10.0 1.9419189332984388
1497.6605218102256 746.6649473174897 10.0 1.9585910332389176
1497.6136429256871 746.6576657996652 10.0 1.9752587331458926
1497.5663010579904 746.650303024566 10.0 1.9919332331046462
1497.5184962664225 746.6428589780013 10.0 2.0086076331790537
1497.4702286106365 746.635333646818 10.0 2.0252776332199574
1497.421498150657 746.6277270188605 10.0 2.041951433289796
1497.3723049468883 746.6200390829318 10.0 2.0586263332515955
1497.3226490601191 746.6122698287572 10.0 2.075628133257851
1497.2725305515296 746.604419246948 10.0 2.0923104332759976
1497.2219494826963 746.5964873289684 10.0 2.108979533193633
1497.1709059155985 746.5884740671024 10.0 2.1256518331356347
1497.1193999126226 746.5803794544237 10.0 2.1425785331521183
1497.0674315365675 746.5722034847648 10.0 2.159250133205205
1497.015000850649 746.5639461526896 10.0 2.175925533287227
1496.9621079185042 746.5556074534655 10.0 2.1926006332505494
1496.908752804197 746.5471873830376 10.0 2.2092716332990676
1496.8549355722207 746.5386859380035 10.0 2.225946833146736
1496.8006562875028 746.5301031155897 10.0 2.2426147332880646
1496.7459150154082 746.5214389136285 10.0 2.2592907331418246
1496.6907118217432 746.5126933305363 10.0 2.275959533173591
1496.6350467727589 746.5038663652923 10.0 2.2928193332627416
1496.5789199351539 746.4949580174188 10.0 2.309494033223018
1496.5223313760782 746.4859682869615 10.0 2.326261133188382
1496.4652811631356 746.4768971744716 10.0 2.342936033150181
1496.4077693643862 746.467744680988 10.0 2.359611733118072
1496.34979604835 746.45851080802 10.0 2.3764034332707524
1496.2913612840086 746.4491955575319 10.0 2.393086133291945
1496.232465140808 746.4397989319269 10.0 2.4097542332019657
1496.1731076886606 746.4303209340327 10.0 2.4264339332003146
1496.1132889979478 746.420761567087 10.0 2.4431097332853824
1496.0530091395217 746.4111208347241 10.0 2.4597807333339006
1495.9922681847072 746.4013987409619 10.0 2.4764491331297904
1495.931066205304 746.3915952901896 10.0 2.4931238333228976
1495.869403273588 746.3817104871553 10.0 2.5097924331203103
1495.8072794623133 746.3717443369551 10.0 2.526466133305803
1495.7446948447136 746.361696845022 10.0 2.5431329333223403
1495.681649494504 746.3515680171154 10.0 2.559938733233139
1495.618143485882 746.341357859311 10.0 2.577076933113858
1495.5541768935293 746.3310663779913 10.0 2.593752433313057
1495.4897497926124 746.3206935798365 10.0 2.6105575333349407
1495.4248622587847 746.3102394718157 10.0 2.6272298332769424
1495.3595143681869 746.2997040611782 10.0 2.6439017332158983
1495.2937061974485 746.2890873554458 10.0 2.6605752331670374
1495.2274378236884 746.2783893624047 10.0 2.6772505331318825
1495.1607093245161 746.2676100900987 10.0 2.694010333158076
1495.0935207780328 746.2567495468214 10.0 2.710678933188319
1495.0258722628319 746.24580774111 10.0 2.7274287331383675
1494.9577638579995 746.2347846817381 10.0 2.7440967331640422
1494.889195643116 746.2236803777106 10.0 2.7610380332916975
1494.820167698256 746.2124948382566 10.0 2.777711233124137
1494.7506801039892 746.2012280728243 10.0 2.794382133288309
1494.6807329413814 746.1898800910753 10.0 2.8110588332638144
1494.610326291994 746.1784509028797 10.0 2.8277350331190974
1494.5394602378854 746.1669405183106 10.0 2.844611133215949
1494.4681348616111 746.1553489476398 10.0 2.86128233326599
1494.3963502462248 746.1436762013328 10.0 2.877958733122796
1494.3241064752772 746.1319222900446 10.0 2.8946340333204716
1494.2514036328182 746.1200872246154 10.0 2.9113046331331134
1494.178241803396 746.1081710160665 10.0 2.9280181331560016
1494.104621072058 746.0961736755967 10.0 2.9447020331863314
1494.0305415243506 746.084095214578 10.0 2.9613690332043916
1493.9560032463196 746.071935644553 10.0 2.978211233159527
1493.8810063245107 746.0596949772306 10.0 2.994887333130464
1493.8055508459693 746.047373224483 10.0 3.011603133287281
1493.7296368982404 746.0349703983427 10.0 3.028290633112192
1493.6532645693699 746.0224865109996 10.0 3.045113333268091
1493.576433947903 746.0099215747977 10.0 3.0617869331035763
1493.499145122886 745.9972756022328 10.0 3.0785021332558244
1493.4213981838643 745.9845486059496 10.0 3.0951785331126302
1493.343193220885 745.9717405987393 10.0 3.1118550333194435
1493.2645303244947 745.958851593537 10.0 3.128526233136654
1493.1854095857402 745.9458816034197 10.0 3.145193233154714
1493.1058310961691 745.9328306416037 10.0 3.161877133185044
1493.025794947829 745.9196987214426 10.0 3.1785532331559807
1492.9453012332672 745.9064858564254 10.0 3.195226033218205
1492.8643500455319 745.8931920601744 10.0 3.2118949331343174
1492.7829414781706 745.8798173464432 10.0 3.2285961331799626
1492.701075625231 745.8663617291153 10.0 3.2452696331311017
1492.6187525812602 745.8528252222019 10.0 3.2619370331522077
1492.5359724413054 745.8392078398405 10.0 3.2786124332342297
1492.4527353009125 745.8255095962932 10.0 3.2952864333055913
1492.369041256127 745.8117305059452 10.0 3.3119553332217038
1492.2848904034936 745.7978705833035 10.0 3.328622533241287
1492.2002828400553 745.7839298429952 10.0 3.345628733281046
1492.115218663354 745.7699082997665 10.0 3.362300833221525
1492.02969797143 745.7558059684809 10.0 3.379032733151689
1491.9437208628221 745.7416228641184 10.0 3.395702333189547
1491.8572874365664 745.7273590017742 10.0 3.4124619332142174
1491.7703977921965 745.7130143966574 10.0 3.429152333177626
1491.683052029744 745.6985890640901 10.0 3.445819733198732
1491.5952502497373 745.6840830195063 10.0 3.4624944331590086
1491.5069925532014 745.6694962784505 10.0 3.4791661333292723
1491.418279041658 745.6548288565776 10.0 3.4958448333200067
1491.329109817125 745.6400807696511 10.0 3.5125230331905186
1491.2394849821162 745.6252520335426 10.0 3.529192133108154
1491.1494046396406 745.6103426642306 10.0 3.5459084331523627
1491.0588688932028 745.5953526778004 10.0 3.5626162332482636
1490.9678778468021 745.5802820904424 10.0 3.5792921332176775
1490.8764316049323 745.565130918452 10.0 3.5959639332722872
1490.7845302725816 745.5498991782285 10.0 3.6126393331214786
1490.6921739552315 745.5345868862746 10.0 3.629311233293265
1490.5993627588573 745.5191940591955 10.0 3.646513933315873
1490.5060967899274 745.5037207136983 10.0 3.663192033302039
1490.4123761554024 745.4881668665915 10.0 3.6798605332151055
1490.3182009627358 745.4725325347844 10.0 3.696593133267015
1490.2235713198727 745.4568177352862 10.0 3.713261433178559
1490.1284873352497 745.4410224852058 10.0 3.7299359331373125
1490.0329491177943 745.4251468017511 10.0 3.747183833271265
1489.936956776925 745.4091907022283 10.0 3.763857333222404
1489.84051042255 745.3931542040418 10.0 3.780529633164406
1489.7436101650683 745.3770373246932 10.0 3.797204933129251
1489.6462561153674 745.3608400817814 10.0 3.8138753331732005
1489.5484483848238 745.3445624930015 10.0 3.830545233329758
1489.450187085303 745.3282045761449 10.0 3.847348733106628
1489.3514723291585 745.3117663490987 10.0 3.864023833302781
1489.252304229231 745.295247829845 10.0 3.8806944331154227
1489.1526828988488 745.278649036461 10.0 3.8973678331822157
1489.0526084518267 745.2619699871184 10.0 3.9140397331211716
1488.9520810024658 745.2452107000828 10.0 3.930706533137709
1488.851100665553 745.2283711937135 10.0 3.947375633288175
1488.7496675563607 745.2114514864636 10.0 3.964047333225608
1488.647781790646 745.1944515968787 10.0 3.981159533141181
1488.5454434846501 745.1773715435975 10.0 3.997834333218634
1488.4426527550988 745.1602113453508 10.0 4.015062233200297
1488.3394097192006 745.1429710209618 10.0 4.031800033291802
1488.2357144946473 745.1256505893452 10.0 4.048483933322132
1488.131567199613 745.1082500695076 10.0 4.065157333156094
1488.026967952754 745.0907694805463 10.0 4.081849433248863
1487.9219168732075 745.07320884165 10.0 4.0985230333171785
1487.816414080592 745.0555681720978 10.0 4.115343233104795
1487.7104596950064 745.0378474912593 10.0 4.13207993330434
1487.6040538370296 745.0200468185943 10.0 4.148750833235681
1487.4971966277199 745.0021661736525 10.0 4.165435133269057
1487.3898881886141 744.9842055760732 10.0 4.182107533328235
1487.282128641728 744.9661650455854 10.0 4.198774733114988
1487.1739181095545 744.948044602007 10.0 4.215669833123684
1487.0652567150646 744.9298442652452 10.0 4.232337133260444
1486.9561445817055 744.9115640552956 10.0 4.24901073332876
1486.8465818334012 744.8932039922428 10.0 4.2656808332540095
1486.736568594551 744.8747640962595 10.0 4.28240353311412
1486.6261049900297 744.8562443876066 10.0 4.299073833273724
1486.5151911451867 744.837644886633 10.0 4.315748833119869
1486.4038271858453 744.8189656137755 10.0 4.3324176331516355
1486.2920132383026 744.8002065895583 10.0 4.349085133289918
1486.179749429329 744.7813678345931 10.0 4.365758933126926
1486.0670358861667 744.7624493695787 10.0 4.382434033323079
1485.9538727365302 744.7434512153011 10.0 4.39910073322244
1485.8402601086057 744.724373392633 10.0 4.415768133243546
1485.7261981310498 744.7052159225339 10.0 4.432439433177933
1485.6116869329896 744.6859788260498 10.0 4.449116033269092
1485.4967266440217 744.666662124313 10.0 4.466325433226302
1485.3813173942121 744.6472658385421 10.0 4.482994033256546
1485.2654593140953 744.6277899900417 10.0 4.499761533224955
1485.1491525346735 744.6082346002022 10.0 4.517017433186993
1485.0323971874168 744.5885996904998 10.0 4.533694233279675
1484.915193404262 744.5688852824962 10.0 4.550363933201879
1484.797541317612 744.5490913978387 10.0 4.5670672331471
1484.6794410603359 744.5292180582594 10.0 4.583738433197141
1484.5608927657674 744.5092652855761 10.0 4.600413933163509
1484.441896567705 744.4892331016913 10.0 4.617088033119217
1484.3224526004115 744.4691215285922 10.0 4.633758633164689
1484.2025609986124 744.4489305883508 10.0 4.65043603326194
1484.0822218974965 744.4286603031236 10.0 4.667104633292183
1483.9614354327146 744.4083106951517 10.0 4.683793833246455
1483.8402017403791 744.3878817867603 10.0 4.700464233290404
1483.718520957064 744.3673736003586 10.0 4.717140833148733
1483.5963932198028 744.3467861584401 10.0 4.733811633195728
1483.4738186660895 744.3261194835819 10.0 4.750485733151436
1483.3507974338772 744.305373598445 10.0 4.767154333181679
1483.2273296615774 744.284548525774 10.0 4.783826233120635
1483.10341548806 744.2636442883967 10.0 4.800494333263487
1482.9790550526518 744.2426609092245 10.0 4.8171745331492275
1482.854248495137 744.2215984112519 10.0 4.83385133324191
1482.7289959557556 744.2004568175564 10.0 4.850518633145839
1482.6032975752037 744.1792361512987 10.0 4.867326933192089
1482.4771534946315 744.1579364357221 10.0 4.883997333236039
1482.3505638556444 744.1365576941528 10.0 4.9006691332906485
1482.2235288003012 744.1150999499993 10.0 4.9174675331451
1482.0960484711138 744.0935632267527 10.0 4.9341440331190825
1481.9681230110466 744.0719475479865 10.0 4.950847233179957
1481.839752563516 744.0502529373562 10.0 4.967523033265024
1481.7109372723896 744.0284794185994 10.0 4.984191633295268
1481.5816772819858 744.006627015536 10.0 5.00086533324793
1481.4519727370728 743.9846957520672 10.0 5.0175356331747025
1481.3218237828683 743.9626856521763 10.0 5.034205333329737
1481.1912305650385 743.9405967399281 10.0 5.050876633264124
1481.0601932296981 743.9184290394687 10.0 5.067825433332473
1480.928711923409 743.8961825750258 10.0 5.084495433140546
1480.7967867931802 743.8738573709082 10.0 5.101604733150452
1480.6644179864663 743.8514534515058 10.0 5.118276433320716
1480.5316056511683 743.8289708412894 10.0 5.134945533238351
1480.3983499356316 743.8064095648109 10.0 5.151613533264026
1480.2646509886458 743.7837696467028 10.0 5.168286033207551
1480.1305089594446 743.7610511116782 10.0 5.184962433297187
1479.9959239977043 743.7382539845307 10.0 5.201635733246803
1479.8608962535436 743.7153782901345 10.0 5.218308633193374
1479.725425877523 743.6924240534437 10.0 5.234985533170402
1479.589513020644 743.6693912994929 10.0 5.251652933191508
1479.4531578343485 743.6462800533966 10.0 5.268324133241549
1479.3163604705178 743.6230903403492 10.0 5.285105133196339
1479.1791210814729 743.5998221856249 10.0 5.3018258332740515
1479.0414398199725 743.5764756145777 10.0 5.318493133177981
1478.9033168392136 743.553050652641 10.0 5.335168233141303
1478.76475229283 743.5295473253276 10.0 5.351840833202004
1478.6257463348923 743.5059656582299 10.0 5.3685100332368165
1478.4862991199063 743.4823056770193 10.0 5.385185533203185
1478.3464108028134 743.4585674074463 10.0 5.401855333242565
1478.2060815389889 743.4347508753403 10.0 5.41853093332611
1478.0653114842423 743.4108561066099 10.0 5.435202633263543
1477.9241007948162 743.3868831272421 10.0 5.451870033284649
1477.7824496273854 743.3628319633025 10.0 5.4685408333316445
1477.6403581390564 743.3387026409354 10.0 5.485211733262986
1477.4978264873669 743.3144951863633 10.0 5.501922333147377
1477.354854830285 743.2902096258871 10.0 5.518591033294797
1477.2114433262084 743.2658459858858 10.0 5.535267333267257
1477.067592133964 743.2414042928165 10.0 5.551937833195552
1476.9233014128067 743.216884573214 10.0 5.568609433248639
1476.7785713224196 743.1922868536909 10.0 5.585285533219576
1476.6334020229124 743.1676111609378 10.0 5.602112333290279
1476.487793674821 743.1428575217225 10.0 5.61878663324751
1476.3417464391073 743.1180259628903 10.0 5.635463433107361
1476.1952604771577 743.093116511364 10.0 5.652875333325937
1476.0483359507832 743.0681291941434 10.0 5.669544633245096
1475.9009730222183 743.0430640383053 10.0 5.686219533206895
1475.75317185412 743.0179210710036 10.0 5.702888733241707
1475.6049326095676 742.992700319469 10.0 5.71956523321569
1475.4562554520621 742.967401811009 10.0 5.736236233264208
1475.3071405455248 742.9420255730076 10.0 5.752908933209255
1475.1575880542975 742.9165716329252 10.0 5.769583433168009
1475.0075981431412 742.8910400182986 10.0 5.786472233245149
1474.8571709772352 742.8654307567408 10.0 5.8031415331643075
1474.7063067221775 742.839743875941 10.0 5.819808333180845
1474.5550055439826 742.8139794036645 10.0 5.836477933218703
1474.403267609082 742.7881373677519 10.0 5.853282333118841
1474.2510930843227 742.7622177961202 10.0 5.869952033273876
1474.0984821369673 742.7362207167619 10.0 5.886651433305815
1473.9454349346925 742.7101461577446 10.0 5.903321433113888
1473.7919516455884 742.6839941472116 10.0 5.919998633209616
1473.6380324381587 742.6577647133814 10.0 5.936671533156186
1473.4836774813189 742.6314578845478 10.0 5.9533387331757694
1473.3288869443963 742.6050736890793 10.0 5.9700122331269085
1473.1736609971292 742.5786121554194 10.0 5.98668483318761
1473.0179998096655 742.5520733120863 10.0 6.00336113316007
1472.861903552563 742.5254571876733 10.0 6.020029433304444
1472.705372396788 742.4987638108474 10.0 6.036771733313799
1472.5484065137148 742.4719932103508 10.0 6.053441633237526
1472.3910060751248 742.4451454149994 10.0 6.070173433283344
1472.2331712532061 742.4182204536836 10.0 6.086844033328816
1472.0749022205525 742.3912183553676 10.0 6.103518733289093
1471.916199150163 742.3641391490896 10.0 6.120190333109349
1471.7570622154408 742.3369828639616 10.0 6.136862033279613
1471.5974915901925 742.3097495291692 10.0 6.153529633302242
1471.437487448628 742.2824391739714 10.0 6.170204933267087
1471.277049965359 742.255051827701 10.0 6.186873633181676
1471.116179315399 742.2275875197636 10.0 6.203549633268267
1470.9548756741617 742.2000462796382 10.0 6.220226033125073
1470.7931392174612 742.1724281368768 10.0 6.237451533321291
1470.6309701215105 742.1447331211043 10.0 6.254118333104998
1470.468368562921 742.1169612620183 10.0 6.270789433270693
1470.305334718702 742.0891125893892 10.0 6.287458133185282
1470.14186876626 742.0611871330597 10.0 6.3043071331921965
1469.9779708833973 742.0331849229449 10.0 6.321634233230725
1469.813641248312 742.0051059890325 10.0 6.338853033259511
1469.6488800395969 741.9769503613819 10.0 6.355981633299962
1469.4836874362386 741.9487180701249 10.0 6.37264953320846
1469.3180636176173 741.9204091454648 10.0 6.389318533241749
1469.1520087635056 741.8920236176768 10.0 6.406034533167258
1468.985523054068 741.863561517108 10.0 6.422724233241752
1468.8186066698595 741.8350228741766 10.0 6.439401833107695
1468.6512597918259 741.8064077193725 10.0 6.456074933288619
1468.4834826013023 741.7777160832565 10.0 6.472744633210823
1468.3152752800127 741.7489479964607 10.0 6.489418933168054
1468.146638010069 741.7201034896883 10.0 6.506529733305797
1467.9775709739704 741.6911825937132 10.0 6.523205833276734
1467.8080743546025 741.6621853393799 10.0 6.53987323329784
1467.6381483352368 741.6331117576037 10.0 6.556546333245933
1467.46779309953 741.6039618793704 10.0 6.57321793329902
1467.2970088315221 741.574735735736 10.0 6.5898947331588715
1467.1257957156377 741.5454333578267 10.0 6.606571033131331
1466.9541539366835 741.5160547768388 10.0 6.623247333103791
1466.7820836798483 741.4866000240387 10.0 6.639953133184463
1466.6095851307018 741.4570691307623 10.0 6.656625933246687
1466.4366584751945 741.4274621284154 10.0 6.673294633161277
1466.2633038996562 741.3977790484734 10.0 6.6899657333269715
1466.0895215907958 741.3680199224809 10.0 6.706640733173117
1465.9153117357005 741.338184782052 10.0 6.723691833205521
1465.7406745218343 741.3082736588699 10.0 6.7403667331673205
1465.5656101370382 741.2782865846867 10.0 6.757039533229545
1465.3901187695287 741.2482235913235 10.0 6.773708333261311
1465.2142006078977 741.2180847106702 10.0 6.790377833181992
1465.037855841111 741.1878699746851 10.0 6.807047833222896
1464.861084658508 741.1575794153954 10.0 6.82372823311016
1464.6838872498008 741.1272130648963 10.0 6.84039803314954
1464.5062638050738 741.0967709553513 10.0 6.85707743326202
1464.3282145147818 741.0662531189921 10.0 6.873769433237612
1464.1497395697506 741.0356595881183 10.0 6.890439233276993
1463.9708391611753 741.0049903950973 10.0 6.907111133215949
1463.7915134806196 740.9742455723641 10.0 6.923779533244669
1463.6117627200158 740.9434251524216 10.0 6.9408711332362145
1463.431587071663 740.9125291678398 10.0 6.957543933298439
1463.250986728227 740.8815576512561 10.0 6.974215333117172
1463.0699618827393 740.850510635375 10.0 6.990887433290482
1462.8885127285962 740.8193881529681 10.0 7.007554633310065
1462.706639459558 740.7881902368739 10.0 7.024226233130321
1462.5243422697483 740.7569169199976 10.0 7.04136923328042
1462.3416213536536 740.7255682353109 10.0 7.05803793319501
1462.158476906122 740.6941442158522 10.0 7.074711233144626
1461.9749091223623 740.6626448947262 10.0 7.091378933284432
1461.7909181979437 740.6310703051037 10.0 7.108048433205113
1461.606504328795 740.5994204802215 10.0 7.124722533160821
1461.4216677112029 740.5676954533826 10.0 7.141389233293012
1461.2364085418126 740.5358952579556 10.0 7.1582775332499295
1461.050727017626 740.5040199273749 10.0 7.174972233129665
1460.8646233360012 740.4720694951402 10.0 7.191644533304498
1460.6780976946518 740.4400439948168 10.0 7.208316633244976
1460.491150291646 740.4079434600353 10.0 7.224985733162612
1460.3037813254055 740.3757679244911 10.0 7.241660933243111
1460.1159909947057 740.343517421945 10.0 7.258331433171406
1459.9277794986738 740.3111919862222 10.0 7.2750026332214475
1459.7391470367882 740.2787916512129 10.0 7.291671933140606
1459.5500938088783 740.2463164508719 10.0 7.308346233330667
1459.3606200151232 740.213766419218 10.0 7.32508013327606
1459.1707258560511 740.181141590335 10.0 7.341750733321533
1458.9804115325383 740.1484419983701 10.0 7.358417933108285
1458.7896772458084 740.1156676775352 10.0 7.375088433269411
1458.5985231974319 740.0828186621054 10.0 7.391756733180955
1458.406949589325 740.0498949864201 10.0 7.408533833222464
1458.2149566237488 740.0168966848819 10.0 7.425202833255753
1458.0225445033086 739.9838237919571 10.0 7.44191693328321
1457.8297134309532 739.9506763421753 10.0 7.458590733120218
1457.636463609974 739.917454370129 10.0 7.475266633322462
1457.4427952440042 739.8841579104741 10.0 7.491938733262941
1457.2487085370176 739.8507869979292 10.0 7.508613333106041
1457.0542036933286 739.8173416672756 10.0 7.525303533300757
1456.8592809175907 739.7838219533576 10.0 7.541971533326432
1456.6639404147961 739.7502278910814 10.0 7.558648133184761
1456.4681823902745 739.716559515416 10.0 7.5753241332713515
1456.2720070496923 739.6828168613923 10.0 7.591994433198124
1456.0754145990527 739.6489999641035 10.0 7.608667833264917
1455.8784052446936 739.6151088587045 10.0 7.625395433278754
1455.6809791932874 739.5811435804121 10.0 7.642070233123377
1455.4831366518404 739.5471041645047 10.0 7.658741733292118
1455.2848778276914 739.5129906463222 10.0 7.675414833240211
1455.0862029285115 739.4788030612659 10.0 7.692084833281115
1454.887112162303 739.4445414447982 10.0 7.708754133200273
1454.6876057373986 739.4102058324427 10.0 7.7254364332184196
1454.48768386246 739.3757962597837 10.0 7.7421040332410485
1454.2873467464783 739.3413127624665 10.0 7.758780533215031
1454.086594598772 739.3067553761969 10.0 7.775453433161601
1453.8854276289874 739.2721241367414 10.0 7.792127133114263
1453.6838460470963 739.2374190799266 10.0 7.808796533150598
1453.4818500633965 739.2026402416394 10.0 7.825472133234143
1453.27943988851 739.167787657827 10.0 7.8421394331380725
1453.076615733383 739.1328613644963 10.0 7.858913833275437
1452.8733778092844 739.0978613977139 10.0 7.87577243312262
1452.6697263278054 739.0627877936063 10.0 7.892448433209211
1452.4656615008585 739.0276405883593 10.0 7.909119433257729
1452.2611835406765 738.9924198182182 10.0 7.925842633238062
1452.0562926598122 738.9571255194874 10.0 7.942863833159208
1451.8509890711373 738.9217577285303 10.0 7.9595391331240535
1451.645272987841 738.8863164817695 10.0 7.976219333242625
1451.4391446234304 738.8508018156862 10.0 7.992890433175489
1451.2326041917283 738.8152137668202 10.0 8.009565433254465
1451.0256519068737 738.7795523717699 10.0 8.026240133214742
1450.8182879833196 738.743817667192 10.0 8.04291283315979
1450.6105126358334 738.7080096898015 10.0 8.05958153330721
1450.4023260794954 738.6721284763713 10.0 8.076373733114451
1450.193728529698 738.6361740637323 10.0 8.093048733193427
1449.9847202021454 738.6001464887731 10.0 8.109772933181375
1449.7753013128518 738.5640457884402 10.0 8.12644433323294
1449.5654720781413 738.5278719997373 10.0 8.143112533260137
1449.3552327146472 738.4916251597255 10.0 8.159779633162543
1449.1445834393105 738.4553053055231 10.0 8.176448633195832
1448.9335244693798 738.4189124743057 10.0 8.193115933332592
1448.7220560224096 738.3824467033054 10.0 8.209788933163509
1448.51017831626 738.3459080298113 10.0 8.226464433129877
1448.2978915690962 738.309296491169 10.0 8.24313473328948
1448.0851959993872 738.2726121247807 10.0 8.259806833229959
1447.8720918259048 738.2358549681048 10.0 8.276483833324164
1447.6585792677233 738.199025058656 10.0 8.293156933272257
1447.444658544218 738.162122434005 10.0 8.309840533183888
1447.230329875065 738.1251471317784 10.0 8.326513833133504
1447.01559348024 738.0880991896584 10.0 8.343183633172885
1446.8004495800178 738.0509786453828 10.0 8.359851933317259
1446.5848983949709 738.0137855367451 10.0 8.376525533152744
1446.3689401459692 737.976519901594 10.0 8.3931980333291
1446.1525750541787 737.9391817778331 10.0 8.409867033129558
1445.935803341061 737.9017712034214 10.0 8.42653513327241
1445.7186252283727 737.8642882163725 10.0 8.443203433183953
1445.5010409381637 737.8267328547548 10.0 8.459872633218765
1445.2830506927771 737.7891051566913 10.0 8.4765420332551
1445.064654714848 737.7514051603594 10.0 8.493234833236784
1444.8458532273032 737.7136329039907 10.0 8.509903833270073
1444.6266464533596 737.6757884258711 10.0 8.526692733168602
1444.4070346165238 737.6378717643404 10.0 8.543741433182731
1444.1870179405912 737.5998829577921 10.0 8.560424033319578
1443.966596649645 737.5618220446737 10.0 8.57709433324635
1443.7457709680557 737.5236890634859 10.0 8.593787333229557
1443.5245411204799 737.485484052783 10.0 8.61045703315176
1443.3029073318594 737.4472070511725 10.0 8.62713843327947
1443.080869827421 737.408858097315 10.0 8.643851733300835
1442.8584288326751 737.370437229924 10.0 8.660519933328032
1442.6355845734145 737.331944487766 10.0 8.677195333177224
1442.4123372757144 737.29337990966 10.0 8.693869933253154
1442.1886871659312 737.2547435344774 10.0 8.710552433272824
1441.9646344707014 737.2160354011422 10.0 8.727227033115923
1441.7401794169411 737.1772555486306 10.0 8.743922133231536
1441.5153222318452 737.1384040159705 10.0 8.76059803320095
1441.290063142886 737.0994808422423 10.0 8.777270233258605
1441.0644023778134 737.0604860665777 10.0 8.793942033313215
1440.8383401646524 737.0214197281601 10.0 8.810610233107582
1440.6118767317041 736.9822818662246 10.0 8.827285533305258
1440.3850123075435 736.9430725200575 10.0 8.843953133327886
1440.1577471210196 736.9037917289962 10.0 8.860629933187738
1439.9300814012536 736.8644395324293 10.0 8.877298933221027
1439.7020153776389 736.8250159697961 10.0 8.893974533304572
1439.4735492798397 736.7855210805868 10.0 8.910647733137012
1439.2446833377905 736.7459549043419 10.0 8.927314533153549
1439.015417781695 736.7063174806527 10.0 8.943981333170086
1438.7857528420254 736.6666088491606 10.0 8.960651933215559
1438.5556887495216 736.6268290495572 10.0 8.977397833252326
1438.3252257351899 736.5869781215838 10.0 8.994074533227831
1438.094364030303 736.5470561050321 10.0 9.01074213325046
1437.8631038663984 736.507063039743 10.0 9.02741223317571
1437.6314454752778 736.4669989656072 10.0 9.044087633257732
1437.3993890890063 736.4268639225647 10.0 9.060755733167753
1437.1669349399115 736.3866579506048 10.0 9.077423233306035
1436.9340832605826 736.3463810897657 10.0 9.094097733264789
1436.7008342838697 736.3060333801349 10.0 9.110767133301124
1436.467188242883 736.2656148618483 10.0 9.127438333118334
1436.2331453709912 736.2251255750909 10.0 9.144115533214062
1435.9987059018222 736.184565560096 10.0 9.160788733279333
1435.7638700692603 736.1439348571449 10.0 9.177461833227426
1435.528638107447 736.1032335065676 10.0 9.194138633320108
1435.2930102507796 736.0624615487418 10.0 9.210807333234698
1435.0569867339098 736.0216190240934 10.0 9.227696833200753
1434.8205677917433 735.980705973096 10.0 9.24437123327516
1434.5837536594393 735.9397224362705 10.0 9.261046233121306
1434.346544572409 735.8986684541856 10.0 9.277713833143935
1434.108940766315 735.8575440674571 10.0 9.294382533291355
1433.8709424770711 735.8163493167481 10.0 9.3110671332106
1433.6325499408404 735.7750842427686 10.0 9.327743633184582
1433.3937633940345 735.7337488862755 10.0 9.344412333332002
1433.1545830733137 735.6923432880725 10.0 9.361082433257252
1432.915009215585 735.6508674890096 10.0 9.37775483331643
1432.6750420580022 735.6093215299834 10.0 9.394586433190852
1432.434681837964 735.5677054519367 10.0 9.411262333160266
1432.193928793114 735.5260192958585 10.0 9.42793513322249
1431.95278316134 735.4842631027836 10.0 9.4446066331584
1431.711245180772 735.4424369137928 10.0 9.461274433182552
1431.4693150897826 735.4005407700124 10.0 9.47794403322041
1431.2269931269855 735.3585747126142 10.0 9.494617133168504
1430.9842795312343 735.3165387828154 10.0 9.511289133224636
1430.741174541623 735.2744330218785 10.0 9.527961233165115
1430.4976783974835 735.232257471111 10.0 9.544637433253229
1430.2537913383858 735.1900121718652 10.0 9.561339233303443
1430.0095136041368 735.1476971655383 10.0 9.578017233172432
1429.7648454347795 735.105312493572 10.0 9.594726433278993
1429.5197870705924 735.0628581974527 10.0 9.611393533181399
1429.2743387520882 735.0203343187108 10.0 9.628067333251238
1429.028500720013 734.9777408989208 10.0 9.64474833314307
1428.7822732153456 734.9350779797018 10.0 9.661419433308765
1428.5356564792971 734.892345602716 10.0 9.678122433135286
1428.2886507533092 734.8495438096697 10.0 9.694795133313164
1428.0412562790539 734.8066726423128 10.0 9.711469533154741
1427.7934732984322 734.7637321424386 10.0 9.728145133238286
1427.545302053574 734.7207223518834 10.0 9.744818333303556
1427.2967427868364 734.6776433125269 10.0 9.761490733129904
1427.0477957408034 734.6344950662917 10.0 9.778162033297122
1426.7984611582851 734.5912776551431 10.0 9.794836933258921
1426.548739282316 734.5479911210891 10.0 9.811504833167419
1426.2986303561556 734.5046355061803 10.0 9.828175033209845
1426.0481346232862 734.4612108525096 10.0 9.844849533168599
1425.7972523274125 734.4177172022119 10.0 9.861522633116692
1425.5459837124613 734.3741545974644 10.0 9.87819423316978
1425.2943290225799 734.3305230804864 10.0 9.894867933122441
1425.0422885021353 734.2868226935385 10.0 9.911805133102462
1424.789862395714 734.2430534789232 10.0 9.928475633263588
1424.5370509481204 734.1992154789843 10.0 9.945152033120394
1424.2838544043766 734.1553087361071 10.0 9.96182703319937
1424.030273009721 734.111333292718 10.0 9.9785013331566
1423.7763070096078 734.0672891912841 10.0 9.995178933255374
1423.521956649706 734.0231764743138 10.0 10.011866933200508
1423.2672221758985 733.978995184356 10.0 10.028538933256641
1423.0121038342813 733.9347453640002 10.0 10.045209433184937
1422.7566018711627 733.8904270558761 10.0 10.0622552332934
1422.5007165330626 733.846040302654 10.0 10.078923133201897
1422.2444480667114 733.8015851470443 10.0 10.095594733254984
1421.9877967190491 733.757061631797 10.0 10.112619433319196
1421.7307627372247 733.7124697997021 10.0 10.12929083313793
1421.4733463685955 733.6678096935894 10.0 10.145964933326468
1421.2155478607253 733.623081356328 10.0 10.16264203330502
1420.957367461385 733.5782848308265 10.0 10.179311333224177
1420.6988054185506 733.5334201600326 10.0 10.195981433149427
1420.4398619804026 733.4884873869331 10.0 10.212649533292279
1420.1805373953257 733.4434865545538 10.0 10.229320333106443
1419.9208319119075 733.3984177059591 10.0 10.245992833282799
1419.6607457789373 733.3532808842522 10.0 10.262668433133513
1419.4002792454062 733.3080761325745 10.0 10.279340433189645
1419.1394325605052 733.2628034941058 10.0 10.296014533145353
1418.8782059736252 733.2174630120643 10.0 10.312682633288205
1418.6165997343558 733.172054729706 10.0 10.32935763313435
1418.3546140924843 733.1265786903248 10.0 10.346027333289385
1418.0922492979955 733.0810349372522 10.0 10.362702233251184
1417.8295056010697 733.0354235138574 10.0 10.37945603323169
1417.5663832520831 732.9897444635469 10.0 10.39613093319349
1417.302882501606 732.9439978297647 10.0 10.412801133235916
1417.0390036004028 732.8981836559916 10.0 10.429725733119994
1416.7747467994304 732.8523019857456 10.0 10.446396133163944
1416.5101123498378 732.8063528625814 10.0 10.463560833130032
1416.2451005029648 732.7603363300905 10.0 10.480229733278975
1415.9797115103418 732.7142524319006 10.0 10.49690023320727
1415.7139456236887 732.6681012116761 10.0 10.513571433257312
1415.447803094914 732.6218827131174 10.0 10.530238333158195
1415.1812841761136 732.5755969799612 10.0 10.54723033332266
1414.9143891195708 732.5292440559799 10.0 10.563905233284459
1414.6471181777547 732.4828239849817 10.0 10.58057893323712
1414.3794716033196 732.4363368108105 10.0 10.59725273330696
1414.1114496491045 732.3897825773457 10.0 10.613925233250484
1413.8430525681315 732.343161328502 10.0 10.630883133271709
1413.5742806136057 732.2964731082291 10.0 10.647730833152309
1413.305134038914 732.2497179605119 10.0 10.664407533127815
1413.0356130976245 732.2028959293702 10.0 10.681083733215928
1412.7657180434853 732.1560070588584 10.0 10.69775743316859
1412.4954491304238 732.1090513930657 10.0 10.714427333325148
1412.2248066125462 732.0620289761152 10.0 10.731101833283901
1411.9537907441363 732.0149398521651 10.0 10.748176833149046
1411.6824017796546 731.9677840654069 10.0 10.764844533288851
1411.4106399737377 731.9205616600668 10.0 10.78151663322933
1411.1385055811975 731.8732726804043 10.0 10.798204133287072
1410.8659988570198 731.8259171707128 10.0 10.814876933116466
1410.5931200563646 731.7784951753193 10.0 10.83174283313565
1410.319869434564 731.7310067385841 10.0 10.848414533305913
1410.0462472471222 731.6834519049008 10.0 10.866045133210719
1409.7722537497143 731.6358307186961 10.0 10.88293363316916
1409.4978891981857 731.5881432244294 10.0 10.899602933321148
1409.223153848551 731.5403894665932 10.0 10.916269933106378
1408.9480479569932 731.4925694897127 10.0 10.933002433273941
1408.6725717798631 731.4446833383452 10.0 10.9496720333118
1408.3967255736786 731.3967310570807 10.0 10.966344533255324
1408.1205095951234 731.3487126905414 10.0 10.983021333115175
1407.843924101046 731.3006282833815 10.0 10.99975353316404
1407.56696934846 731.2524778802868 10.0 11.016422933200374
1407.2896455945418 731.2042615259754 10.0 11.033122933236882
1407.0119530966308 731.1559792651966 10.0 11.049798333318904
1406.7338921122284 731.1076311427314 10.0 11.066472933162004
1406.4554628989968 731.059217203392 10.0 11.083144933218136
1406.1766657147584 731.0107374920219 10.0 11.099820133298635
1405.8975008174953 730.9621920534954 10.0 11.11651433329098
1405.6179684653475 730.913580932718 10.0 11.133185033220798
1405.3380689166136 730.8649041746256 10.0 11.14985533314757
1405.0578024297483 730.8161618241849 10.0 11.166522233281285
1404.7771692633628 730.7673539263928 10.0 11.183207333320752
1404.4961696762232 730.718480526277 10.0 11.199908533133566
1404.2148039272504 730.6695416688946 10.0 11.216576933162287
1403.9330722755187 730.6205373993333 10.0 11.233249533222988
1403.6509749802553 730.5714677627105 10.0 11.250255733262748
1403.3685123008393 730.5223328041732 10.0 11.266926233191043
1403.0856844968007 730.4731325688979 10.0 11.283598633250222
1402.8024918278202 730.4238671020906 10.0 11.300418433267623
1402.5189345537274 730.3745364489868 10.0 11.317087933188304
1402.2350129345011 730.3251406548507 10.0 11.333764033159241
1401.9507272302678 730.2756797649757 10.0 11.350434133317322
1401.666077701301 730.226153824684 10.0 11.367316733114421
1401.3810646080203 730.1765628793265 10.0 11.383989033289254
1401.095688210991 730.1269069742825 10.0 11.400663533248007
1400.8099487709226 730.0771861549599 10.0 11.417337133316323
1400.5238465486682 730.0274004667946 10.0 11.43400533311069
1400.2373818052245 729.9775499552508 10.0 11.450681833317503
1399.9505548017296 729.9276346658205 10.0 11.467362533323467
1399.6633657994635 729.8776546440237 10.0 11.484037633286789
1399.3758150598462 729.8276099354077 10.0 11.50070743332617
1399.0879028444378 729.7775005855477 10.0 11.517381233163178
1398.7996294149368 729.727326640046 10.0 11.5340563331265
1398.51099503318 729.6770881445324 10.0 11.550753433257341
1398.2219999611416 729.6267851446634 10.0 11.567693933146074
1397.932644460932 729.5764176861227 10.0 11.584364133188501
1397.6429287947967 729.5259858146208 10.0 11.601033233106136
1397.352853225117 729.4754895758947 10.0 11.617709933314472
1397.0624180144077 729.424929015708 10.0 11.634381033247337
1396.7716234253169 729.3743041798506 10.0 11.651659133145586
1396.4804697206246 729.3236151141385 10.0 11.668327233288437
1396.1889571632428 729.272861864414 10.0 11.685001933248714
1395.8970860162142 729.2220444765453 10.0 11.701760733267292
1395.6048565427113 729.1711629964261 10.0 11.718434233218431
1395.3122690060359 729.120217469976 10.0 11.735102033242583
1395.019323669618 729.0692079431399 10.0 11.751774433301762
1394.726020797015 729.0181344618882 10.0 11.769021133193746
1394.4323606519117 728.9669970722164 10.0 11.785688233328983
1394.1383434981178 728.9157958201451 10.0 11.802359933266416
1393.843969599569 728.8645307517199 10.0 11.819027633173391
1393.5492392203246 728.813201913011 10.0 11.835703933145851
1393.254152624568 728.7618093501131 10.0 11.852560333209112
1392.958710076605 728.7103531091459 10.0 11.869229533243924
1392.6629118408634 728.6588332362529 10.0 11.885904433205724
1392.366758181892 728.6072497776021 10.0 11.902579233283177
1392.0702493643598 728.5556027793854 10.0 11.919253333238885
1391.7733856530558 728.5038922878186 10.0 11.935923133278266
1391.4761673128874 728.4521183491414 10.0 11.952591233188286
1391.1785946088796 728.4002810096171 10.0 11.969267833279446
1390.880667806175 728.3483803155323 10.0 11.985945733264089
1390.5823871700325 728.2964163131971 10.0 12.002616233192384
1390.2837529658261 728.244389048945 10.0 12.01928643323481
1389.984765459045 728.192298569132 10.0 12.035958033287898
1389.6854249152923 728.1401449201376 10.0 12.05263423314318
1389.3857316002839 728.0879281483635 10.0 12.069301933282986
1389.0856857798483 728.0356483002346 10.0 12.08597613312304
1388.7852877199255 727.9833054221978 10.0 12.103549833176658
1388.4845376865665 727.9308995607227 10.0 12.12022523325868
1388.183435945932 727.8784307623008 10.0 12.13689473317936
1387.8819827642917 727.825899073446 10.0 12.153563333209604
1387.5801784080245 727.7733045406937 10.0 12.170239333296195
1387.278023143616 727.7206472106016 10.0 12.186938133323565
1386.9755172376595 727.6679271297485 10.0 12.203614733181894
1386.6726609568534 727.6151443447351 10.0 12.22029113327153
1386.369454568002 727.5622989021832 10.0 12.23695983318612
1386.0658983380142 727.509390848736 10.0 12.253632533131167
1385.7619925339022 727.4564202310576 10.0 12.27168823312968
1385.4577374227813 727.4033870958331 10.0 12.288358733290806
1385.1531332718687 727.3502914897684 10.0 12.30503433314152
1384.848180348483 727.2971334595902 10.0 12.321701533161104
1384.542878920044 727.2439130520455 10.0 12.338374033104628
1384.2372292540704 727.1906303139018 10.0 12.35895173321478
1383.9312316181804 727.1372852919467 10.0 12.375623133266345
1383.6248862800903 727.083878032988 10.0 12.392294233199209
1383.3181935076138 727.0304085838534 10.0 12.408964433241636
1383.0111535686615 726.9768769913904 10.0 12.425977833103389
1382.7037667312395 726.9232833024664 10.0 12.442651233170182
1382.3960332634495 726.869627563968 10.0 12.45932503324002
1382.0879534334872 726.8159098228014 10.0 12.476004933239892
1381.779527509642 726.7621301258919 10.0 12.492743433220312
1381.4707557602965 726.708288520184 10.0 12.509420133195817
1381.1616384539245 726.6543850526415 10.0 12.5260873332154
1380.8521758590916 726.6004197702464 10.0 12.542786633130163
1380.5423682444539 726.54639272 10.0 12.559459433192387
1380.232215878757 726.4923039489216 10.0 12.576140333199874
1379.9217190308357 726.4381535040495 10.0 12.592813533265144
1379.6108779696126 726.38394143244 10.0 12.609490933129564
1379.2996929640983 726.3296677811675 10.0 12.626164433313534
1378.9881642833896 726.2753325973243 10.0 12.642837633145973
1378.6762921966692 726.220935928021 10.0 12.660137233324349
1378.3640769732053 726.1664778203857 10.0 12.676854933146387
1378.0515188823501 726.111958321564 10.0 12.693524533184245
1377.7386181935397 726.057377478719 10.0 12.71052073314786
1377.4253751762924 726.0027353390312 10.0 12.727187633281574
1377.1117901002094 725.9480319496984 10.0 12.744100133189932
1376.7978632349727 725.8932673579352 10.0 12.760768233332783
1376.4835948503453 725.8384416109733 10.0 12.77743953326717
1376.1689852161694 725.783554756061 10.0 12.794113633222878
1375.8540346023665 725.7286068404635 10.0 12.810787933180109
1375.5387432789366 725.6735979114623 10.0 12.827458133222535
1375.223111515957 725.6185280163552 10.0 12.844152233330533
1374.907139583582 725.5633972024565 10.0 12.860826833173633
1374.5908277520416 725.5082055170965 10.0 12.877495133318007
1374.2741762916412 725.4529530076213 10.0 12.894165033241734
1373.9571854727608 725.3976397213931 10.0 12.910843033110723
1373.639855565854 725.3422657057896 10.0 12.927653433289379
1373.322186841448 725.286831008204 10.0 12.944320233305916
1373.0041795701413 725.2313356760451 10.0 12.960997333284467
1372.6858340226047 725.1757797567368 10.0 12.9776783331763
1372.3671504695792 725.1201632977184 10.0 12.99434563331306
1372.0481291818764 725.064486346444 10.0 13.011018933262676
1371.7287704303767 725.0087489503827 10.0 13.027692633215338
1371.4090744860293 724.9529511570182 10.0 13.044359433231875
1371.0890416198513 724.897093013849 10.0 13.061031033284962
1370.7686721029263 724.841174568388 10.0 13.077705833129585
1370.447966206405 724.7851958681625 10.0 13.094377933302894
1370.126924201503 724.7291569607139 10.0 13.11105093313381
