1500.0 747.0 10.166666666666666 0.2597152080002161
1499.999526808716 746.999958601127 10.333335489215155 0.312343458000214
1499.9985728691647 746.9998730382391 10.500006467673355 0.3336522080003306
1499.9971306450793 746.9997404802936 10.666679602069152 0.36655479099999866
1499.9951926213832 746.9995580304782 10.833354892430435 0.3999292910002623
1499.9927513046655 746.9993227263471 11.000032338785092 0.4165969160003442
1499.9897992236536 746.9990315399599 11.16671194116101 0.4332684160003737
1499.9863289296877 746.9986813780233 11.333393699586077 0.46659025000008114
1499.9823329971923 746.9982690820381 11.500077614088184 0.4993127910001931
1499.977804024148 746.9977914284477 11.666763684695221 0.533252583000376
1499.972734632563 746.9972451287914 11.833451911435077 0.5666095000001405
1499.9671174689427 746.9966268298604 12.00014229433564 0.5997554160003347
1499.9609452047596 746.9959331138576 12.166834833424804 0.632912000000033
1499.954210536922 746.995160498561 12.333529528730459 0.6499060000001009
1499.946906188241 746.9943054374894 12.500226380280495 0.6665962910001326
1499.939024907898 746.9933643200734 12.666925388102804 0.6997478330004014
1499.9305594719106 746.992333471828 12.83362655222528 0.7332523330001095
1499.9215026835968 746.9912091545295 13.000329872675811 0.7661631250002756
1499.91184737404 746.9899875663959 13.167035349482294 0.7993388330000926
1499.901586402551 746.9886648422699 13.333742982672621 0.8160066250002274
1499.8907126571303 746.9872370538061 13.500452772274686 0.8493457910003599
1499.8792190549289 746.9857002096611 13.66716471831638 0.8826732910001738
1499.8670985427077 746.984050255687 13.8338788208256 0.8993463330002669
1499.8543440972967 746.9822830751281 14.000595079830239 0.932681125000272
1499.8409487260515 746.9803944888216 14.167313495358194 0.9493632910002816
1499.8269054673099 746.9783802554008 14.334034067437358 0.9826870830002008
1499.8122073908469 746.9762360715018 14.500756796095628 1.0160150000001522
1499.796847598328 746.9739575719739 14.667481681360899 1.0330665830001635
1499.7808192237617 746.9715403300928 14.834208723261067 1.0499153750001824
1499.7641154339508 746.9689798577775 15.00093792182403 1.0832455000004302
1499.7467294289413 746.9662716058103 15.167669277077685 1.116597625000395
1499.728654442472 746.9634109640599 15.334402789049928 1.149917749999986
1499.7098837424194 746.9603932617077 15.501138457768658 1.1832421660001273
1499.6904106312452 746.9572137674783 15.667876283261773 1.2165795000000799
1499.6702284464388 746.9538676898713 15.834616265557171 1.2493497500004196
1499.6493305609604 746.950350177399 16.00135840468275 1.2832516660000692
1499.6277103836812 746.9466563188242 16.168102700666413 1.3166848330001812
1499.6053613598237 746.9427811434044 16.334849153536055 1.349917583000206
1499.5822769713989 746.9387196211363 16.50159776331958 1.3832565410002644
1499.5584507376416 746.9344666630055 16.668348530044884 1.4167084580003575
1499.5338762154465 746.9300171212388 16.83510145373987 1.450013250000211
1499.5085469997996 746.9253657895591 17.00185653443244 1.4828919160004261
1499.48245672421 746.9205074034443 17.168613772150497 1.5165786659999867
1499.4555990611384 746.9154366403885 17.335373166921936 1.5491536250001445
1499.4279677224256 746.9101481201675 17.502134718774663 1.566551458000049
1499.3995564597178 746.9046364051059 17.668898427736583 1.5999124160002793
1499.3703590648902 746.8988960003486 17.835664293835595 1.6328573750001851
1499.3403693704697 746.892921354135 18.002432317099604 1.6499127910001334
1499.3095812500544 746.8867068580759 18.169202497556512 1.6665820000002896
1499.2779886187323 746.8802468474338 18.335974835234225 1.6832608750000873
1499.2455854334976 746.8735356014065 18.502749330160647 1.71657550000009
1499.2123656936649 746.8665673434134 18.66952598236368 1.7332583750003323
1499.178323441282 746.8593362413848 18.836304791871232 1.7665804160001244
1499.1434527615393 746.8518364080544 19.003085758711208 1.7999150000000554
1499.107747783179 746.8440619012549 19.169868882911516 1.8332446660001551
1499.0712026789017 746.8360067242166 19.336654164500057 1.8665816250004355
1499.033811665769 746.8276648258686 19.50344160350474 1.8832496250001896
1498.995569005607 746.8190301011432 19.67023119995347 1.8999270830004207
1498.9564690054056 746.8100963912837 19.837022953874158 1.9332488750001176
1498.916506017716 746.8008574841543 20.00381686529471 1.9499357500003498
1498.875674441047 746.791307114554 20.17061293424303 1.9832322500001283
1498.8339687202572 746.7814389645322 20.33741116074703 2.016582166000262
1498.791383346947 746.7712466637081 20.504211544834618 2.0499147500004256
1498.7479128598466 746.7607237895928 20.671014086533702 2.0831243330003417
1498.7035518452033 746.7498638679142 20.837818785872194 2.099918916000206
1498.6582949371648 746.7386603729445 21.004625642878 2.1165995410001415
1498.6121368181616 746.7271067278313 21.171434657579034 2.1493302910002967
1498.565072219286 746.7151963049305 21.338245830003206 2.166585750000195
1498.5170959206698 746.702922426143 21.505059160178423 2.199915833000432
1498.4682027518581 746.6902783632538 21.671874648132597 2.233254541000406
1498.4183875921822 746.6772573382736 21.838692293893644 2.2659823750000214
1498.367645371129 746.6638525237837 22.005512097489472 2.2832462910000686
1498.3159710687082 746.6500570432831 22.172334058947992 2.316569750000326
1498.2633597158176 746.6358639715392 22.33915817829712 2.3494718750002903
1498.2098063946044 746.6212663349401 22.505984455564764 2.3832733750000443
1498.1553062388257 746.6062571118505 22.672812890778843 2.4159825830001864
1498.0998544342056 746.5908292329701 22.83964348396727 2.433002375000342
1498.043446218789 746.5749755816945 23.006476235157955 2.466635583000425
1497.9860768832948 746.5586889944785 23.173311144378815 2.499131750000288
1497.9277417714638 746.541962261203 23.340148211657766 2.515999875000034
1497.8684362804067 746.5247881255434 23.506987437022723 2.5326966659999925
1497.808155860947 746.5071592853413 23.673828820501598 2.5499204160000772
1497.7468960179629 746.4890683929789 23.84067236212231 2.583248750000166
1497.6846523107263 746.4705080557552 24.007518061912773 2.6164719580001474
1497.6214203532377 746.4514708362658 24.174365919900907 2.649917749999986
1497.5571958145604 746.4319492527842 24.341215936114626 2.6831912910001847
1497.4919744191502 746.4119357796466 24.50806811058185 2.7165841250002813
1497.4257519471837 746.3914228476383 24.67492244333049 2.7499203330003184
1497.3585242348827 746.3704028443836 24.841778934388472 2.7827690410003925
1497.2902871748363 746.3488681147372 25.00863758378371 2.7999227910004265
1497.2210367163202 746.3268109611786 25.175498391544124 2.8332447500001763
1497.1507688656136 746.3042236442086 25.342361357697634 2.8658590000000004
1497.0794796863117 746.281098382749 25.509226482272155 2.883133041000292
1497.0071652996376 746.2574273545433 25.67609376529561 2.91659670800027
1496.9338218847492 746.2332026965616 25.842963206795922 2.949918791000073
1496.8594456790447 746.208416505406 26.009834806801006 2.9832964580000407
1496.7840329784644 746.1830608377197 26.176708565338785 3.016012791000321
1496.7075801377896 746.1571277105978 26.343584482437183 3.033247875000143
1496.6300835709392 746.1306091020008 26.510462558124118 3.066588375000265
1496.5515397512625 746.1034969511696 26.677342792427513 3.1000475000000733
1496.4719452118295 746.0757831590441 26.844225185375294 3.1332490830000097
1496.3912965457184 746.0474595886826 27.011109736995376 3.149924125000325
1496.3095904063 746.0185180656845 27.17799644731569 3.1832513750000544
1496.2268235075185 745.9889503786146 27.344885316364152 3.2165857500003767
1496.14299262417 745.9587482794302 27.51177634416869 3.2498966250000194
1496.058094592178 745.9279034839095 27.67866953075723 3.2832628750002186
1495.9721263088652 745.8964076720831 27.845564876157695 3.3165841250001904
1495.8850847332233 745.864252488667 28.01246238039801 3.3332882500003507
1495.7969668861786 745.8314295434978 28.179362043506096 3.3667255410000507
1495.7077698508551 745.7979304119704 28.346263865509883 3.4000397910003812
1495.6174907728348 745.7637466354771 28.513167846437298 3.4333711250001215
1495.5261268604147 745.72886972185 28.680073986316263 3.4665786250002384
1495.43367538486 745.6932911458033 28.846982285174708 3.500045166000291
1495.3401336806558 745.6570023493803 29.013892743040557 3.5333327080002164
1495.245499145754 745.6199947424001 29.18080535994174 3.5657944160002444
1495.149769241818 745.5822597029075 29.347720135906183 3.5829261660001066
1495.0529414944644 745.543788577625 29.514637070961818 3.599916000000121
1494.9550134935012 745.5045726824055 29.68155616513657 3.6332554160003383
1494.8559828931625 745.4646033026885 29.84847741845837 3.666584083000089
1494.7558474123414 745.4238716939572 30.015400830955144 3.6996157080002376
1494.654604834818 745.3823690821974 30.182326402654823 3.7165812910002387
1494.5522530094856 745.3400866643597 30.349254133585337 3.7499110000003384
1494.4487898505736 745.2970156088211 30.516184023774617 3.7832485000003544
1494.3442133378658 745.253147055851 30.68311607325059 3.8167567500004225
1494.2385215169177 745.2084721180769 30.850050282041195 3.8500168330001543
1494.1317124992693 745.1629818809537 31.016986650174356 3.8833524160004345
1494.0237844626547 745.116667403233 31.183925177678006 3.9165660830003617
1493.9147356512094 745.0695197174358 31.35086586458008 3.9499293750000106
1493.8045643756734 745.0215298303258 31.517808710908508 3.9832830000000286
1493.6932690135914 744.9726887233849 31.684753716691223 4.016727958000047
1493.5808480095104 744.9229873532902 31.85170088195616 4.049918041000183
1493.4672998751735 744.872416652393 32.01865020673125 4.083388916000331
1493.3526231897108 744.8209675291989 32.18560169104443 4.116585125000256
1493.2368165998266 744.7686308688504 32.352555334923636 4.149917791000007
1493.1198788199845 744.7153975336101 32.519511138396794 4.183386125000197
1493.0018086325874 744.6612583633464 32.686469101491845 4.216505750000124
1492.882604888157 744.6062041760199 32.85342922423672 4.2499210830001175
1492.762266505507 744.5502257681725 33.02039150665936 4.283386000000064
1492.6407924719158 744.4933139154169 33.1873559487877 4.316580832999989
1492.518181843295 744.4354593729284 33.35432255064967 4.3495727080003235
1492.3944337443531 744.376652875938 33.52129131227321 4.38324162500021
1492.2695473687593 744.3168851402266 33.68826223368627 4.41658333300029
1492.1435219793004 744.2561468626214 33.85523531491677 4.450044750000416
1492.016356908038 744.1944287214933 34.02221055599266 4.4832644580001215
1491.8880515564597 744.1317213772555 34.189187956941865 4.516580666000209
1491.7586053956284 744.0680154728644 34.356167517792336 4.549075625000114
1491.6280179663288 744.0033016343208 34.52314923857201 4.566323583000212
1491.4962888792093 743.9375704711733 34.690133119308825 4.5832472080001025
1491.3634178149218 743.870812577023 34.85711916003072 4.5999220410003545
1491.2294045242584 743.8030185300287 35.02410736076563 4.616590750000341
1491.0942488282833 743.7341788934147 35.1910977215415 4.633268833000329
1490.957950618464 743.6642842159788 35.358090242386275 4.666575500000363
1490.8205098567973 743.5933250326027 35.52508492332789 4.683245333000286
1490.6819265759325 743.5212918647624 35.69208176439429 4.71658350000007
1490.5422008792918 743.4481752210407 35.85908076561341 4.7499210830001175
1490.4013329411882 743.3739655976412 36.0260819270132 4.783233083000141
1490.259323006938 743.2986534789026 36.1930852486216 4.799917791000098
1490.1161713929725 743.2222293378146 36.36009073046655 4.816585375000159
1489.971878486945 743.1446836365357 36.527098372576 4.833259833000284
1489.8264447478346 743.066006826911 36.694108174977885 4.866590875000384
1489.6798707060484 742.9861893509919 36.861120137700155 4.899916041000324
1489.532156963519 742.905221641557 37.028134260770756 4.933251458000086
1489.383304193798 742.8230941226333 37.195150544217626 4.96657950000008
1489.2333131421499 742.7397972100197 37.36216898806872 4.999307250000129
1489.082184625638 742.6553213118106 37.52918959235197 5.016470791000302
1488.9299195332114 742.5696568289212 37.696212357095334 5.033266291000018
1488.7765188257856 742.4827941556135 37.86323728232675 5.066578291000042
1488.6219835363224 742.3947236800234 38.03026436807417 5.0999145830001
1488.466314769905 742.3054357846888 38.19729361436554 5.133252375000211
1488.3095137038106 742.2149208470793 38.36432502122881 5.166588625000259
1488.1515815875798 742.1231692401254 38.531358588691916 5.199831249999988
1487.9925197430825 742.0301713327508 38.69839431678282 5.233260416000121
1487.8323295645814 741.9359174904034 38.86543220552946 5.266711416000362
1487.6710125187913 741.8403980755894 39.032472254959785 5.299934208000195
1487.508570144936 741.7436034484062 39.19951446510175 5.333373166000001
1487.3450040548016 741.6455239670784 39.366558835983305 5.365975458000321
1487.1803159327878 741.5461499884923 39.5336053676324 5.383258708000085
1487.0145075359542 741.4454718687339 39.70065406007698 5.416579958000057
1486.8475806940644 741.3434799636253 39.867704913344994 5.449926583000433
1486.6795373096277 741.2401646292637 40.0347579274644 5.483407916000033
1486.5103793579365 741.1355162225603 40.20181310246314 5.516581791000135
1486.3401088871005 741.0295251017805 40.36887043836918 5.5332528750000165
1486.1687280180795 740.9221816270841 40.53592993521046 5.566576832999999
1485.9962389447105 740.813476161068 40.702991593014936 5.599911375000374
1485.8226439337338 740.7033990693074 40.87005541181056 5.633249040999999
1485.647945324815 740.5919407208993 41.03712139162529 5.666577958000289
1485.4721455305644 740.4790914890066 41.20418953248707 5.699925250000433
1485.295247036552 740.3648417514021 41.37125983442386 5.733253958000205
1485.1172524013211 740.2491818910142 41.53833229746361 5.766743666000366
1484.9381642563983 740.1321022964725 41.705406921634285 5.799920375000056
1484.7579853062991 740.0135933626542 41.87248370696383 5.8333823330003725
1484.5767183285323 739.8936454912321 42.039562653480196 5.866585750000013
1484.3943661735998 739.7722490912215 42.206643761211346 5.900046875000044
1484.2109317649943 739.6493945795294 42.373727030185236 5.933255083000404
1484.0264180991928 739.525072381503 42.54081246042983 5.966584125000281
1483.840828245649 739.39927293148 42.70790005197306 5.999921583000287
1483.6541653467793 739.2719866733382 42.87498980484291 6.032642625000335
1483.4664326179497 739.1432040610467 43.042081719067326 6.06673066600024
1483.2776333474562 739.012915559217 43.209175794674266 6.099903166000331
1483.0877708965038 738.8811116436551 43.376272031691684 6.133250583000063
1482.896848699182 738.7477828019134 43.54337043014755 6.165963625000131
1482.704870262438 738.6129195338442 43.71047099006981 6.182951624999987
1482.5118391660444 738.4765123521522 43.87757371148643 6.216578416000175
1482.3177590625678 738.3385517829488 44.04467859442536 6.249916375000339
1482.1226336773298 738.1990283663062 44.21178563891458 6.283252333000291
1481.9264668083683 738.0579326568117 44.37889484498203 6.3165782500000205
1481.7292623263943 737.915255224123 44.54600621265568 6.349920083000143
1481.5310241747452 737.7709866535238 44.713119741963496 6.383256041000095
1481.3317563693365 737.6251175464788 44.88023543293343 6.416683375000048
1481.131462998609 737.4776385211906 45.04735328559345 6.449917500000083
1480.9301482234735 737.3285402131555 45.214473299971516 6.48324966600012
1480.7278162772516 737.1778132757207 45.38159547609559 6.51658395800041
1480.5244714656155 737.0254483806411 45.548719813993635 6.549284291000276
1480.3201181665224 736.8714362186366 45.71584631369361 6.566582625000137
1480.114760830147 736.7157674999496 45.88297497522348 6.5832547910004
1479.9084039788097 736.5584329549031 46.05010579861122 6.616581833000055
1479.7010522069043 736.3994233344583 46.21723878388478 6.649921000000177
1479.4927101808191 736.2387294107733 46.38437393107213 6.6832499160000225
1479.2833826388583 736.0763419777611 46.551511240201236 6.716583666000133
1479.0730743911574 735.9122518516482 46.718650711300064 6.749918833000265
1478.8617903195975 735.7464498715334 46.88579234439658 6.766596291000042
1478.6495353777154 735.5789268999467 47.05293613951874 6.799915166000119
1478.4363145906111 735.4096738234083 47.220082096694526 6.833253125000283
1478.2221330548518 735.2386815529871 47.387230215951895 6.866578541000308
1478.0069959383734 735.0659410248604 47.55438049731882 6.899916125000345
1477.790908480378 734.8914432008726 47.72153294082326 6.933249791000435
1477.573875991229 734.7151790690943 47.88868754649319 6.966592083000251
1477.3559038523426 734.5371396443819 48.05584431435657 6.999912750000021
1477.1369975160767 734.3573159689362 48.22300324444138 7.032582333000391
1476.917162505616 734.1756991128615 48.390164336775584 7.04992458300012
1476.6964044148547 733.992280174725 48.55732759138715 7.083262500000274
1476.474728908275 733.8070502821153 48.724493008304044 7.116572541000096
1476.2521417208234 733.6200005922011 48.89166058755424 7.1497901660000025
1476.0286486577836 733.4311222922903 49.058830329165716 7.18324100000018
1475.8042555946463 733.240406600388 49.22600223316643 7.216597166000156
1475.5789684769752 733.0478447657555 49.39317629958437 7.2499127910000425
1475.3527933202708 732.8534280694673 49.56035252844749 7.283368875000178
1475.1257362098302 732.65714782497 49.72753091978377 7.316589041000043
1474.8978033006042 732.4589953786395 49.89471147362118 7.350045833000422
1474.6690008170515 732.2589621103384 50.06189418998769 7.3832436659999985
1474.4393350529883 732.0570394339727 50.229079068911275 7.4159475410001505
1474.2088123714366 731.853218798049 50.396266110419916 7.433132166000178
1473.9774392044678 731.6474916862309 50.56345531454158 7.4499269580001055
1473.745222053044 731.439849617894 50.730646681304236 7.483249166000405
1473.5121674868558 731.2302841486827 50.897840210735865 7.516580791000251
1473.2782821441565 731.0187868710644 51.06503590286444 7.55003650000026
1473.0435727315937 730.8053494148849 51.232233757717935 7.583240165999996
1472.8080460240371 730.5899634479216 51.39943377532433 7.616581958000097
1472.5717088644035 730.3726206764381 51.5666359557116 7.649717375000364
1472.3345681634783 730.1533128457368 51.733840298907715 7.666400958000395
1472.0966308997338 729.9320317407111 51.901046804940655 7.699921208000433
1471.8579041191445 729.7087691863981 52.0682554738384 7.733249333000003
1471.6183949349982 729.4835170485293 52.235466305628925 7.765940500000397
1471.3781105277053 729.2562672340813 52.4026793003402 7.783251625000048
1471.1370581446038 729.0270116918257 52.56989445800022 7.79992245800031
1470.8952450997606 728.7957424128784 52.73711177863695 7.816607833000035
1470.652678773771 728.5624514312478 52.904331262278376 7.849912416000279
1470.4093666135534 728.3271308243827 53.07155290895247 7.883248166000158
1470.165316132142 728.0897727137188 53.23877671868721 7.916581625000163
1469.9205349084743 727.8503692652248 53.40600269151059 7.9499183750003795
1469.6750305871778 727.6089126899474 53.57323082745057 7.9832415000000765
1469.428810878351 727.3653952445555 53.74046112653515 8.01658075000023
1469.1818835573426 727.1198092318834 53.907693588792306 8.049920666000162
1468.9342564645267 726.8721470014727 54.07492821425001 8.082634625000082
1468.6859375050744 726.6224009501138 54.24216500293625 8.099923625000429
1468.4369346487233 726.3705635223859 54.409403954879004 8.13325279100036
1468.1872559295418 726.1166272111957 54.57664507010626 8.166597666000143
1467.936909445691 725.8605845583157 54.743888348646 8.199926041000253
1467.685903359184 725.6024281549206 54.91113379052621 8.233240833000309
1467.4342458956398 725.342150642123 55.07838139577486 8.2665887080002
1467.1819453440357 725.0797447115073 55.24563116441995 8.299916458000098
1466.9290100564554 724.8152031056628 55.41288309648945 8.316588458000297
1466.6754484478333 724.5485186187158 55.58013719201136 8.349955083000168
1466.421268995697 724.2796840968589 55.74739345101365 8.383245333000104
1466.1664802399034 724.0086924388808 55.91465187352431 8.416580833000353
1465.9110907823756 723.735536596693 56.081912459571335 8.44948312500037
1465.6551092868317 723.4602095758565 56.2491752091827 8.46619075000035
1465.3985444785137 723.1827044361055 56.4164401223864 8.483125125000242
1465.141405143911 722.9030142918706 56.58370719921041 8.499914416000138
1464.8837001304817 722.6211323128 56.750976439682724 8.5165887080002
1464.625438346369 722.3370517242791 56.91824784383133 8.549290458000087
1464.3666287601156 722.0507658079488 57.08552141168421 8.566019166000387
1464.1072804003734 721.7622679022206 57.25279714326936 8.599921541000185
1463.84740235561 721.4715514027924 57.42007503861477 8.632457958000032
1463.5870037738127 721.1786097631602 57.587355097748414 8.649389583000357
1463.3260938621877 720.8834364951289 57.75463732069829 8.666437000000315
1463.064681886856 720.5860251693211 57.921921707492395 8.683224375000009
1462.802777172547 720.2863694156846 58.08920825815871 8.699917791000189
1462.5403891022859 719.9844629239963 58.25649697272523 8.732806708000226
1462.2775271170815 719.6802994443655 58.42378785121994 8.749886250000145
1462.0142007156064 719.3738727877346 58.59108089367084 8.766583625000294
1461.7504194538765 719.0651768263778 58.75837610010592 8.799905250000393
1461.4861929449255 718.7542054943967 58.925673470553164 8.83324095800026
1461.2215308584769 718.4409527882156 59.09297300504057 8.849912000000131
1460.956442920611 718.1254127670724 59.260274703596124 8.88324433300022
1460.6909389134298 717.8075795535085 59.427578566247824 8.916590250000354
1460.425028674718 717.487447333856 59.594884593023664 8.949920666000253
1460.1587220975998 717.1650103587223 59.76219278395163 8.98325366600011
1459.8920291301918 716.840262943472 59.92950313905973 9.01657058300043
1459.6249597752544 716.5131994687071 60.09681565837595 9.049929666000025
1459.3575240898376 716.1838143807436 60.264130341928286 9.083251500000188
1459.0897321849238 715.8521021920862 60.43144718974473 9.11595675000035
1458.8215942250674 715.5180574819004 60.59876620185328 9.133282916000098
1458.5531204280303 715.1816748964806 60.76608737828193 9.166593416000069
1458.2843210644141 714.8429491497169 60.93341071905868 9.199915583000347
1458.015206457289 714.5018750235587 61.100736224211516 9.233250833000056
1457.7457869818186 714.1584473684745 61.26806389376845 9.266585833000136
1457.4760730648813 713.81266110391 61.43539372775747 9.299920125000426
1457.2060751846886 713.4645112187425 61.60272572620658 9.33339100000012
1456.9358038703986 713.1139927717317 61.770059889143766 9.366706416000397
1456.6652697017273 712.761100891969 61.93739621659704 9.399959291000414
1456.394483308556 712.4058307793222 62.104734708594385 9.433437458000299
1456.123455370534 712.0481777048772 62.272075365163815 9.466595166000388
1455.8521966166795 711.6881370113769 62.43941818633332 9.49991375000036
1455.5807178249759 711.3257041136565 62.606763172130904 9.533252666000408
1455.3090298219645 710.9608744990754 62.77411032258457 9.566588916
1455.0371434823337 710.5936437279458 62.94145963772231 9.599921666000228
1454.7650697285053 710.2240074339572 63.10881111757214 9.633258666000074
1454.4928195302168 709.8519613245983 63.27616476216205 9.666568166000161
1454.2204039040996 709.4775011815744 63.44352057152003 9.699924333000126
1453.9478339132547 709.100622861222 63.610878545674105 9.733060458000182
1453.6751206668246 708.7213222949184 63.778238684652266 9.76657887500005
1453.4022753195607 708.3395954894892 63.94560098848251 9.79991391600015
1453.129309071389 707.9554385276101 64.11296545719286 9.833259708000242
1452.8562331669702 707.5688475682065 64.2803320908113 9.866583708000235
1452.5830588952588 707.1798188468476 64.44770088936583 9.899969625000267
1452.3097975890562 706.7883486761383 64.61507185288447 9.933387833000324
1452.0364606245623 706.3944334461047 64.78244498139522 9.966585957999996
1451.763059420922 705.9980696245776 64.94982027492607 10.00004241600027
1451.48960543977 705.5992537575708 65.11719773350505 10.033251250000376
1451.2161101847707 705.1979824696547 65.28457735716015 10.066576708000412
1450.942585201156 704.7942524643269 65.45195914591937 10.099280750000162
1450.6690420752577 704.3880605243772 65.61934309981073 10.116083166000408
1450.3954924340392 703.979403512249 65.78672921886225 10.133256916000391
1450.1219479446218 703.5682783703952 65.95411750310191 10.149925041000188
1449.848420313808 703.1546821216313 66.12150795255772 10.18259445800004
1449.5749212876026 702.7386118694816 66.2889005672577 10.199765250000382
1449.301462650729 702.3200647985229 66.45629534722985 10.23326895800028
1449.0280562261432 701.8990381747223 66.62369229250218 10.26649420800004
1448.7547138745438 701.4755293457697 66.7910914031027 10.283239500000036
1448.4814474938796 701.0495357414075 66.95849267905942 10.31591754100009
1448.2082690188531 700.621054873753 67.12589612040034 10.332588875000056
1447.9351904204216 700.1900843376176 67.29330172715349 10.3659260000004
1447.662223705294 699.75662181082 67.46070949934686 10.399254165999992
1447.3893809154263 699.3206650544948 67.62811943700848 10.432606083000337
1447.1166741275115 698.8822119133962 67.79553154016634 10.465903750000052
1446.8441154524685 698.4412603161954 67.96294580884846 10.482580625000082
1446.5717170349265 697.9978082757743 68.13036224308286 10.499270333000368
1446.2994910527075 697.5518538895127 68.29778084289754 10.515939000000344
1446.0274497163048 697.1033953395705 68.46520160832051 10.532660791000126
1445.7556052683585 696.652430893165 68.6326245393798 10.566593791000287
1445.4839699831293 696.1989589028419 68.80004963610341 10.583266958000422
1445.2125561659673 695.7429778067415 68.96747689851935 10.616586541000288
1444.9413761527799 695.2844861288585 69.13490632665565 10.63325687500037
1444.670442309495 694.8234824792974 69.30233792054031 10.649923583000145
1444.3997670315232 694.3599655545207 69.46977168020135 10.68326025000033
1444.129362743215 693.893934137593 69.63720760566679 10.716591290999986
1443.8592418973178 693.4253870984176 69.80464569696463 10.749715750000178
1443.589416974427 692.9543233939687 69.9720859541229 10.766580291000082
1443.3199004824373 692.480742068517 70.13952837716961 10.783255208000355
1443.05070495599 692.004642253849 70.30697296613278 10.815924083000027
1442.7818429559172 691.5260231694816 70.47441972104042 10.832597166000141
1442.513327068684 691.044884122869 70.64186864192055 10.849910041000385
1442.2451699058283 690.5612245096047 70.8093197288012 10.882601041000271
1441.9773841033978 690.0750438136168 70.97677298171037 10.89985070800003
1441.709982321384 689.5863416073574 71.14422840067608 10.933244916000149
1441.4429772431542 689.0951175519854 71.31168598572637 10.949914583000009
1441.1763815748818 688.601371397543 71.47914573688924 10.966603583000051
1440.9102080449725 688.1051029831264 71.6466076541927 10.999917958000424
1440.64446940349 687.6063122370496 71.81407173766479 11.016600083000412
1440.3791784215778 687.1049991770018 71.98153798733352 11.049262833000284
1440.1143478908803 686.6011639101985 72.14900640322692 11.06660195800032
1439.8499906229597 686.0948066335255 72.31647698537299 11.099917083000037
1439.5861194487134 685.5859276336776 72.48394973379976 11.133251333000317
1439.3227472177866 685.0745272872889 72.65142464853527 11.165931625000212
1439.0598867979845 684.5606060610583 72.81890172960752 11.183255625000129
1438.7975510746821 684.0441645118665 72.98638097704453 11.21657950000008
1438.535752950232 683.5252032868877 73.15386239087434 11.233257791000142
1438.2745053433698 683.0037231236939 73.32134597112496 11.26591687500013
1438.0138211886185 682.479724850352 73.48883171782443 11.299263541000073
1437.7537134356905 681.9532093855146 73.65631963100076 11.332604500000343
1437.494195048888 681.424177738504 73.82380971068197 11.365926333000061
1437.235279006502 680.8926310093887 73.9913019568961 11.39922445800039
1436.9769783002082 680.358570389053 74.15879636967115 11.42292150000003
1436.719305934464 679.8219971592605 74.32629294903516 11.449059458000193
1436.4622749259013 679.2829126927088 74.49379169501617 11.466596665999987
1436.2058983027189 678.741318453079 74.66129260764218 11.499506875000407
1435.9501891040743 678.1972159950768 74.82879568694123 11.516443958000309
1435.695160379472 677.6506069644672 74.99630093294135 11.533231166000405
1435.4408251881534 677.1014930981012 75.16380834567056 11.565921125000386
1435.1871965984817 676.5498762239363 75.33131792515688 11.583259958000326
1434.9342876873297 675.995758261049 75.49882967142835 11.615906333000112
1434.6821115394632 675.4391412196404 75.666343584513 11.64992783300022
1434.430681246925 674.8800272010345 75.83385966443885 11.666604083000038
1434.1800099084173 674.3184183976689 76.00137791123392 11.699249833000067
1433.930110628684 673.7543170930785 76.16889832492625 11.716962583000168
1433.68099651789 673.1877256618717 76.33642090554387 11.74924400000009
1433.4326806910028 672.6186465696993 76.50394565311481 11.7662435000002
1433.1851762671702 672.047082373216 76.67147256766711 11.783167791000324
1432.9384963690995 671.4730357200341 76.83900164922878 11.815916833000301
1432.6926541224354 670.8965093486705 77.00653289782785 11.8325936250003
1432.4476626551366 670.3175060884857 77.17406631349238 11.865898000000016
1432.2035350968529 669.7360288596155 77.34160189625037 11.899232041000232
1431.9602845783015 669.152080672895 77.50913964612987 11.932550875000288
1431.7179242306431 668.5656646297753 77.67667956315891 11.949240416000066
1431.4764671848573 667.9767839222333 77.84422164736553 11.982642791000217
1431.235926571118 667.3854418326725 78.01176589877774 11.999829000000318
1430.9963155181688 666.7916417338181 78.1793123174236 12.033250833000238
1430.7576471526982 666.1953870886027 78.34686090333112 12.049927541000216
1430.5199345987146 665.5966814500462 78.51441165652835 12.083256625000104
1430.2831909769218 664.9955284611267 78.68196457704332 12.116583208000065
1430.0474294040937 664.3919318546452 78.84951966490407 12.133255875000032
1429.8126629924504 663.7858954530815 79.01707692013862 12.166583916000036
1429.5789048490342 663.177423168443 79.18463634277502 12.183263041000373
1429.346168075085 662.5665190021072 79.3521979328413 12.216463083000235
1429.1144657654174 661.9531870446539 79.5197616903655 12.233258625000417
1428.8838110077975 661.3374314756928 79.68732761537565 12.266579166000156
1428.6542168823205 660.7192565636818 79.8548957078998 12.28346904099999
1428.4256964607894 660.098666665738 80.02246596796597 12.315824416000396
1428.1982628060932 659.4756662274418 80.19003839560222 12.332852583000204
1427.9719289715872 658.8502597826327 80.35761299083656 12.349784916000317
1427.7467080004733 658.2224519531985 80.52518975369705 12.38281649999999
1427.5226129251814 657.592247448856 80.69276868421171 12.416579791000004
1427.2996567667526 656.9596510669251 80.8603497824086 12.449731333000273
1427.077852534222 656.3246676920946 81.02793304831576 12.483129916000053
1426.8572132240042 655.6873022961818 81.19551848196122 12.516580500000146
1426.6377518192787 655.0475599378829 81.36310608337301 12.549286041000414
1426.4194812893772 654.405445762518 81.53069585257919 12.566585583000233
1426.2024145891733 653.7609650017669 81.69828778960779 12.599924125000143
1425.9865646584713 653.1141229733988 81.86588189448686 12.63309500000014
1425.771944421399 652.4649250809941 82.03347816724444 12.64984370800039
1425.5585667858006 651.8133768136589 82.20107660790856 12.683254000000034
1425.346444642632 651.1594837457324 82.36867721650727 12.71658187500043
1425.1355908653568 650.5032515364866 82.5362799930686 12.74974445800035
1424.9260183093459 649.8446859298198 82.70388493762063 12.76656545800006
1424.7177398112779 649.1837927539415 82.87149205019136 12.783251125000334
1424.5107681885413 648.5205779210513 83.03910133080888 12.8159081660001
1424.3051162386396 647.8550474270102 83.20671277950119 12.833247375000155
1424.1007967385976 647.1872073510043 83.37432639629635 12.865920166000251
1423.8978224443713 646.5170638552028 83.54194218122242 12.883219208000355
1423.696206090258 645.8446231844073 83.70956013430744 12.915923666000253
1423.4959603883117 645.1698916656954 83.87718025557945 12.932590375000018
1423.2970980277578 644.4928757080571 84.04480254506649 12.965924083000118
1423.0996316744126 643.8135818020237 84.2124270027966 12.999246250000397
1422.9035739701046 643.1320165192905 84.38005362879785 13.015931875000206
1422.7089375320984 642.4481865123323 84.54768242309828 13.049274875000265
1422.5157349525216 641.7620985140128 84.71531338572593 13.082607875000122
1422.3239787977946 641.073759337186 84.88294651670886 13.09953858300014
1422.133681608063 640.3831758742924 85.0505818160751 13.11898308300033
1421.9448558966333 639.6903550969479 85.2182192838527 13.149901750000026
1421.7575141494112 638.9953040555257 85.38585892006974 13.183244916000149
1421.571668824344 638.2980298787328 85.55350072475423 13.215916583000308
1421.3873323508649 637.5985397731788 85.72114469793425 13.232614791000287
1421.2045171293416 636.8968410229396 85.88879083963784 13.24990570800037
1421.0232355305282 636.1929409891137 86.05643914989304 13.26657591600042
1420.8434998950197 635.4868471093727 86.22408962872791 13.283245000000079
1420.6653225327111 634.7785668975057 86.3917422761705 13.316592750000382
1420.488715722259 634.0681079429575 86.55939709224886 13.349273458000425
1420.3136917105478 633.35547791036 86.72705407699104 13.382577458000014
1420.1402627121593 632.6406845390593 86.8947132304251 13.399247333000403
1419.9684409088454 631.9237356426347 87.06237455257909 13.41609812500019
1419.7982384490062 631.2046391084135 87.23003804348106 13.449913375000051
1419.62966744717 630.4834028969792 87.39770370315907 13.483063416000277
1419.4627399834792 629.7600350416742 87.56537153164116 13.516584040999987
1419.297468103179 629.0345436480965 87.7330415289554 13.549794083000052
1419.1338638161108 628.3069368935915 87.90071369512982 13.582605541000248
1418.9719390962098 627.5772230267374 88.06838803019251 13.615907458000038
1418.8117058810064 626.8454103668261 88.2360645341715 13.633246000000327
1418.653176071133 626.1115073033376 88.40374320709486 13.64991370800044
1418.4963615298334 625.3755222954104 88.57142404899064 13.683247916000255
1418.3412740824783 624.6374638713056 88.73910705988688 13.716578458000185
1418.1879255160852 623.8973406278662 88.90679223981165 13.74991316600017
1418.0363275788413 623.155161229972 89.07447958879301 13.783374666000327
1417.886491979633 622.4109344099882 89.24216910685902 13.816575625000041
1417.7384303875792 621.6646689672103 89.40986079403774 13.850201749999997
1417.5921544315688 620.9163737673042 89.57755465035721 13.88337170800014
1417.4476756998047 620.16605774174 89.74525067584551 13.916581708000194
1417.3050057393507 619.4137298872234 89.91294887053068 13.950036625000394
1417.1641560556848 618.659399265121 90.0806492344408 13.983054875000107
1417.0251381122569 617.9030750008815 90.2483517676039 13.99981783300018
1416.8879633300517 617.1447662834529 90.41605647004808 14.033251916000154
1416.7526430871562 616.3844823646951 90.58376334180136 14.065716666000299
1416.6191887183334 615.6222325587885 90.75147238289182 14.083142833000238
1416.4876115146003 614.8580262416378 90.91918359334753 14.116592541000045
1416.357922722812 614.0918728502731 91.08689697319653 14.149109208000027
1416.2301335452496 613.323781882246 91.2546125224669 14.165789250000216
1416.1042551392154 612.5537628950221 91.4223302411867 14.182934583000133
1415.9802986166324 611.7818255053704 91.59005012938398 14.216605166000136
1415.858275043649 611.0079793887481 91.75777218708681 14.249242833000153
1415.7381954402506 610.2322342786827 91.92549641432326 14.266506125000433
1415.620070779875 609.4545999661499 92.09322281112138 14.283252790999995
1415.5039119890348 608.6750862989492 92.26095137750924 14.316582416000074
1415.3897299469445 607.8937031810752 92.42868211351491 14.349935749999986
1415.277535485154 607.1104605720865 92.59641501916644 14.38324912500002
1415.1673393871874 606.3253684864707 92.76415009449191 14.416584041000078
1415.0591523881878 605.5384369930078 92.93188733951938 14.450051750000057
1414.9529851745676 604.7496762141299 93.09962675427691 14.48323904100016
1414.8488483836654 603.9590963252774 93.26736833879258 14.515745541000342
1414.7467526034075 603.1667075542545 93.43511209309445 14.532553250000092
1414.6467083719765 602.3725201805804 93.60285801721058 14.549922708000395
1414.5487261774856 601.5765445348392 93.77060611116904 14.583244541000113
1414.4528164576589 600.7787909980266 93.93835637499791 14.615894833000311
1414.3589895995167 599.9792700008951 94.10610880872524 14.649918750000325
1414.2672559390687 599.1779920232966 94.2738634123791 14.682527625000148
1414.177625761012 598.3749675935235 94.44162018598757 14.69990716600023
1414.0901092984354 597.570207287647 94.60937912957873 14.73258100000021
1414.00471673253 596.7637217288548 94.77714024318061 14.749803125000199
1413.9214581923059 595.9555215867856 94.9449035268213 14.766584875000262
1413.8403437543159 595.1456175768637 95.1126689805289 14.79990854100015
1413.7613834423837 594.3340204596307 95.28043660433143 14.816577125000094
1413.6845872273398 593.5207410400764 95.44820639825699 14.84992791600007
1413.6099650267631 592.7057901669684 95.61597836233365 14.883246875000168
1413.537526704729 591.889178732181 95.78375249658947 14.916584041000078
1413.467282071564 591.0709176700215 95.95152880105253 14.950039000000288
1413.399240883605 590.2510179565571 96.11930727575091 14.98324170800015
1413.3334128429683 589.4294906089408 96.28708792071266 15.016581875000156
1413.2698075973215 588.6063466847352 96.45487073596588 15.050053750000188
1413.2084347396633 587.7815972812373 96.62265572153862 15.083264000000327
1413.14930380811 586.9552535348017 96.79044287745897 15.116716500000166
1413.0924242856881 586.1273266201638 96.958232203755 15.150100208000367
1413.0378056001323 585.2978277497624 97.12602370045478 15.183371125000122
1412.9854571236917 584.4667681730623 97.29381736758639 15.215893333000167
1412.9353881729414 583.6341591758767 97.4616132051779 15.233013166000092
1412.8876080086004 582.8000120796896 97.62941121325738 15.24973908300035
1412.842125835356 581.9643382409782 97.79721139185293 15.266587541000263
1412.7989508016951 581.1271490505355 97.96501374099259 15.299916791000214
1412.758091999742 580.2884559327932 98.13281826070447 15.33326708300001
1412.7195584651017 579.4482703451453 98.30062495101663 15.366582500000277
1412.6833591767106 578.6066037772714 98.46843381195715 15.399908208000397
1412.649503056693 577.7634677504616 98.63624484355411 15.433266666000236
1412.6179989702248 576.9188738169414 98.80405804583559 15.465768916000343
1412.588855725403 576.0728335591978 98.97187341882966 15.482891916000426
1412.5620820731212 575.2253585893056 99.1396909625644 15.501178833000267
1412.5376867069535 574.3764605482562 99.3075106770679 15.533250666000185
1412.5156782630422 573.5261511052855 99.47533256236822 15.565790583000307
1412.4960653199935 572.6744419572047 99.64315661849346 15.582949333000215
1412.4788563987793 571.8213448277318 99.8109828454717 15.599918083000375
1412.4640599626457 570.9668714668237 99.97881124333101 15.632567375000235
1412.451684417027 570.1110336500117 100.14664181209947 15.649933500000316
1412.4417381094672 569.2538431777365 100.31447455180518 15.683246083000085
1412.434229329546 568.3953118746865 100.4823094624762 15.71659929100042
1412.4291663088143 567.5354515891371 100.65014654414061 15.749928208000256
1412.4265572207319 566.6742741922918 100.8179857968265 15.783258000000387
1412.4264101806157 565.8117915776259 100.98582722056196 15.816599791000044
1412.4287332455906 564.9480156602316 101.15367081537507 15.84923929100023
1412.4335344006247 564.082958376166 101.3215165812939 15.866592291000416
1412.440821541213 563.216631681884 101.48936451834656 15.899911333000091
1412.4506024739353 562.3490475537841 101.65721462656111 15.933243875000244
1412.4628849170547 561.480217987762 101.82506690596564 15.966585500000292
1412.4776765010981 560.6101549987726 101.99292135658824 16.00005491600041
1412.4949847694245 559.7388706204007 102.16077797845699 16.032692750000024
1412.514817178774 558.8663769044383 102.32863677159999 16.049834166000437
1412.5371810998051 557.992685920471 102.49649773604531 16.066590125000403
1412.5620838176173 557.1178097554707 102.66436087182105 16.099910875000205
1412.589532532258 556.2417605133966 102.83222617895528 16.133258041000317
1412.6195343592187 555.364550314803 103.0000936574761 16.166589041000407
1412.6520963299163 554.4861912964543 103.1679633074116 16.199948000000404
1412.6872253921626 553.6066956109477 103.33583512878985 16.233243915999992
1412.724928410622 552.7260754263411 103.50370912163896 16.26658070800022
1412.7652121672568 551.84434292579 103.671585285987 16.299232041000323
1412.8080833617614 550.961510307189 103.83946362186208 16.31658462500036
1412.8535486119858 550.0775897828211 104.00734412929228 16.333258000000114
1412.9016144543475 549.1925935790132 104.17522680830568 16.36660791600025
1412.9522873442338 548.3065339357975 104.34311165893037 16.39991458300028
1413.0055736563938 547.4194231065792 104.51099868119445 16.433244791000106
1413.0614796853208 546.5312733578108 104.67888787512601 16.466581666000366
1413.1200116456248 545.642096968672 104.84677924075314 16.49991312500015
1413.1811756723955 544.7519062307553 105.01467277810393 16.533250791000228
1413.244977821558 543.8607134477575 105.18256848720647 16.549919916000363
1413.3114240702178 542.9685309351777 105.35046636808885 16.5832595830002
1413.3805203169984 542.0753710200196 105.51836642077917 16.61658341600014
1413.4522723823711 541.1812460405004 105.68626864530553 16.64991362500041
1413.5266860089757 540.2861683457642 105.85417304169601 16.683255291000023
1413.6037668619342 539.390150295602 106.0220796099787 16.716582958000345
1413.6835205291572 538.4932042601756 106.18998835018171 16.749927708000087
1413.765952521642 537.5953426197476 106.35789926233312 16.78326212500042
1413.8510682737644 536.6965777644161 106.52581234646104 16.81673929100043
1413.9388731435636 535.7969220938546 106.69372760259354 16.850008125000386
1414.02937241302 534.8963880170566 106.86164503075874 16.883245791000263
1414.1225712883258 533.9949879520851 107.02956463098472 16.916013125000063
1414.218474900151 533.0927343258277 107.19748640329959 16.932993916000214
1414.317088303901 532.1896395737547 107.36541034773144 16.94980654100027
1414.4184164799697 531.2857161396832 107.53333646430836 16.98324695800011
1414.5224643339852 530.3809764755458 107.70126475305847 17.016584916000284
1414.629236697052 529.4754330411625 107.86919521400984 17.04992329100014
1414.7387383259843 528.5690983040187 108.03712784719058 17.083258458000273
1414.8509739035367 527.6619847390457 108.20506265262878 17.116591291000077
1414.9659480386279 526.7541048284074 108.37299963035257 17.149915458000123
1415.0836652665591 525.8454710612896 108.54093878039001 17.183393540999987
1415.2041300492283 524.9360959336941 108.70888010276921 17.216677833000176
1415.327346775338 524.0259919482369 108.8768235975183 17.249925875000372
1415.4533197605992 523.1151716139502 109.04476926466533 17.283400291000362
1415.5820532479304 522.2036474460883 109.21271710423844 17.316703041000437
1415.7135514076504 521.2914319659374 109.38066711626571 17.34991587500008
1415.8478183376687 520.3785377006291 109.54861930077526 17.383240000000114
1415.9848580636697 519.4649771829577 109.71657365779517 17.416577583000162
1416.1246745392923 518.5507629512012 109.88453018735355 17.450040958000045
1416.2672716463067 517.6359075489456 110.05248888947851 17.483255875000395
1416.4126531947848 516.7204235249126 110.22044976419815 17.51658416600003
1416.5608229232682 515.8043234327914 110.38841281154058 17.54990858300016
1416.711784498931 514.8876198310734 110.55637803153388 17.583251333000135
1416.8655415177377 513.9703252828897 110.72434542420618 17.616717332999997
1417.0220975045997 513.0524523558529 110.89231498958556 17.650038291000328
1417.1814559135248 512.1340136219013 111.06028672770015 17.683263541000088
1417.3436201277648 511.21502165714645 111.22826063857804 17.71659195800021
1417.5085934599583 510.2954890417235 111.39623672224732 17.74991937499999
1417.6763791522703 509.3754283596449 111.56421497873613 17.783246250000047
1417.8469803765277 508.4548521986567 111.73219540807256 17.816466250000303
1418.0204002343507 507.5337731500977 111.9001780102847 17.849931458000356
1418.1966417572821 506.61220380876165 112.06816278540069 17.883413791000294
1418.3757079069107 505.69015677276155 112.23614973344861 17.916718416000094
1418.5576015749937 504.7676446433974 112.40413885445658 17.950014125000052
1418.7423255835731 503.8446800250256 112.5721301484527 17.98324033300014
1418.9298826850913 502.92127552493173 112.74012361546508 18.016571791000388
1419.1202755625009 501.9974437532052 112.90811925552184 18.050049958000272
1419.3135068293723 501.07319732261624 113.07611706865107 18.083131833000152
1419.5095790299983 500.1485488484957 113.2441170548809 18.116583291000097
1419.7084946394946 499.22351094861654 113.41211921423942 18.149935166000432
1419.9102560638976 498.2980962430778 113.58012354675476 18.183394958000008
1420.1148656402588 497.3723173541905 113.74813005245502 18.21658741600004
1420.3223256367362 496.44618690636577 113.91613873136832 18.249912875000064
1420.5326382526823 495.51971752600485 114.08414958352276 18.2832490830001
1420.745805618729 494.59292184139093 114.25216260894645 18.31658083299999
1420.9618297968698 493.66581248258296 114.4201778076675 18.34993195800007
1421.180712780539 492.73840208131116 114.58819517971403 18.383271958000023
1421.402456494687 491.81070327087434 114.75621472511415 18.416703708000114
1421.6270627958538 490.8827286860388 114.92423644389596 18.44992270800003
1421.8545334722392 489.95449096293856 115.0922603360876 18.483404583000265
1422.084870243769 489.02600273897775 115.26028640171717 18.516587250000157
1422.3180747621607 488.0972766527338 115.42831464081279 18.549904208000044
1422.5541486109837 487.1683253438624 115.59634505340256 18.58339429100033
1422.7930933057182 486.23916145300365 115.7643776395146 18.61669791600025
1423.0349102938117 485.3097976216893 115.93241239917704 18.64993004100006
1423.2796009547305 484.3802464922518 116.10044933241798 18.682677958000113
1423.5271666000117 483.45052070773346 116.26848843926554 18.699711458000365
1423.7776084733096 482.52063291179786 116.43652971974784 18.71658004100027
1424.0309277504407 481.59059574864114 116.60457317389299 18.7332609580003
1424.2871255394268 480.66042186290514 116.77261880172911 18.766593125000327
1424.5462028805337 479.7301238995908 116.94066660328431 18.7999224160003
1424.808160746308 478.79971450397267 117.10871657858672 18.8332542080002
1425.0730000416124 477.869206321514 117.27676872766446 18.86657895799999
1425.340721603657 476.93861199778274 117.44482305054564 18.898956750000252
1425.611326202028 476.0079441783678 117.61287954725837 18.916460500000085
1425.8848145387165 475.07721550879614 117.78093821783078 18.933248750000075
1426.16118724814 474.1464386344505 117.948999062291 18.94992408300004
1426.440444897167 473.21562620048695 118.11706208066713 18.966596166000272
1426.7225879851344 472.2847908517535 118.2851272729873 18.99991245800038
1427.0076169438655 471.35394523270844 118.45319463927963 19.03324829100029
1427.2955321376849 470.42310198733946 118.62126417957224 19.06658195800037
1427.5863338634301 469.4922737590824 118.78933589389325 19.099913416000163
1427.8800223504622 468.5614731907405 118.95740978227079 19.1332456250002
1428.1765977606733 467.6307129244036 119.12548584473296 19.166587958000036
1428.4760601884918 466.7000056013672 119.2935640813079 19.199923500000295
1428.7784096608862 465.76936386205165 119.46164449202374 19.232622625000204
1429.0836461373653 464.8388003459211 119.6297270769086 19.2498192500002
1429.3917695099783 463.9083276914021 119.79781183599059 19.26648620800006
1429.70277960331 462.97795853580254 119.96589876929784 19.29912525000009
1430.016676174477 462.0477055152293 120.13398787685847 19.31659879100016
1430.3334589131186 461.11758126450655 120.30207915870061 19.349916125000163
1430.6531274413885 460.1875984170928 120.47017261485239 19.366582833000393
1430.9756813139425 459.25776960499803 120.63826824534193 19.383253083
1431.3011200179253 458.3281074587 120.80636605019735 19.41657479100013
1431.6294429729548 457.39862460705996 120.97446602944679 19.433244875000128
1431.9606495311048 456.46933367723767 121.14256818311836 19.466580291000355
1432.2947389768851 455.5402472946058 121.3106725112402 19.499917916000413
1432.6317105272212 454.61137808266363 121.47877901384044 19.516585875000146
1432.9715633314304 453.6827386629495 121.6468876909472 19.533261333000155
1433.3142964711967 452.7543416549528 121.8149985425886 19.549929291000353
1433.6599089605454 451.8261996760249 121.98311156879278 19.583246958000018
1434.0083997458134 450.89832534128897 122.15122676958786 19.59991770800025
1434.3597677056198 449.97073126354866 122.31934414500198 19.616596291000405
1434.714011650834 449.04343005319595 122.48746369506325 19.64992066600007
1435.0711303245423 448.1164343181176 122.65558541979982 19.683274166000047
1435.431122402013 447.1897566636004 122.82370931923981 19.716575207999995
1435.7939864906596 446.26340969223514 122.99183539341136 19.73324708300015
1436.159721130003 445.33740600381935 123.15996364234259 19.74991912500036
1436.5283247916323 444.4117581952585 123.32809406606164 19.783247541000037
1436.8997958791629 443.486478860466 123.49622666459663 19.81657875000019
1437.2741327281951 442.56158059026114 123.6643614379757 19.849912125000174
1437.6513336062696 441.6370759722665 123.83249838622699 19.883246541000062
1438.0313967128234 440.71297759080244 124.0006375093786 19.91658200000029
1438.4143201791421 439.7892980267813 124.16877880745871 19.949912791000315
1438.8001020683137 438.86604985759885 124.33692228049541 19.98324758300032
1439.1887403751787 437.9432456570246 124.50506792851687 20.016723041000205
1439.580233026281 437.02089799509 124.6732157515512 20.04961650000041
1439.9745778798163 436.09901943797513 124.84136574962653 20.066445250000015
1440.37177272558 435.177622547893 125.00951792277102 20.083261916000083
1440.7718152849147 434.25671988297245 125.1776722710128 20.116589083000235
1441.1747032106553 433.3363239971388 125.34582879437998 20.149919708000198
1441.5804340870736 432.4164474399924 125.51398749290072 20.182823791000374
1441.9890054298237 431.4971027566854 125.68214836660316 20.19991733300003
1442.4004146858836 430.578302487796 125.85031141551542 20.232542625000406
1442.8146592334988 429.6600591692009 126.01847663966564 20.266592541000136
1443.231736382123 428.7423853319454 126.18664403908195 20.299176208000063
1443.6516433723596 427.82529350211115 126.35481361379252 20.316581750000296
1444.0743773759016 426.9087962006819 126.52298536382546 20.333255208000082
1444.4999354954712 425.99290594340647 126.6911592892089 20.366593500000363
1444.928314764759 425.07763524066 126.859335389971 20.39991458300028
1445.3595121483625 424.16299659730214 127.02751366613988 20.432524708000074
1445.7935245417239 423.249002512533 127.19569411774371 20.44992062500023
1446.2303487710678 422.335665479747 127.36387674481061 20.483243125000172
1446.6699815933391 421.42299798638334 127.53206154736873 20.51658204100022
1447.1124196961387 420.51101251377503 127.70024852544618 20.550087041000097
1447.5576596976614 419.59972153699437 127.86843767907114 20.583034916000088
1448.0056981466314 418.6891375246961 128.03662900827172 20.599921958000323
1448.4565315222394 417.77927293895806 128.2048225130761 20.63326212500033
1448.9101562340782 416.87014023511904 128.3730181935124 20.666587083000195
1449.3665686220788 415.9617518616137 128.54121604960875 20.699923375000253
1449.825764956447 415.054120259805 128.7094160813933 20.733260750000227
1450.2877414375994 414.14725786381365 128.8776182888942 20.766760833000262
1450.7524941960987 413.2411771003446 129.0458226721396 20.799178833000042
1451.2200192925916 412.3358903885112 129.2140292311576 20.816576291000274
1451.6903127177445 411.43141013965567 129.3822379659764 20.833246041000166
1452.163370392181 410.5277487571674 129.55044887662413 20.866579125000044
1452.6391881664179 409.62491863629776 129.71866196312894 20.89913879100004
1453.117761820804 408.7229321639722 129.88687722551896 20.916022500000054
1453.5990870654578 407.82180171859915 130.05509466382233 20.933249791000435
1454.0831595402055 406.9215396698762 130.2233142780672 20.966575916000238
1454.569974814521 406.0221583785928 130.3915360682817 20.999922750000223
1455.0595283874643 405.1236701964301 130.55976003449402 21.033245875000375
1455.5518156876228 404.2260874657579 130.7279861767323 21.06657795800038
1456.0468320730517 403.3294225194279 130.89621449502465 21.0999186250001
1456.544572831216 402.4336876805643 131.06444498939925 21.13329954100027
1457.0450331789334 401.53889526235093 131.23267765988425 21.166598666000027
1457.5482082623168 400.6450575678155 131.40091250650778 21.199910125000315
1458.0540931567202 399.75218688961024 131.569149529298 21.233407625000382
1458.562682866683 398.8602955097895 131.73738872828304 21.265842416000396
1459.0739723258766 397.9693956995842 131.9056301034911 21.283137416000045
1459.5879563970527 397.07949971917265 132.07387365495026 21.31658200000038
1460.1046298719916 396.19061981744863 132.2421193826887 21.349818083000173
1460.6239874714524 395.30276823178565 132.4103672867346 21.38325312500001
1461.146023845124 394.4159571877981 132.5786173671161 21.41658195800028
1461.6707335715785 393.5301988990991 132.74686962386133 21.449923416000274
1462.1981111582245 392.6455055670551 132.91512405699845 21.48325770800011
1462.7281510412633 391.7618893805368 133.08338066655563 21.51600475000032
1463.2608475856457 390.8793625156669 133.251639452561 21.53313154100033
1463.7961950850308 389.99793713556465 133.41990041504272 21.566573166000126
1464.334187761747 389.1176253900866 133.58816355402894 21.599916708000364
1464.8748197667526 388.2384394155643 133.75642886954782 21.63340287500023
1465.4180851796013 387.3603913345385 133.9246963616275 21.666584291000163
1465.9639780084074 386.4834932554898 134.09296603029614 21.700084166000124
1466.5124921898123 385.60775727256606 134.2612378755819 21.733247875000416
1467.063621588956 384.7331954653064 134.42951189751295 21.76672550000012
1467.6173599994472 383.8598198983614 134.59778809611743 21.79992387500033
1468.1737011433377 382.9876426212107 134.7660664714235 21.83249516600017
1468.7326386710974 382.116675667876 134.9343470234593 21.849593500000083
1469.2941661615937 381.24693105663175 135.10262975225302 21.866591125000014
1469.8582771220701 380.3784207897117 135.27091465783278 21.899943708000137
1470.4249649881301 379.51115685301227 135.43920174022676 21.93283383300013
1470.9942231237212 378.6451512157924 135.60749099946312 21.949880583000322
1471.566044821123 377.7804158303702 135.77578243557 21.966583041000376
1472.1404233009362 376.9169626318158 135.94407604857557 21.983259291000195
1472.717351712076 376.0548035376411 136.11237183850798 22.016639333000057
1473.2968231317664 375.19395044748586 136.2806698053954 22.049914541000362
1473.8788305655385 374.3344152428007 136.448969949266 22.083253291000347
1474.4633669472303 373.4762097865262 136.6172722701479 22.099941166000008
1475.0504251389902 372.61934592276936 136.78557676806932 22.13324879100037
1475.6399979312832 371.7638354764756 136.95388344305837 22.16658408300009
1476.2320780428997 370.9096902530986 137.12219229514324 22.199914500000432
1476.8266581209673 370.0569220382656 137.29050332435207 22.232465791000322
1477.4237307409658 369.2055425974405 137.45881653071302 22.249910916000317
1478.0232884067457 368.3555636755826 137.62713191425428 22.283244041000216
1478.625323550549 367.50699699680257 137.79544947500398 22.31658945800018
1479.229828533033 366.65985426401505 137.96376921299031 22.34978804100001
1479.8367956432987 365.8141471585878 138.13209112824143 22.383246875000168
1480.4462170989216 364.9698873399876 138.30041522078548 22.41658466600029
1481.0580850459853 364.12708644542323 138.46874149065064 22.450049666000268
1481.67239155912 363.2857560894844 138.63706993786508 22.48325104100013
1482.2891286415427 362.44590786377836 138.80540056245695 22.516587833000358
1482.9082882251028 361.60755333656283 138.97373336445443 22.549085458000263
1483.5298621703298 360.77070405237566 139.14206834388568 22.566401541000232
1484.1538422664853 359.9353715316616 139.31040550077887 22.583259250000083
1484.7802202316184 359.1015672703957 139.47874483516216 22.616474208
1485.4089877126248 358.2693027397039 139.64708634706372 22.64993900000036
1486.0401362853104 357.43858938548 139.8154300365117 22.68325558300012
1486.6736574544577 356.60943862800013 139.9837759035343 22.71584550000034
1487.3095426538969 355.7818618615339 140.15212394815967 22.733247957999993
1487.9477832465802 354.9558704539524 140.32047417041596 22.766588458000115
1488.588370524661 354.13147574633354 140.48882657033136 22.799919666000278
1489.2312957095764 353.3086890525642 140.657181147934 22.833247166000092
1489.8765499521342 352.4875216589395 140.82553790325213 22.86584425000001
1490.5241243326034 351.6679848237592 140.99389683631384 22.882754666000437
1491.17400986081 350.85008977692115 141.16225794714734 22.89992570800041
1491.826197476236 350.0338477195122 141.3306212357808 22.933249750000414
1492.480678048123 349.2192698233959 141.49898670224238 22.966578333000143
1493.1374423755808 348.4063672307977 141.66735434656024 22.999922833000255
1493.7964811876986 347.5951510538872 141.83572416876257 23.03244641600031
1494.457785143663 346.78563237435816 142.00409616887754 23.049914625000383
1495.1213448328785 345.97782224300533 142.17247034693332 23.066583416000412
1495.7871507750936 345.1717316792989 142.3408467029581 23.099931833000028
1496.4551934205306 344.36737167095635 142.50922523698 23.133242541000072
1497.125463150021 343.56475317351186 142.67760594902722 23.166581250000036
1497.7979502751448 342.76388710988317 142.84598883912795 23.199919916
1498.4726450383741 341.9647843699357 143.01437390731036 23.233260083000005
1499.1495376132232 341.16745581004477 143.1827611536026 23.265835958000025
1499.828618104401 340.37191225265497 143.35115057803287 23.283017166000263
1500.5098765479697 339.57816448583753 143.51954218062934 23.316576291000274
1501.1933029115085 338.78622326284534 143.68793596142018 23.349914250000438
1501.8788870942808 337.9960993016655 143.85633192043358 23.3832421660004
1502.5666189274082 337.20780328457 144.0247300576977 23.416613374999997
1503.256488174047 336.42134585766416 144.1931303732407 23.449913666000157
1503.9484845295724 335.6367376304328 144.3615328670908 23.483247957999993
1504.6425976217656 334.8539891752845 144.52993753927615 23.516588082999988
1505.3388170110065 334.07311102709394 144.6983443898249 23.54991787500012
1506.037132190472 333.2941136827423 144.86675341876528 23.583251750000272
1506.7375325863386 332.5170076006555 145.03516462612544 23.61659016600015
1507.4400075579908 331.7418032003409 145.20357801193356 23.6499202910004
1508.1445463982343 330.9685108619219 145.37199357621782 23.68313362500021
1508.8511383335142 330.1971409256713 145.5404113190064 23.71659287500006
1509.5597725241385 329.42770369154243 145.7088312403275 23.750055583000176
1510.2704380645073 328.66020941869886 145.87725334020928 23.783341500000006
1510.9831239833468 327.89466832504274 146.04567761867992 23.816586125000413
1511.697819243948 327.1310905867414 146.2141040757676 23.849917625000217
1512.4145127444121 326.36948633775233 146.38253271150052 23.88325491600017
1513.1331933179 325.60986566934724 146.55096352590684 23.916595250000228
1513.853849732887 324.8522386296344 146.71939651901474 23.949784416000057
1514.576470693425 324.0966152230798 146.8878316908524 23.966536458000064
1515.301044839407 323.34300541002693 147.05626904144802 23.983244750000267
1516.0275607468386 322.59141910621577 147.22470857082976 23.999930250000034
1516.7560069281155 321.84186618230035 147.39315027902583 24.03324825000027
1517.486371832305 321.09435646336533 147.5615941660644 24.066587000000254
1518.2186438454337 320.34889972844167 147.73004023197365 24.099125583000387
1518.952811290781 319.6055057100213 147.89848847678178 24.116469583000253
1519.688862429177 318.8641840935711 148.06693890051696 24.149922125000103
1520.4267854593068 318.1249445170459 148.23539150320738 24.183250500000213
1521.1665685180192 317.38779657040067 148.40384628488124 24.216457708000235
1521.908199680643 316.6527497951024 148.5723032455667 24.23319179100008
1522.6516669613063 315.9198136836411 148.74076238529196 24.266587166000136
1523.3969583132625 315.1889976790403 148.9092237040852 24.300057208
1524.1440616292223 314.4603111743673 149.0776872019746 24.333246583000346
1524.8929647416899 313.73376351224255 149.24615287898837 24.365793791000215
1525.6436554233055 313.00936398434925 149.41462073515467 24.382682165999995
1526.3961213871937 312.2871218309424 149.5830907705017 24.39991929100006
1527.1503502873165 311.5670462403576 149.7515629850577 24.433077666000372
1527.9063297188322 310.8491463485199 149.92003737885076 24.449924958000338
1528.6640472184604 310.13343123845243 150.08851395190914 24.483248583000204
1529.4234902648507 309.41990993978516 150.256992704261 24.516586416000337
1530.1846462789595 308.7085914282637 150.42547363593454 24.549915375000182
1530.94750262443 307.9994846252581 150.59395674695796 24.583247458000187
1531.712046607979 307.2925983972724 150.76244203735942 24.616579125000044
1532.4782654797884 306.5879415554537 150.93092950716715 24.64990862500008
1533.2461464339033 305.88552285510224 151.0994191564093 24.68325037500017
1534.015676608634 305.1853509951814 151.2679109851141 24.716584333000355
1534.7868430869646 304.48743461782885 151.43640499330974 24.749917958000424
1535.5596328969664 303.7917823078675 151.6049011810244 24.783254791000218
1536.3340330122173 303.0984025923178 151.77339954828625 24.816739083000357
1537.1100303522262 302.4073039399104 151.94190009512351 24.849920333000227
1537.887611782863 301.7184947605994 152.11040282156438 24.883254416
1538.6667641167928 301.0319834050773 152.27890772763703 24.916586499999994
1539.4474741139186 300.3477781642899 152.44741481336968 24.949140375000297
1540.2297284818248 299.6658872689526 152.6159240787905 24.966585708000366
1541.0135138762303 298.98631888906823 152.78443552392767 24.983259666000322
1541.7988169014436 298.30908113344543 152.9529491488094 25.016589083000326
1542.5856241108256 297.63418204921845 153.1214649534639 25.049926833000427
1543.3739220072562 296.9616296213684 153.2899829379194 25.083247875000325
1544.163697043606 296.2914317722458 153.45850310220405 25.116584583000076
1544.9549356232142 295.62359636109454 153.62702544634604 25.14991312500024
1545.7476241003715 294.9581311835775 153.79554997037357 25.18325025000013
1546.5417487808065 294.2950439713036 153.96407667431487 25.21657945800007
1547.33729592218 293.6343423913567 154.1326055581981 25.250052374999996
1548.134251734581 292.97603404582617 154.30113662205147 25.28248962500038
1548.9326023810315 292.3201264713393 154.4696698659032 25.299905500000023
1549.7323339779923 291.66662713859563 154.63820528978147 25.316587166000318
1550.533432595877 291.0155434519033 154.80674289371447 25.33325879100039
1551.3358842595694 290.3668827487173 154.97528267773043 25.36658299999999
1552.1396749489459 289.72065229918 155.14382464185752 25.383254750000106
1552.9447905994025 289.0768593056641 155.31236878612395 25.416581833000237
1553.751217102388 288.435510902317 155.48091511055793 25.449907832999997
1554.5589403059396 287.7966141546088 155.64946361518764 25.483245291000003
1555.3679460152255 287.16017605888146 155.8180143000413 25.51657679100026
1556.1782199930906 286.5262035419014 155.9865671651471 25.533257208000123
1556.989747960608 285.89470346041406 156.15512221053328 25.549926958000015
1557.8025155976336 285.26568260070155 156.323679436228 25.583278166000127
1558.616508543367 284.63914767814265 156.49223884225947 25.61658483300016
1559.4317123969154 284.0151053367758 156.66080042865588 25.649919666000187
1560.2481127178623 283.3935621488648 156.82936419544546 25.683255458000076
1561.0656950268417 282.7745246144678 156.9979301426564 25.71659416600005
1561.8844448061147 282.15799916100866 157.1664982703169 25.749917041000117
1562.704347500152 281.5439921428521 157.3350685784552 25.78325712500009
1563.5253885162192 280.93250984088144 157.50364106709947 25.816788875000384
1564.3475532249684 280.3235584620797 157.67221573627793 25.85006645800013
1565.170826961031 279.7171441391142 157.84079258601878 25.883247375000337
1565.9951950236173 279.1132729299244 158.00937161635022 25.91669383300041
1566.8206426771178 278.5119508173128 158.17795282730046 25.94992270800003
1567.6471551517106 277.9131837085401 158.3465362188977 25.98341562500036
1568.474717643971 277.316977434923 158.51512179117017 26.016583541000273
1569.303315317485 276.7233377514365 158.68370954414607 26.049921250000352
1570.1329333034678 276.1322703363192 158.8522994778536 26.083125250000194
1570.963556701385 275.54378079068283 159.02089159232096 26.116581583000425
1571.7951705795774 274.95787463812536 159.18948588757638 26.149300666000272
1572.62775997589 274.3745573243481 159.35808236364807 26.166034666000087
1573.4613098983032 273.7938342167766 159.5266810205642 26.18325491600035
1574.295805325569 273.2157106041859 159.69528185835304 26.199933208000402
1575.1312312078499 272.6401916963297 159.86388487704278 26.23325162500032
1575.9675724673598 272.06728262357336 160.03249007666162 26.249928208000256
1576.804813999011 271.49698843653175 160.20109745723775 26.2832477500001
1577.6429406710618 270.9293141057108 160.3697070187994 26.31657933300039
1578.4819373257674 270.3642645211537 160.5383187613748 26.349804750000203
1579.3217887800354 269.8018444920915 160.70693268499213 26.383243625000432
1580.162479826083 269.24205874659793 160.8755487896796 26.41645683300021
1581.0039952320965 268.6849119312491 161.04416707546548 26.433147916000053
1581.8463197428957 268.13040861078736 161.21278754237792 26.466577125000185
1582.6894380805984 267.57855326779014 161.38141019044517 26.499121416000435
1583.5333349452892 267.02935030234335 161.55003501969543 26.5161927500003
1584.3779950156907 266.48280403171935 161.7186620301569 26.53326237500005
1585.2234029498366 265.9389186900602 161.88729122185782 26.566585791000307
1586.0695433857475 265.39769842806515 162.0559225948264 26.599920333000227
1586.9164009421088 264.8591473126836 162.22455614909086 26.63246195800002
1587.7639602189515 264.32326932681264 162.3931918846794 26.649742833000346
1588.6122057983341 263.79006836899975 162.56182980162023 26.666584875000353
1589.4611222450276 263.2595482531506 162.7304698999416 26.69992137500003
1590.3106941072017 262.73171270824207 162.8991121796717 26.733258000000205
1591.1609059171135 262.2065653780399 163.06775664083875 26.76658787500037
1592.0117421917973 261.68410982082236 163.23640328347096 26.799924291000025
1592.8631874337573 261.1643495091086 163.40505210759656 26.83325350000041
1593.7152261316603 260.64728782939244 163.57370311324377 26.849930416000007
1594.5678427610324 260.13292808188174 163.7423563004408 26.883260666000297
1595.421021784954 259.62127348024273 163.9110116692159 26.916593750000175
1596.2747476547593 259.11232715135026 164.07966921959724 26.949140166000234
1597.129004810735 258.60609213504324 164.24832895161308 26.966582583000218
1597.9837776828215 258.1025713838857 164.4169908652916 26.999153583000407
1598.839050691314 257.60176776293326 164.58565496066106 27.0165846660002
1599.6948082475662 257.10368404950566 164.75432123774965 27.04991445800033
1600.5510347546942 256.60832293296437 164.92298969658563 27.083249125000293
1601.4077146082805 256.1156870144963 165.0916603371972 27.11607083300032
1602.26483219708 255.62577880690287 165.26033315961257 27.133233291000124
1603.1223719037268 255.13860073439528 165.42900816385998 27.14993537500004
1603.9803181054406 254.65415513239518 165.59768534996763 27.183258750000277
1604.8386551747337 254.17244424734136 165.76636471796377 27.21659025000008
1605.6973674801204 253.6934702365022 165.9350462678766 27.249911541000074
1606.5564393868237 253.21723516779417 166.10372999973436 27.283251916000154
1607.4158552574852 252.74374101960598 166.27241591356525 27.31657412499999
1608.2755994528727 252.2729896806289 166.44110400939752 27.34991370800026
1609.1356563325899 251.80498294969303 166.6097942872594 27.38325304099999
1609.9960102557848 251.33972253560933 166.7784867471791 27.416049041000406
1610.8566455818589 250.877210057018 166.94718138918483 27.433137875000284
1611.7175466711756 250.4174470422428 167.11587821330485 27.46657420800011
1612.5786978857686 249.96043492915123 167.28457721956738 27.499907750000148
1613.4400835900503 249.50617506502113 167.4532784080006 27.533246166000026
1614.3016881515186 249.0546687064131 167.6219817786328 27.56658491600001
1615.1634959414648 248.60591701904931 167.7906873314922 27.600083458000427
1616.0254913356798 248.15992107769821 167.959395066607 27.633358958000372
1616.88765871516 247.7166818660656 168.1281049840054 27.66580900000008
1617.7499824668118 247.2762002766918 168.2968170837157 27.6832437500002
1618.6124469841568 246.83847711085497 168.46553136576608 27.699924958000338
1619.475036668034 246.40351307848073 168.6342478301848 27.733254125000258
1620.3377359273022 245.97130879805795 168.80296647700007 27.766601916000127
1621.2005291795417 245.54186479656076 168.9716873062401 27.7999205000001
1622.0634008517532 245.11518150937684 169.14041031793317 27.8332642080004
1622.9263353810563 244.69125928024192 169.30913551210747 27.866591125000014
1623.7893172153874 244.27009836118054 169.47786288879126 27.89990920800028
1624.6523308141948 243.8516989124531 169.64659244801277 27.933249791000435
1625.5153606491326 243.4360610025091 169.8153241898002 27.96657862500024
1626.3783912047534 243.02318460794677 169.9840581141818 27.99991850000015
1627.241406979199 242.61306961347887 170.15279422118581 28.03252508300011
1628.1043924848889 242.20571581190475 170.32153251084046 28.049907458000234
1628.9673322492079 241.80112290408877 170.49027298317395 28.08324812500041
1629.8302108151902 241.3992904989449 170.65901563821456 28.116577416000382
1630.693012742203 241.00021811342765 170.82776047599052 28.14991366600043
1631.5557226066271 240.60390517252918 170.99650749653003 28.1834122500004
1632.4183250025349 240.21035100928276 171.16525669986135 28.216689791000135
1633.2808045423674 239.8195548647724 171.33400808601272 28.249919291000424
1634.1431458576074 239.4315158881488 171.50276165501236 28.283396583000012
1635.005333599451 239.04623313665135 171.6715174068885 28.316586083000402
1635.8673524394762 238.66370557563664 171.8402753416694 28.349932083000112
1636.7291870703098 238.2839320786129 172.00903545938328 28.383388875000037
1637.5908222062897 237.9069114272808 172.17779776005838 28.416581041000427
1638.452242584126 237.5326423115803 172.34656224372296 28.44991308300041
1639.313432963559 237.1611233297439 172.51532891040523 28.48317083300026
1640.174378128014 236.7923529883557 172.68409776013343 28.51671525000029
1641.0350628852523 236.4263297024169 172.8528687929358 28.549921541000003
1641.8954720680206 236.06305179541715 173.0216420088406 28.583406583000396
1642.7555905346967 235.70251749941227 173.19041740787603 28.616690208000364
1643.615403169931 235.34472495510775 173.35919499007034 28.649913416000345
1644.474894885286 234.98967221194854 173.5279747554518 28.68325750000031
1645.334050619872 234.63735722821468 173.69675670404862 28.71672666600034
1646.1928553409787 234.287777871123 173.86554083588905 28.750026791000437
1647.051294044704 233.9409319169349 174.03432715100132 28.783291166000254
1647.909351756579 233.59681705106973 174.2031156494137 28.81670670800031
1648.7670135321898 233.2554308682246 174.3719063311544 28.850034166000114
1649.6242644577937 232.9167708724996 174.5406991962517 28.88324783300004
1650.4810896509346 232.58083447752912 174.7094942447338 28.916586916000142
1651.3374742610515 232.24761900661895 174.87829147662896 28.949931625000318
1652.193403470086 231.9171216928891 175.04709089196544 28.983383958000104
1653.0488624930827 231.58933967942258 175.21589249077147 29.01658204100022
1653.9038365787883 231.26427001941954 175.38469627307526 29.050058541
1654.7583110102448 230.94190967635748 175.5535022389051 29.083251375000145
1655.6122711053795 230.62225552415683 175.72231038828923 29.11656125000036
1656.4657022175898 230.30530434735223 175.89112072125587 29.149928000000273
1657.318589736325 229.99105284126952 176.0599332378333 29.18340941600036
1658.170919087663 229.6794976122079 176.22874793804974 29.21670654100035
1659.0226757348817 229.37063517762806 176.39756482193343 29.249918125000022
1659.8738451790284 229.06446196634522 176.56638388951262 29.28325616600023
1660.724412959482 228.76097431872805 176.7352051408156 29.316589583000223
1661.5743646545116 228.4601684869026 176.90402857587057 29.3499205410003
1662.423685881832 228.16204063496184 177.0728541947058 29.383253791000243
1663.2723622991518 227.86658683918012 177.2416819973495 29.416594540999995
1664.1203796047193 227.5738030882331 177.41051198382996 29.450102833000074
1664.9677235378615 227.28368528342284 177.5793441541754 29.483246666000014
1665.8143798795195 226.99622923890786 177.7481785084141 29.516770208000253
1666.6603344527796 226.7114306819384 177.91701504657428 29.54979191600023
1667.5055731233977 226.42928525309662 178.08585376868422 29.583394625000437
1668.3500818003204 226.14978850654182 178.25469467477214 29.616583041000013
1669.1938464362004 225.87293591026062 178.4235377648663 29.649921583000378
1670.0368530279063 225.59872284632178 178.59238303899497 29.68244225000035
1670.8790876170287 225.32714461113616 178.76123049718638 29.699126875000275
1671.72053629038 225.05819641572114 178.93008013946877 29.716470583000046
1672.5611851804902 224.7918733859699 179.0989319658704 29.73325700000032
1673.4010204660954 224.52817056292525 179.26778597641956 29.76659137500019
1674.2400283726238 224.2670829030582 179.43664217114446 29.79993791600009
1675.0781951726747 224.0086052785508 179.60550055007337 29.83325383300007
1675.915507186492 223.75273247758366 179.77436111323453 29.84992929100008
1676.7519507824345 223.49945920462787 179.94322386065622 29.86659741600033
1677.5875123774376 223.24878008074106 180.11208879236665 29.89991441600023
1678.4221784374727 223.000689643868 180.2809559083941 29.933247916000255
1679.2559354779992 222.7551823491453 180.44982520876684 29.96579812500022
1680.088770064412 222.5122525692103 180.6186966935131 29.9827709580004
1680.9206688124837 222.271894594514 180.78757036266117 30.015831791000437
1681.7516183887997 222.03410263363824 180.95644621623927 30.03325487500024
1682.5816055111907 221.79887081361647 181.12532425427568 30.066582125000423
1683.4106169491565 221.5661931802589 181.29420447679863 30.099103125000056
1684.2386395242868 221.3360636984811 181.46308688383638 30.11577804100034
1685.065660110675 221.10847625263662 181.63197147541723 30.149923666000177
1685.8916656353267 220.88342464685329 181.8008582515694 30.183245208000244
1686.716643078563 220.66090260537305 181.96974721232115 30.21576475000029
1687.540579474418 220.44090377289558 182.13863835770076 30.232433375000255
1688.3634619110305 220.2234217149252 182.30753168773646 30.26579804100038
1689.18527753103 220.0084499181214 182.4764272024565 30.299113750000288
1690.0060135319172 219.7959817906528 182.64532490188918 30.332424790999994
1690.8256571664401 219.58601066255417 182.81422478606274 30.349092083000414
1691.6441957429618 219.37852978608703 182.98312685500545 30.36576729100034
1692.4616166258247 219.1735323361031 183.15203110874555 30.382447291000062
1693.2779072357087 218.97101141041125 183.3209375473113 30.415768666000076
1694.0930550499825 218.77096003014708 183.489846170731 30.433233916000063
1694.9070476030518 218.57337114014578 183.6587569790329 30.465778666000006
1695.719872486699 218.3782376093178 183.82766997224522 30.499097833000178
1696.5315173504184 218.18555223102732 183.99658515039624 30.53243158300029
1697.341969901747 217.99530772347353 184.16550251351424 30.565766375000294
1698.151217906587 217.80749673007463 184.3344220616275 30.599088916000255
1698.9592491895248 217.6221118198544 184.50334379476425 30.615758958000242
1699.7660516341439 217.43914548783144 184.67226771295276 30.649106958000175
1700.571613183331 217.2585901554107 184.8411938162213 30.683242458000223
1701.375921839578 217.08043817077768 185.01012210459814 30.715772083000047
1702.1789656652775 216.90468180929483 185.17905257811154 30.749065040999994
1702.9807327830126 216.73131327390016 185.34798523678975 30.765739000000394
1703.7812113758416 216.5603246955083 185.51692008066107 30.782414166000308
1704.580389687577 216.39170813341354 185.68585710975373 30.799100916000043
1705.3782560230584 216.22545557569484 185.85479632409601 30.833246708000388
1706.17479874842 216.06155893962313 186.02373772371618 30.866081041000143
1706.9700062913535 215.90001007207027 186.1926813086425 30.88323550000041
1707.763867141364 215.74080074992008 186.36162707890324 30.8999032910001
1708.5563698500214 215.58392268048095 186.53057503452666 30.9165895000001
1709.3475030312059 215.42936750190037 186.69952517554105 30.933259458000066
1710.137255361348 215.277126783581 186.86847750197467 30.9657735830001
1710.9256155796634 215.1271920265984 187.03743201385578 30.983250458000384
1711.7125724883815 214.97955466412023 187.20638871121267 30.999917416000244
1712.4981149529704 214.83420606182685 187.3753475940736 31.033247458000005
1713.2822319023542 214.69113751833345 187.54430866246682 31.049929708000036
1714.0649123291266 214.55034026561336 187.71327191642064 31.082425333000174
1714.8461452897586 214.41180546942266 187.8822373559633 31.099096458000076
1715.6259199048009 214.27552422972596 188.05120498112308 31.132443458000125
1716.4042253590806 214.14148758112327 188.22017479192826 31.165760208000393
1717.1810509018937 214.00968649327797 188.3891467884071 31.182441583000127
1717.956385847192 213.88011187134575 188.55812097058785 31.215779999999995
1718.7302195737639 213.75275455640434 188.72709733849882 31.23246425000025
1719.502541525411 213.6276053258843 188.89607589216828 31.265775500000018
1720.27334121112 213.5046548940004 189.0650566316245 31.28246362500022
1721.042608205228 213.38389391218388 189.2340395568957 31.315795875000276
1721.8103321475842 213.2653129695152 189.40302466801023 31.332476291000148
1722.576502743706 213.14890259315754 189.57201196499634 31.36578295800018
1723.3411097649305 213.03465324879068 189.7410014478823 31.39915458300038
1724.10414304856 212.92255534104547 189.9099931166964 31.432445333000032
1724.8655924980044 212.81259921393865 190.0789869714669 31.46579412500023
1725.6254480829168 212.70477515130804 190.24798301222205 31.49911450000036
1726.3836998393263 212.5990733772479 190.4169812389902 31.53244950000044
1727.1403378697642 212.4954840565446 190.58598165179956 31.56659395800034
1727.8953523433865 212.39399729511263 190.75498425067843 31.59990850000031
1728.6487334960923 212.29460314043027 190.9239890356551 31.633247958000084
1729.4004716306356 212.19729158197575 191.0929960067578 31.66617745800022
1730.1505571167345 212.1020525516631 191.26200516401485 31.683131250000315
1730.8989803911752 212.0088759242781 191.43101650745453 31.699838208000074
1731.6457319579113 211.91775151791404 191.6000300371051 31.732893583000077
1732.3908023881586 211.82866909440725 191.76904575299488 31.766584583000167
1733.134182320486 211.74161835977242 191.9380636551521 31.79909925000038
1733.8758624609018 211.65658896463773 192.10708374360505 31.832474000000275
1734.6158335829357 211.5735705046795 192.27610601838202 31.84983708300024
1735.3540865277166 211.49255252105644 192.4451304795113 31.882444125000347
1736.090612204046 211.41352450084352 192.61415712702117 31.91577687500012
1736.825401588468 211.33647587746535 192.78318596093987 31.932638791000045
1737.558445725334 211.2613960311289 192.95221698129572 31.9499191660002
1738.2897357268646 211.18827428925573 193.12125018811702 31.98325100000011
1739.0192627732072 211.11709992691348 193.29028558143202 32.01658545800001
1739.7470181124888 211.0478621672467 193.459323161269 32.049920791000204
1740.4729930608667 210.98055018190698 193.62836292765627 32.08323366600007
1741.197179002573 210.91515309148213 193.79740488062208 32.11657904100002
1741.9195673899578 210.85165996592465 193.96644902019474 32.14992512500021
1742.6401497435277 210.7900598249794 194.13549534640254 32.183245333000286
1743.3589176519795 210.73034163861 194.30454385927374 32.216465000000426
1744.0758627722323 210.67249432742472 194.47359455883662 32.249927333000414
1744.790976829455 210.61650676310086 194.6426474451195 32.283260500000324
1745.504251617091 210.56236776880857 194.81170251815067 32.31576287500002
1746.215678996878 210.51006611963314 194.98075977795838 32.35009341600016
1746.9252508988666 210.45959054299644 195.14981922457093 32.38324566600022
1747.6329593214334 210.41092971907705 195.3188808580166 32.416582250000374
1748.3387963312932 210.3640722812292 195.4879446783237 32.449911875
1749.042754063506 210.31900681640047 195.65701068552048 32.48339370800022
1749.7448247214822 210.27572186554826 195.82607887963525 32.51660075000018
1750.4450005769845 210.23420592405478 195.9951492606963 32.55005733300004
1751.1432739701256 210.19444744214087 196.16422182873194 32.58325304100026
1751.8396373093651 210.1564348252783 196.33329658377042 32.61671862500043
1752.534083071502 210.12015643460072 196.50237352584006 32.64977712500013
1753.2266038016649 210.08560058731308 196.67145265496913 32.683248000000276
1753.9171921132995 210.05275555709974 196.84053397118592 32.71657945800007
1754.6058406881536 210.02160957453086 197.00961747451873 32.749923541000044
1755.292542276259 209.99215082746727 197.17870316499585 32.78339333300028
1755.9772896959105 209.96436746146406 197.34779104264558 32.81659175000004
1756.6600758336444 209.93824758017217 197.5168811074962 32.84991954100042
1757.3408936442122 209.9137792457386 197.685973359576 32.88325350000014
1758.0197361505532 209.890950479205 197.85506779891327 32.91658216600035
1758.6965964437645 209.86974926090446 198.0241644255363 32.950064125000154
1759.3714676830693 209.8501635308567 198.1932632394734 32.98324908300037
1760.0443430957819 209.8321811891615 198.36236424075287 32.99991666599999
1760.7152159772716 209.81579009639051 198.53146742940297 33.03242854100017
1761.3840796909242 209.80097807397712 198.70057280545203 33.04984566600024
1762.0509276681016 209.78773290460478 198.86968036892833 33.06658258300013
1762.7157534080993 209.7760423325934 199.03879011986015 33.08325387500008
1763.3785504781022 209.76589406428388 199.2079020582758 33.116587750000235
1764.0393125131382 209.75727576842112 199.3770161842036 33.32086295800036
