1499.999763457169 746.999979589354 10.0 0.08488170010969043
1499.9990540398487 746.9999177490951 10.0 0.28601850010454655
1499.9978720550864 746.9998127416263 10.0 0.3267310333903879
1499.9962177974269 746.9996629035696 10.0 0.34342173347249627
1499.9940915494697 746.9994666426006 10.0 0.3603399333078414
1499.991493582402 746.999222434419 10.0 0.3770332334097475
1499.9884241565092 746.9989288198483 10.0 0.39370283344760537
1499.9848835216626 746.9985844020589 10.0 0.4103768332861364
1499.9808719177884 746.9981878439106 10.0 0.42704933346249163
1499.9763895753135 746.9977378654078 10.0 0.4437277333345264
1499.971436715596 746.9972332412635 10.0 0.4604023334104568
1499.9660135513336 746.996672798568 10.0 0.4770771332550794
1499.9601202869583 746.9960554145563 10.0 0.49374843342229724
1499.9537571190103 746.9953800144708 10.0 0.5104257334023714
1499.9469242364999 746.9946455695164 10.0 0.5270961334463209
1499.9396218212507 746.9938510949014 10.0 0.5437680333852768
1499.9318500482304 746.9929956479632 10.0 0.561259733280167
1499.9236090858656 746.9920783263732 10.0 0.5779362332541496
1499.9148990963452 746.9910982664192 10.0 0.5946029333863407
1499.905720235909 746.9900546413602 10.0 0.6112744333222508
1499.8960726551254 746.9889466598523 10.0 0.6279421334620565
1499.885956499156 746.9877735644412 10.0 0.6446135332807899
1499.87537190801 746.9865346301194 10.0 0.6613043332472444
1499.864319016787 746.9852291629448 10.0 0.6779788334388286
1499.8527979559099 746.9838564987184 10.0 0.6946469333488494
1499.8408088513472 746.9824160017184 10.0 0.7113928333856165
1499.828351824827 746.9809070634885 10.0 0.7319932333193719
1499.8154269940405 746.9793291016775 10.0 0.7486750334501266
1499.802034472838 746.9776815589294 10.0 0.765392433386296
1499.788174371415 746.9759639018192 10.0 0.7820705333724618
1499.7738467964925 746.9741756198364 10.0 0.798743833322078
1499.7590518514878 746.9723162244095 10.0 0.8154106333386153
1499.7437896366785 746.9703852479744 10.0 0.8320775334723294
1499.72806024936 746.9683822430806 10.0 0.8487642332911491
1499.7118637839956 746.966306781537 10.0 0.8654341334477067
1499.6952003323606 746.9641584535935 10.0 0.8821470334660262
1499.6780699836804 746.9619368671578 10.0 0.8988143333699554
1499.660472824762 746.9596416470449 10.0 0.9154902333393693
1499.6424089401207 746.9572724342603 10.0 0.9321641332935542
1499.6238784121003 746.9548288853118 10.0 0.9488409333862364
1499.6048813209898 746.9523106715523 10.0 0.9655598334502429
1499.5854177451336 746.9497174785492 10.0 0.9830428333953023
1499.5654877610375 746.9470490054829 10.0 0.9997866332996637
1499.545091443471 746.9443049645679 10.0 1.0164588333573192
1499.5242288655634 746.9414850805018 10.0 1.0331276333890855
1499.5029000988975 746.9385890899355 10.0 1.0498021333478391
1499.4811052135985 746.935616740967 10.0 1.0667232333216816
1499.4588442784195 746.9325677926571 10.0 1.0834013333078474
1499.4361173608224 746.9294420145646 10.0 1.1000709333457053
1499.412924527057 746.926239186303 10.0 1.116748933447525
1499.3892658422349 746.9229590971144 10.0 1.134335833368823
1499.3651413704015 746.919601545463 10.0 1.1510051332879812
1499.3405511746043 746.9161663386452 10.0 1.1677933332975954
1499.3154953169592 746.9126532924163 10.0 1.1960426333826035
1499.2899738587118 746.9090622306337 10.0 1.2127154334448278
1499.2639868602992 746.9053929849148 10.0 1.229390833294019
1499.2375343814062 746.9016453943098 10.0 1.2460616333410144
1499.2106164810211 746.8978193049882 10.0 1.2627299332525581
1499.183233217488 746.8939145699392 10.0 1.2793988334015012
1499.155384648557 746.8899310486842 10.0 1.2960718334652483
1499.1270708314335 746.885868607002 10.0 1.3127472333144397
1499.0982918228233 746.8817271166657 10.0 1.329543233383447
1499.0690476789775 746.877506455191 10.0 1.346241133287549
1499.0393384557347 746.8732065055946 10.0 1.3630328334402293
1499.0091642085608 746.8688271561635 10.0 1.3797045333776623
1498.9785249925892 746.8643683002344 10.0 1.3963878334034234
1498.9474208626564 746.8598298359816 10.0 1.4130609333515167
1498.9158518733384 746.8552116662147 10.0 1.429731933400035
1498.8838180789846 746.8505136981845 10.0 1.4464101332705468
1498.8513195337503 746.8457358433978 10.0 1.463076833402738
1498.8183562916272 746.8408780174394 10.0 1.4797538332641125
1498.7849284064746 746.8359401398021 10.0 1.4964281334541738
1498.7510359320463 746.8309221337237 10.0 1.5130990333855152
1498.7166789220191 746.8258239260313 10.0 1.529775133356452
1498.681857430018 746.820645446992 10.0 1.5464763334020972
1498.6465715096422 746.8153866301702 10.0 1.5633077332749963
1498.610821214488 746.8100474122906 10.0 1.5799845333676785
1498.574606598172 746.8046277331074 10.0 1.596774333389476
1498.5379277143536 746.7991275352788 10.0 1.6139818334486336
1498.500784616755 746.7935467642471 10.0 1.6307186332996935
1498.463177359182 746.7878853681243 10.0 1.6473869334440678
1498.4251059955427 746.7821432975812 10.0 1.6640599332749844
1498.386570579866 746.776320505743 10.0 1.6810647333040833
1498.3475711663189 746.7704169480882 10.0 1.6977413333952427
1498.3081078092239 746.7644325823518 10.0 1.7144093334209174
1498.2681805630746 746.7583673684337 10.0 1.7311006332747638
1498.2277894825513 746.7522212683095 10.0 1.7477780333720148
1498.186934622535 746.7459942459466 10.0 1.7648767333012074
1498.1456160381229 746.7396862672224 10.0 1.781544933328405
1498.10383378464 746.7332972998473 10.0 1.7982193334028125
1498.0615879176537 746.7268273132905 10.0 1.8148934333585203
1498.0188784929846 746.7202762787084 10.0 1.8315627332776785
1497.9757055667199 746.713644168877 10.0 1.848232633434236
1497.9320691952225 746.7069309581265 10.0 1.8649035333655775
1497.8879694351442 746.7001366222792 10.0 1.8815758333075792
1497.843406343434 746.6932611385894 10.0 1.898861833382398
1497.798379977349 746.6863044856867 10.0 1.9155298334080726
1497.752890394463 746.679266643521 10.0 1.932205233257264
1497.706937652677 746.6721475933101 10.0 1.9488811334595084
1497.6605218102256 746.6649473174897 10.0 1.966208833269775
1497.6136429256871 746.6576657996652 10.0 1.9828767334111035
1497.5663010579904 746.650303024566 10.0 1.9995506333652884
1497.5184962664225 746.6428589780013 10.0 2.0162174333818257
1497.4702286106365 746.635333646818 10.0 2.032884533284232
1497.421498150657 746.6277270188605 10.0 2.0497443333733827
1497.3723049468883 746.6200390829318 10.0 2.066473533399403
1497.3226490601191 746.6122698287572 10.0 2.0832534334622324
1497.2725305515296 746.604419246948 10.0 2.0999213333707303
1497.2219494826963 746.5964873289684 10.0 2.1168079334311187
1497.1709059155985 746.5884740671024 10.0 2.1334822333883494
1497.1193999126226 746.5803794544237 10.0 2.150253533385694
1497.0674315365675 746.5722034847648 10.0 2.1669262333307415
1497.015000850649 746.5639461526896 10.0 2.183597333263606
1496.9621079185042 746.5556074534655 10.0 2.2002711333334446
1496.908752804197 746.5471873830376 10.0 2.2171230332460254
1496.8549355722207 746.5386859380035 10.0 2.2337938332930207
1496.8006562875028 746.5301031155897 10.0 2.250672133406624
1496.7459150154082 746.5214389136285 10.0 2.267432933440432
1496.6907118217432 746.5126933305363 10.0 2.284103133250028
1496.6350467727589 746.5038663652923 10.0 2.3011979332659394
1496.5789199351539 746.4949580174188 10.0 2.3178693333175033
1496.5223313760782 746.4859682869615 10.0 2.33454573340714
1496.4652811631356 746.4768971744716 10.0 2.3512218333780766
1496.4077693643862 746.467744680988 10.0 2.3679031333886087
1496.34979604835 746.45851080802 10.0 2.3845785334706306
1496.2913612840086 746.4491955575319 10.0 2.4012470333836973
1496.232465140808 746.4397989319269 10.0 2.417921533342451
1496.1731076886606 746.4303209340327 10.0 2.43467723345384
1496.1132889979478 746.420761567087 10.0 2.451458333292976
1496.0530091395217 746.4111208347241 10.0 2.468576333252713
1495.9922681847072 746.4013987409619 10.0 2.4852504334412515
1495.931066205304 746.3915952901896 10.0 2.501927433302626
1495.869403273588 746.3817104871553 10.0 2.5186019332613796
1495.8072794623133 746.3717443369551 10.0 2.535284833284095
1495.7446948447136 746.361696845022 10.0 2.55196013324894
1495.681649494504 746.3515680171154 10.0 2.569298233371228
1495.618143485882 746.341357859311 10.0 2.586062533315271
1495.5541768935293 746.3310663779913 10.0 2.6030300334095955
1495.4897497926124 746.3206935798365 10.0 2.6197131334338337
1495.4248622587847 746.3102394718157 10.0 2.6363836333621293
1495.3595143681869 746.2997040611782 10.0 2.6532040333840996
1495.2937061974485 746.2890873554458 10.0 2.6698720334097743
1495.2274378236884 746.2783893624047 10.0 2.686542433453724
1495.1607093245161 746.2676100900987 10.0 2.70378543343395
1495.0935207780328 746.2567495468214 10.0 2.7204560332465917
1495.0258722628319 746.24580774111 10.0 2.737130833324045
1494.9577638579995 746.2347846817381 10.0 2.753802433377132
1494.889195643116 746.2236803777106 10.0 2.770516033284366
1494.820167698256 746.2124948382566 10.0 2.787686733296141
1494.7506801039892 746.2012280728243 10.0 2.8043568334542215
1494.6807329413814 746.1898800910753 10.0 2.8213011333718896
1494.610326291994 746.1784509028797 10.0 2.8379829332698137
1494.5394602378854 746.1669405183106 10.0 2.854655033443123
1494.4681348616111 746.1553489476398 10.0 2.87133253342472
1494.3963502462248 746.1436762013328 10.0 2.8880031334701926
1494.3241064752772 746.1319222900446 10.0 2.9046766334213316
1494.2514036328182 746.1200872246154 10.0 2.9213489333633333
1494.178241803396 746.1081710160665 10.0 2.9380204332992435
1494.104621072058 746.0961736755967 10.0 2.954698433401063
1494.0305415243506 746.084095214578 10.0 2.9713672334328294
1493.9560032463196 746.071935644553 10.0 2.98803843325004
1493.8810063245107 746.0596949772306 10.0 3.004705133382231
1493.8055508459693 746.047373224483 10.0 3.0213734332937747
1493.7296368982404 746.0349703983427 10.0 3.038046233355999
1493.6532645693699 746.0224865109996 10.0 3.054713233374059
1493.576433947903 746.0099215747977 10.0 3.0713882334530354
1493.499145122886 745.9972756022328 10.0 3.088060333393514
1493.4213981838643 745.9845486059496 10.0 3.10472773341462
1493.343193220885 745.9717405987393 10.0 3.1214025332592428
1493.2645303244947 745.958851593537 10.0 3.13807103340514
1493.1854095857402 745.9458816034197 10.0 3.1553172334097326
1493.1058310961691 745.9328306416037 10.0 3.171987633453682
1493.025794947829 745.9196987214426 10.0 3.188657133374363
1492.9453012332672 745.9064858564254 10.0 3.2053255334030837
1492.8643500455319 745.8931920601744 10.0 3.2232981333509088
1492.7829414781706 745.8798173464432 10.0 3.2399728333111852
1492.701075625231 745.8663617291153 10.0 3.256648233393207
1492.6187525812602 745.8528252222019 10.0 3.2733237333595753
1492.5359724413054 745.8392078398405 10.0 3.2901792332995683
1492.4527353009125 745.8255095962932 10.0 3.3068804333452135
1492.369041256127 745.8117305059452 10.0 3.323553233407438
1492.2848904034936 745.7978705833035 10.0 3.340230133384466
1492.2002828400553 745.7839298429952 10.0 3.3568976332899183
1492.115218663354 745.7699082997665 10.0 3.3737159334123135
1492.02969797143 745.7558059684809 10.0 3.390390933258459
1491.9437208628221 745.7416228641184 10.0 3.4070686334744096
1491.8572874365664 745.7273590017742 10.0 3.4237421334255487
1491.7703977921965 745.7130143966574 10.0 3.440409233327955
1491.683052029744 745.6985890640901 10.0 3.457077033352107
1491.5952502497373 745.6840830195063 10.0 3.473920033313334
1491.5069925532014 745.6694962784505 10.0 3.490597233409062
1491.418279041658 745.6548288565776 10.0 3.5072660334408283
1491.329109817125 745.6400807696511 10.0 3.5239369333721697
1491.2394849821162 745.6252520335426 10.0 3.5406123334541917
1491.1494046396406 745.6103426642306 10.0 3.557279533473775
1491.0588688932028 745.5953526778004 10.0 3.573947033379227
1490.9678778468021 745.5802820904424 10.0 3.5906157332938164
1490.8764316049323 745.565130918452 10.0 3.6072871333453804
1490.7845302725816 745.5498991782285 10.0 3.623963333433494
1490.6921739552315 745.5345868862746 10.0 3.6406313334591687
1490.5993627588573 745.5191940591955 10.0 3.657304933294654
1490.5060967899274 745.5037207136983 10.0 3.673973433440551
1490.4123761554024 745.4881668665915 10.0 3.6906487334053963
1490.3182009627358 745.4725325347844 10.0 3.707626233343035
1490.2235713198727 745.4568177352862 10.0 3.724299233406782
1490.1284873352497 745.4410224852058 10.0 3.741207833401859
1490.0329491177943 745.4251468017511 10.0 3.7580189334694296
1489.936956776925 745.4091907022283 10.0 3.77469013328664
1489.84051042255 745.3931542040418 10.0 3.791365733370185
1489.7436101650683 745.3770373246932 10.0 3.8080617333762348
1489.6462561153674 745.3608400817814 10.0 3.8247300332877785
1489.5484483848238 745.3445624930015 10.0 3.841404433362186
1489.450187085303 745.3282045761449 10.0 3.858481233473867
1489.3514723291585 745.3117663490987 10.0 3.8751600333489478
1489.252304229231 745.295247829845 10.0 3.891827133251354
1489.1526828988488 745.278649036461 10.0 3.908502733334899
1489.0526084518267 745.2619699871184 10.0 3.9252252334263176
1488.9520810024658 745.2452107000828 10.0 3.941910433350131
1488.851100665553 745.2283711937135 10.0 3.9585806333925575
1488.7496675563607 745.2114514864636 10.0 3.975253033451736
1488.647781790646 745.1944515968787 10.0 3.9919216332491487
1488.5454434846501 745.1773715435975 10.0 4.00859563332051
1488.4426527550988 745.1602113453508 10.0 4.025270433397964
1488.3394097192006 745.1429710209618 10.0 4.041938133304939
1488.2357144946473 745.1256505893452 10.0 4.0586318334098905
1488.131567199613 745.1082500695076 10.0 4.075302033452317
1488.026967952754 745.0907694805463 10.0 4.092006033286452
1487.9219168732075 745.07320884165 10.0 4.108677933458239
1487.816414080592 745.0555681720978 10.0 4.244449733290821
1487.7104596950064 745.0378474912593 10.0 4.265732033411041
1487.6040538370296 745.0200468185943 10.0 4.285094633465633
1487.4971966277199 745.0021661736525 10.0 4.301776733249426
1487.3898881886141 744.9842055760732 10.0 4.3204507334157825
1487.282128641728 744.9661650455854 10.0 4.337117733433843
1487.1739181095545 744.948044602007 10.0 4.353792433394119
1487.0652567150646 744.9298442652452 10.0 4.370464633451775
1486.9561445817055 744.9115640552956 10.0 4.387140633305535
1486.8465818334012 744.8932039922428 10.0 4.403813633369282
1486.736568594551 744.8747640962595 10.0 4.420490633463487
1486.6261049900297 744.8562443876066 10.0 4.4385896334424615
1486.5151911451867 744.837644886633 10.0 4.455266333417967
1486.4038271858453 744.8189656137755 10.0 4.471940733259544
1486.2920132383026 744.8002065895583 10.0 4.4886087332852185
1486.179749429329 744.7813678345931 10.0 4.505276933312416
1486.0670358861667 744.7624493695787 10.0 4.521950833266601
1485.9538727365302 744.7434512153011 10.0 4.538623233325779
1485.8402601086057 744.724373392633 10.0 4.5554483332671225
1485.7261981310498 744.7052159225339 10.0 4.572119233431295
1485.6116869329896 744.6859788260498 10.0 4.588795233285055
1485.4967266440217 744.666662124313 10.0 4.605465833330527
1485.3813173942121 744.6472658385421 10.0 4.622137433383614
1485.2654593140953 744.6277899900417 10.0 4.638816433260217
1485.1491525346735 744.6082346002022 10.0 4.6563523332588375
1485.0323971874168 744.5885996904998 10.0 4.67316593346186
1484.915193404262 744.5688852824962 10.0 4.68983713327907
1484.797541317612 744.5490913978387 10.0 4.706513133365661
1484.6794410603359 744.5292180582594 10.0 4.723181233275682
1484.5608927657674 744.5092652855761 10.0 4.739852333441377
1484.441896567705 744.4892331016913 10.0 4.7565224333666265
1484.3224526004115 744.4691215285922 10.0 4.77319243340753
1484.2025609986124 744.4489305883508 10.0 4.789862033445388
1484.0822218974965 744.4286603031236 10.0 4.806537033291534
1483.9614354327146 744.4083106951517 10.0 4.823210233356804
1483.8402017403791 744.3878817867603 10.0 4.83990463335067
1483.718520957064 744.3673736003586 10.0 4.856577733298764
1483.5963932198028 744.3467861584401 10.0 4.873255233280361
1483.4738186660895 744.3261194835819 10.0 4.889929533470422
1483.3507974338772 744.305373598445 10.0 4.906650033313781
1483.2273296615774 744.284548525774 10.0 4.923325733281672
1483.10341548806 744.2636442883967 10.0 4.939999033464119
1482.9790550526518 744.2426609092245 10.0 4.956674933433533
1482.854248495137 744.2215984112519 10.0 4.973342633340508
1482.7289959557556 744.2004568175564 10.0 4.990015033399686
1482.6032975752037 744.1792361512987 10.0 5.006694933399558
1482.4771534946315 744.1579364357221 10.0 5.023368033347651
1482.3505638556444 744.1365576941528 10.0 5.040039133280516
1482.2235288003012 744.1150999499993 10.0 5.056735733291134
1482.0960484711138 744.0935632267527 10.0 5.073407033458352
1481.9681230110466 744.0719475479865 10.0 5.090080533409491
1481.839752563516 744.0502529373562 10.0 5.107710533309728
1481.7109372723896 744.0284794185994 10.0 5.1244086334481835
1481.5816772819858 744.006627015536 10.0 5.141085733426735
1481.4519727370728 743.9846957520672 10.0 5.157760933274403
1481.3218237828683 743.9626856521763 10.0 5.17443283344619
1481.1912305650385 743.9405967399281 10.0 5.191729133250192
1481.0601932296981 743.9184290394687 10.0 5.208402033429593
1480.928711923409 743.8961825750258 10.0 5.225072433473542
1480.7967867931802 743.8738573709082 10.0 5.241739533375949
1480.6644179864663 743.8514534515058 10.0 5.258410533424467
1480.5316056511683 743.8289708412894 10.0 5.275086933281273
