1499.9998812616384 746.9999948890764 5.000012588059273 0.08655999999609776
1499.9995250884588 746.9999794038929 5.0000509146152785 0.3003905333316652
1499.9989315395044 746.9999531063261 5.000115817693571 0.3472754333197372
1499.9981006708701 746.9999155768145 5.000208127988487 0.3639430333278142
1499.997032535737 746.9998664135456 5.00032866893171 0.38061103332438506
1499.9957271844028 746.9998052316774 5.000478256760655 0.3972800333285704
1499.994184664311 746.9997316625919 5.000657700586687 0.4139604333322495
1499.9924050200766 746.9996453531802 5.0008678024631275 0.43062713331892155
1499.990388293511 746.9995459651572 5.001109357453064 0.4473028333304683
1499.9881345236422 746.9994331744043 5.001383153696939 0.4639767333283089
1499.9856437467358 746.9993066703406 5.001689972479912 0.48064693332707975
1499.9829159963126 746.9991661553188 5.002030588298982 0.49733043332525995
1499.9799513031633 746.9990113440471 5.002405768929867 0.5140023333224235
1499.9767496953634 746.9988419630349 5.002816275493625 0.5306699333305005
1499.9733111982857 746.9986577500614 5.003262862523019 0.5473459333297797
1499.9696358346102 746.9984584536661 5.0037462780286 0.5643486333283363
1499.9657236243334 746.9982438326605 5.004267263564525 0.5810205333254999
1499.9615745847761 746.9980136556597 5.004826554294086 0.5976969333278248
1499.9571887305901 746.9977677006341 5.0054248790549405 0.6143675333296414
1499.9525660737618 746.9975057544784 5.006062960424061 0.6310380333306966
1499.9477066236168 746.9972276125995 5.006741514782371 0.6477428333309945
1499.9426103868223 746.9969330785207 5.007461252379079 0.6687009333254537
1499.9372773673879 746.9966219635018 5.0082228773956965 0.6853844333236339
1499.931707566666 746.996294086176 5.009027088009749 0.7020605333236745
1499.9259009833513 746.9959492722007 5.009874576458156 0.7187350333260838
1499.9198576134781 746.9955873539226 5.010766029100292 0.7354039333295077
1499.9135774504186 746.995208170057 5.011702126480722 0.7520767333189724
1499.9070604848785 746.99481156538 5.012683543391602 0.7690183333324967
1499.9003067048925 746.9943973904329 5.0137109489347464 0.7859221333201276
1499.89331609582 746.9939655012391 5.014785006583362 0.802588933322113
1499.886088640338 746.9935157590322 5.015906374243438 0.8192655333259609
1499.8786243184345 746.9930480299952 5.017075704314799 0.8359355333232088
1499.8709231074022 746.9925621850103 5.018293643751809 0.8526087333302712
1499.862984981829 746.9920580994191 5.019560834123738 0.869279133330565
1499.8548099135903 746.9915356527914 5.020877911674774 0.8863954333210131
1499.8463978718398 746.9909947287051 5.02224550738369 0.9030650333297672
1499.8377488229996 746.990435214533 5.0236642470231585 0.9197399333206704
1499.8288627307497 746.9898570012397 5.025134751218722 0.9364134333300171
1499.8197395560178 746.9892599831854 5.026657635507403 0.9530817333288724
1499.8103792569682 746.9886440579388 5.0282335103959666 0.9697525333322119
1499.8007817889898 746.9880091260962 5.029862981418828 0.9864267333323369
1499.7909471046846 746.9873550911088 5.031546649195605 1.0030969333311077
1499.7808751538555 746.9866818591162 5.033285109488323 1.0197699333220953
1499.7705658834927 746.9859893387865 5.035078953258253 1.0364366333233193
1499.7600192377622 746.9852774411631 5.03692876672241 1.0531461333303014
1499.7492351579913 746.9845460795176 5.038835131409683 1.0701633333228528
1499.7382135826556 746.9837951692076 5.040798624216623 1.086965833324939
1499.7269544473654 746.9830246275411 5.042819817462866 1.1036340333230328
1499.7154576848511 746.9822343736454 5.04489927894621 1.1203084333246807
1499.703723224949 746.9814243283416 5.047037571997334 1.1372217333264416
1499.6917509945877 746.9805944140239 5.049235255534168 1.1538906333298655
1499.6795409177716 746.9797445545429 5.051492884115906 1.170561833321699
1499.6670929155682 746.9788746750945 5.053811007996671 1.1872372333309613
1499.6544069060915 746.977984702112 5.0561901731788295 1.2039126333256718
1499.6414828044872 746.9770745631631 5.058630921465951 1.22058113332605
1499.6283205229176 746.9761441868502 5.061133790515425 1.2373142333235592
1499.6149199705465 746.9751935027149 5.0636993138907265 1.254027633331134
1499.6012810535224 746.9742224411457 5.066328021113334 1.2707025333220372
1499.5874036749642 746.9732309332898 5.0690204377143 1.287370733320131
1499.5732877349446 746.9722189109673 5.071777085285486 1.3040388333320152
1499.5589331304745 746.9711863065893 5.074598481530439 1.3207111333322246
1499.5443397554873 746.9701330530788 5.077485140314936 1.3373796333326027
1499.529507500822 746.9690590837944 5.080437571717188 1.354052333321306
1499.5144362542092 746.9679643324566 5.083456282077698 1.370721033323207
1499.4991259002522 746.9668487330775 5.086541774048785 1.387396133330185
1499.4835763204135 746.9657122198922 5.089694546643769 1.4040719333279412
1499.4677873929966 746.9645547272929 5.092915095285826 1.4207482333295047
1499.4517589931315 746.9633761897658 5.096203911856499 1.4374235333234537
1499.4354909927572 746.9621765418295 5.099561484743887 1.4540983333281474
1499.4189832606064 746.9609557179765 5.102988298890499 1.4707683333253954
1499.4022356621883 746.9597136526152 5.1064848358407735 1.5032132333290065
1499.3852480597736 746.9584502800157 5.110051573788285 1.5198850333254086
1499.3680203123774 746.9571655342561 5.113688987622607 1.536551833327394
1499.3505522757432 746.9558593491716 5.117397548975864 1.5532212333200732
1499.3328438023268 746.9545316583045 5.121177726268958 1.5704966333287302
1499.31489474128 746.953182394856 5.12502998475747 1.5871651333291084
1499.296704938435 746.9518114916401 5.1289547865772445 1.6038453333312646
1499.2782742362867 746.9504188810389 5.132952590789662 1.6205215333320666
1499.259602473979 746.9490044949587 5.137023853426592 1.6371933333284687
1499.2406894872868 746.947568264788 5.141169027535027 1.6538629333226709
1499.2215351086008 746.9461101213569 5.14538856322142 1.6705328333191574
1499.2021391669116 746.9446299948978 5.149682907695693 1.68720673333155
1499.1825014877932 746.9431278150067 5.154052505314954 1.703880533328629
1499.1626218933877 746.9416035106065 5.158497797626898 1.720557133332477
1499.142500202389 746.9400570099106 5.163019223412908 1.737233133331756
1499.122136230028 746.9384882403887 5.167617218730851 1.7539072333311196
1499.101529788055 746.9368971287321 5.172292216957578 1.7705865333264228
1499.0806806847258 746.9352836008213 5.177044648831118 1.7872580333205406
1499.059588724786 746.933647581694 5.181874942492583 1.8039289333246415
1499.0382537094538 746.9319889955137 5.186783523527775 1.8206053333269665
1499.0166754364066 746.93030776554 5.191770815008497 1.8372845333215082
1498.994853699764 746.9286038140983 5.196837237533579 1.8539596333284862
1498.9727882900731 746.9268770625522 5.201983209269611 1.8706334333255654
1498.9504789942937 746.9251274312749 5.20720914599139 1.8873016333236592
1498.9279255957817 746.9233548396221 5.212515461122083 1.9039702333247988
1498.9051278742756 746.921559205906 5.2179025657731035 1.9206441333226394
1498.88208560588 746.9197404473688 5.22337086878371 1.9373552333272528
1498.8587985630518 746.9178984801576 5.228920776760324 1.954023733327631
1498.8352665145837 746.9160332193004 5.23455269411557 1.970692433329532
1498.8114892255915 746.914144578681 5.240267023107043 1.9873691333195893
1498.7874664574972 746.9122324710162 5.246064163875794 2.004045433321153
1498.7631979680154 746.9102968078325 5.251944514484558 2.0207160333229695
1498.7386835111388 746.9083374994437 5.257908470955697 2.0373849333263934
1498.7139228371227 746.9063544549288 5.263956427308887 2.0540565333212726
1498.6889156924717 746.9043475821101 5.270088775598532 2.0711454333213624
1498.6636618199243 746.9023167875323 5.276305905950918 2.087820433327579
1498.638160958439 746.9002619764419 5.282608206601101 2.104488933327957
1498.6124128431798 746.8981830527663 5.2889960639295435 2.1211614333296893
1498.5864172055026 746.896079919094 5.2954698624984795 2.1378614333225414
1498.5601737729405 746.8939524766548 5.302029985088036 2.154534233326558
1498.53368226919 746.8918006253008 5.308676812732092 2.17120753331983
1498.506942414097 746.8896242634868 5.315410724753887 2.1878746333240997
1498.479953923643 746.8874232882519 5.3222320988013845 2.204542033330654
1498.4527165099312 746.8851975952009 5.329141310882376 2.2212163333315402
1498.425229881173 746.8829470784863 5.336138735399347 2.2383489333296893
1498.397493741674 746.8806716307897 5.343224745184096 2.2550221333222
1498.3695077918205 746.8783711433051 5.350399711532109 2.271735833332059
1498.3412717280669 746.8760455057206 5.3576640042366925 2.288409633329138
1498.3127852429207 746.8736946062013 5.365017991622869 2.3050894333282486
1498.2840480249304 746.8713183313723 5.372462040581034 2.321763733329135
1498.2550597586721 746.868916566302 5.379996516600379 2.3384334333240986
1498.225820124736 746.866489194485 5.387621783802077 2.355106833332684
1498.196328799713 746.8640360978256 5.395338204972239 2.3717814333213028
1498.1665854561827 746.861557156622 5.403146141594642 2.388472433332936
1498.1365897626995 746.8590522495491 5.4110459538832245 2.405335733332322
1498.10634138378 746.8565212536431 5.419038000814355 2.4220078333310084
1498.0758399798908 746.8539640442854 5.427122640158884 2.4386747333192034
1498.0450852074348 746.8513804951865 5.43530022851396 2.4553824333270313
1498.014076718739 746.8487704783705 5.4435711213346405 2.4720566333271563
1497.9828141620421 746.8461338641591 5.451935672965266 2.4887269333266886
1497.951297181482 746.8434705211565 5.460394236670632 2.505397933331551
1497.919525417083 746.8407803162336 5.468947164666935 2.522072333318647
1497.8874985047437 746.8380631145126 5.477594808152509 2.5387394333229167
1497.855216076225 746.8353187793517 5.486337517338348 2.555409033331671
1497.822677759137 746.8325471723301 5.49517564147842 2.5721706333279144
1497.789883176928 746.8297481532323 5.50410952889977 2.5888431333296467
1497.7568319488719 746.8269215800333 5.513139527032416 2.6057330333278514
1497.7235236900558 746.8240673088831 5.522265982439042 2.622454733325867
1497.6899580113688 746.8211851940921 5.531489240844486 2.6392046333203325
1497.6561345194898 746.8182750881157 5.540809647165023 2.6559527333301958
1497.6220528168756 746.8153368415393 5.550227545537453 2.672625833321945
1497.5877125017496 746.8123703030634 5.559743279347986 2.689335833332734
1497.5531131680896 746.8093753194885 5.569357191260934 2.706009733330575
1497.5182544056167 746.8063517357 5.579069623247207 2.72267653333256
1497.483135799784 746.8032993946533 5.588880916612609 2.7393490333197406
1497.4477569317637 746.800218137359 5.598791412025952 2.757046733328025
1497.412117378438 746.7971078028676 5.608801449546973 2.7737442333309446
1497.376216712386 746.7939682282545 5.618911368654063 2.790425533326925
1497.3400545018726 746.790799248605 5.629121508271814 2.807100033329334
1497.3036303108388 746.7876006969996 5.639432206798373 2.823771333321929
1497.2669436988888 746.7843724044982 5.64984380213262 2.8404690333263716
1497.2299942212799 746.7811142001256 5.660356631701154 2.8571701333275996
1497.1927814289113 746.777825910856 5.67097103248511 2.8738372333318694
1497.1553048683136 746.7745073615982 5.681687341046789 2.890548633324215
1497.1175640816368 746.7711583751799 5.692505893556111 2.907215333325439
1497.079558606641 746.7677787723327 5.703427025816894 2.924074433321948
1497.0412879766845 746.7643683716767 5.714451073292962 2.940750333320466
1497.0027517207136 746.7609269897052 5.725578371134073 2.9574610333220335
1496.963949363252 746.7574544407694 5.73680925420168 2.9741341333283344
1496.92488042439 746.7539505370625 5.748144057094521 2.9908107333321823
1496.885544419775 746.7504150886043 5.759583114174043 3.0074856333230855
1496.8459408605993 746.7468479032261 5.771126759589656 3.024157733321772
1496.8060692535912 746.7432487865543 5.782775327303824 3.0408345333271427
1496.765929101004 746.739617541995 5.794529151116993 3.0575029333267594
1496.7255199006065 746.735953970718 5.806388564692354 3.074227933320799
1496.6848411456717 746.7322578716412 5.818353901580446 3.0909016333316686
1496.6438923249675 746.7285290414143 5.830425495243601 3.1075745333218947
1496.6026729227465 746.7247672744028 5.842603679080232 3.12424573332828
1496.5611824187356 746.720972362672 5.854888786448961 3.1410747333284235
1496.5194202881264 746.7171440959706 5.867281150692597 3.157742033319664
1496.4773860015655 746.7132822617143 5.879781105161957 3.174467733319034
1496.435079025144 746.7093866449695 5.892388983239533 3.1911747333215317
1496.3924988203885 746.7054570284369 5.905105118363015 3.208174733328633
1496.3496448442504 746.7014931924343 5.917929844048659 3.2248453333304496
1496.3065165490973 746.6974949148806 5.930863493914511 3.241550233331509
1496.2631133827026 746.6934619712786 5.943906401703478 3.2582210333202966
1496.2194347882364 746.689394134698 5.957058901306264 3.2748939333250746
1496.1754802042558 746.6852911757584 5.970321326784156 3.29156073332706
1496.1312490646953 746.6811528626122 5.983694012391667 3.3082348333264235
1496.0867407988578 746.6769789609274 5.99717729259904 3.3249070333258715
1496.0419548314048 746.67276923387 6.010771502114612 3.341577433326165
1495.9968905823473 746.6685234420866 6.024476975907044 3.3582450333196903
1495.951547467037 746.6642413436867 6.038294049227403 3.37491213332396
1495.9059248961564 746.6599226942253 6.052223057631123 3.3915844333241694
1495.86002227571 746.6555672466844 6.066264336999819 3.4082609333272558
1495.8138390070153 746.6511747514554 6.080418223562975 3.424933633330511
1495.7673744866938 746.646744956321 6.094685053919501 3.4425893333245767
1495.720628106662 746.6422776064367 6.109065165059154 3.459271333325887
1495.6735992541223 746.6377724443126 6.123558894383836 3.4759447333199205
1495.6262873115545 746.633229209795 6.138166579728761 3.492625933329691
1495.5786916567065 746.6286476400471 6.152888559383496 3.509294633331592
1495.530811662586 746.624027469531 6.167725172112876 3.5263349333254155
1495.4826466974519 746.6193684299883 6.1826767571777985 3.5434605333284708
1495.4341961248049 746.6146702504209 6.197743654355892 3.560147333322675
1495.3854593033798 746.6099326570721 6.212926203962064 3.5768159333238145
1495.3364355871365 746.6051553734073 6.228224746868926 3.593620233325055
1495.2871243252516 746.600338120094 6.243639624527108 3.6102873333293246
1495.23752486211 746.5954806149822 6.259171178985446 3.6269553333258955
1495.1876365372962 746.590582573085 6.274819752911056 3.6436987333290745
1495.1374586855866 746.5856437065584 6.290585689609294 3.660400133332587
1495.0869906369408 746.5806637246808 6.306469333043603 3.6770810333255213
1495.0362317164936 746.5756423338333 6.322471027855241 3.693753233324969
1494.9851812445465 746.570579237479 6.338591119382905 3.710424533332116
1494.93383853656 746.565474136142 6.35482995368224 3.7270942333270796
1494.882202903145 746.5603267273872 6.371187877545238 3.7437660333234817
1494.8302736500557 746.5551367057989 6.387665238519531 3.760439433332067
1494.7780500781805 746.5499037629601 6.404262384927577 3.7771067333233077
1494.7255314835352 746.5446275874308 6.420979665885737 3.793779033323517
1494.6727171572545 746.5393078647269 6.437817431323251 3.8106032333307667
1494.6196063855841 746.5339442772984 6.454776032001108 3.8272796333185397
1494.5661984498736 746.5285365045074 6.4718558195308145 3.844617233320605
1494.5124926265682 746.5230842226067 6.48905714639306 3.8612860333232675
1494.4584881872015 746.5175871047171 6.506380365956285 3.8779543333221227
1494.4041843983878 746.5120448208052 6.523825832495147 3.894621733328677
1494.3495805218145 746.5064570376609 6.54139390120889 3.9112912333221175
1494.2946758142343 746.5008234188749 6.559084928239617 3.9281166333239526
1494.239469527459 746.4951436248157 6.576899270690466 3.944793133327039
1494.1839609083509 746.4894173126063 6.594837286643688 3.9614613333251327
1494.1281491988157 746.4836441361014 6.612899335178644 3.9781361333298264
1494.0720336357958 746.4778237458634 6.6310857763896855 3.9948030333325732
1494.015613451263 746.4719557891392 6.649396971403973 4.011472533326014
1493.9588878722116 746.4660399098365 6.667833282399176 4.0281446333247
1493.9018561206499 746.460075748499 6.686395072621104 4.044819033326348
1493.844517413595 746.4540629422831 6.705082706401238 4.061492133332649
1493.7868709630652 746.4480011249331 6.723896549174178 4.078272933329572
1493.7289159760728 746.4418899267562 6.742836967495004 4.094948333324282
1493.6706516546178 746.4357289745983 6.76190432905655 4.111615133326268
1493.6120771956807 746.4295178918187 6.781099002706598 4.128289233325631
1493.5531917912162 746.4232562982647 6.800421358464981 4.145815033320105
1493.493994628146 746.4169438102467 6.819871767540613 4.162492233328521
1493.434484888353 746.410580040512 6.839450602348428 4.179166433328646
1493.3746617486738 746.4041645982189 6.859158236526246 4.196665733325062
1493.3145243808935 746.3976970889114 6.878995044951555 4.213332833329332
1493.2540719517383 746.391177114492 6.89896140375822 4.23046163332765
1493.1933036228693 746.3846042731959 6.919057690353106 4.2471355333254905
1493.1322185508768 746.3779781595638 6.939284283432632 4.263806033326546
1493.0708158872735 746.371298364415 6.959641562999248 4.280480733330478
1493.0090947784888 746.3645644748208 6.980129910377832 4.297151533319266
1492.9470543658624 746.3577760740764 7.000749708232021 4.314503733330639
1492.8846937856385 746.3509327416738 7.021501340580468 4.331171433324926
1492.82201216896 746.3440340532736 7.042385192813015 4.34783883333148
1492.7590086418627 746.3370795806775 7.063401651706818 4.364606633331277
1492.6956823252685 746.3300688917991 7.08455110544238 4.381277733322349
1492.6320323349814 746.3230015506364 7.105833943619529 4.397949633319513
1492.5680577816804 746.3158771172424 7.127250557273318 4.414624733326491
1492.5037577709147 746.3086951476962 7.14880133888987 4.431579333322588
1492.439131403098 746.3014551940739 7.170486682422141 4.448256133327959
1492.3741777735029 746.2941568044193 7.1923069833056354 4.464929633322754
1492.3088959722559 746.2867995227137 7.214262638474039 4.481601933322963
1492.2432850843318 746.2793828888465 7.236354046374801 4.498273133329349
1492.1773441895489 746.2719064385844 7.2585816069846505 4.514941433328204
1492.1110723625632 746.2643697035417 7.280945721825046 4.532534233323531
1492.044468672864 746.2567722111489 7.303446793977571 4.549209433331271
1491.977532184769 746.2491134846224 7.326085228099263 4.56588473332522
1491.9102619574185 746.2413930429327 7.348861430437889 4.5825593333283905
1491.8426570447718 746.2336104007735 7.371775808847158 4.599229533327161
1491.7747164956018 746.2257650685297 7.394828772801877 4.615900833319756
1491.70643935349 746.2178565522453 7.418020733413053 4.632570133326226
1491.637824656823 746.2098843535916 7.441352103442935 4.649408533325186
1491.5688714387877 746.2018479698346 7.464823297320004 4.66607523332641
1491.4995787273658 746.193746893802 7.488434731153905 4.682745933328988
1491.429945545331 746.1855806138503 7.512186822750332 4.699416433330043
1491.3599709102443 746.177348613832 7.536079991625852 4.716140733318753
1491.2896538344494 746.1690503730612 7.560114659022683 4.732809433320654
1491.2189933250693 746.1606853662804 7.584291247923423 4.749478933328646
1491.147988384002 746.1522530636265 7.608610183065717 4.766146933325217
1491.076638007917 746.143752930596 7.63307189095689 4.782817533327034
1491.0049411882512 746.1351844280105 7.65767679988852 4.8001497333316365
1490.9328969112057 746.126547011982 7.68242533995097 4.81681653331907
1490.8605041577418 746.1178401338777 7.7073179430478636 4.833483533322578
1490.787761903578 746.1090632402843 7.7323550429105286 4.850159133318812
1490.714669119186 746.1002157729722 7.757537075112381 4.866827133329934
1490.6412247697883 746.0912971688599 7.782864477083273 4.883497433329467
1490.5674278153542 746.0823068599772 7.8083376881237925 4.9001744333218085
1490.4932772105976 746.0732442734286 7.833957149419519 4.916845533327432
1490.4187719049737 746.0641088313567 7.859723304055245 4.9335140333278105
1490.343910842676 746.054899950905 7.885636597029141 4.950191633324721
1490.2686929626338 746.04561704418 7.911697475266893 4.966863133318839
1490.1931171985098 746.0362595182135 7.937906387635794 4.983539533321164
1490.117182478697 746.0268267749248 7.964263784958793 5.000215533320443
1490.0408877263174 746.017318211082 7.990770120028512 5.017141833319329
1489.9642318592182 746.0077332182636 8.017425847621219 5.033814333321061
1489.8872137899714 745.9980711828191 8.044231424510762 5.050496433323133
1489.8098324258704 745.9883314858297 8.07118730948248 5.0674579333281144
1489.7320866689288 745.9785135030692 8.098293963347057 5.084157533332473
1489.6539754158787 745.9686166049632 8.125551848954355 5.100827033325913
1489.5754975581685 745.9586401565498 8.152961431207212 5.117502133332891
1489.496651981962 745.948583517438 8.180523177075194 5.134177533327602
1489.4174375681366 745.9384460417677 8.208237555608338 5.1508536333276425
1489.3378531922822 745.9282270781681 8.23610503795083 5.167528433332336
1489.2578977247003 745.917925969716 8.264126097354676 5.184201033320278
1489.1775700304024 745.907542053894 8.292301209193335 5.200872233326663
1489.09686896911 745.8970746625484 8.320630850975315 5.2177276333241025
1489.0157933952526 745.8865231218472 8.349115502357748 5.234401933324989
1488.9343421579688 745.8758867522359 8.377755645159931 5.2512252333253855
1488.8525141011046 745.8651648683957 8.406551763376841 5.269194633321604
1488.7703080632136 745.8543567791991 8.435504343192614 5.285973533318611
1488.6877228775568 745.8434617876665 8.46461387299401 5.30264803332102
1488.604757372102 745.8324791909216 8.493880843383842 5.319316133332904
1488.5214103695257 745.8214082801474 8.52330574719438 5.335985433324822
1488.437680687211 745.8102483405406 8.552889079500734 5.352658033327316
1488.3535671372501 745.7989986512672 8.582631337634206 5.370253333327128
1488.269068526444 745.787658485416 8.612533021195622 5.386930033331737
1488.1841836563033 745.7762271099534 8.642594632068644 5.403603733328055
1488.0989113230494 745.7647037856766 8.672816674433044 5.420370633320999
1488.013250317615 745.7530877671674 8.703199654777979 5.437049333326286
1487.9271994256467 745.7413783027447 8.733744081915225 5.453850533333025
1487.8407574275047 745.7295746344178 8.764450466992397 5.470519833324943
1487.7539230982661 745.7176759978378 8.79531932350615 5.487196433328791
1487.6666952077253 745.7056816222502 8.826351167315359 5.503869933323585
1487.579072520397 745.6935907304462 8.857546516654276 5.520539233330055
1487.4910537955175 745.6814025387139 8.888905892145674 5.537210733324173
1487.402637787048 745.669116256789 8.920429816813972 5.553879433326074
1487.3138232436763 745.6567310878054 8.952118816098338 5.570554033329245
1487.2246089088198 745.644246228245 8.98397341786578 5.587223933325731
1487.1349935206283 745.6316608678876 9.015994152424216 5.603892133323825
1487.0449758119876 745.6189741897601 9.048181552535537 5.620566433324711
1486.9545545105216 745.6061853700854 9.080536153428639 5.637236733324244
1486.8637283385974 745.5932935782308 9.113058492812463 5.654243933327962
1486.7724960133276 745.5802979766564 9.145749110888996 5.670922533332487
1486.6808562465746 745.5671977208627 9.178608550366278 5.6875947333319345
1486.5888077449554 745.5539919593378 9.211637356471385 5.704512333322782
1486.4963492098448 745.5406798335047 9.244836076963406 5.721179833330098
1486.4034793373808 745.5272604776674 9.278205262146402 5.737848233329714
1486.3101968184685 745.5137330189574 9.311745464882359 5.7545198333245935
1486.2165003387863 745.5000965772795 9.345457240604128 5.771611233329168
1486.1223885787897 745.4863502652568 9.379341147328356 5.788281433327938
1486.0278602137173 745.4724931881758 9.413397745668401 5.804954833321972
1485.932913913597 745.4585244439313 9.447627598847252 5.821622333329287
1485.837548343251 745.44444312297 9.48203127271042 5.838293733322644
1485.7417621623022 745.4302483082345 9.516609335738842 5.854968433326576
1485.6455540251804 745.4159390751063 9.55136235906176 5.871640433324501
1485.5489225811298 745.401514491349 9.586290916469602 5.888310833324795
1485.4518664742143 745.3869736170507 9.621395584426862 5.904979233324411
1485.354384343326 745.3723155045658 9.656676942084955 5.921647933326312
1485.2564748221916 745.357539198457 9.692135571295083 5.938323733324069
1485.1581365393804 745.3426437354358 9.727772056621088 5.9549948333296925
1485.0593681183118 745.3276281443042 9.76358698535231 5.9722087333211675
1484.9601681772642 745.312491445894 9.799580947516427 5.98887673333229
1484.8605353293826 745.2972326530075 9.835754535892296 6.005551433321671
1484.7604681826874 745.2818507703564 9.872108346022799 6.0228142333216965
1484.659965340084 745.2663447945009 9.908642976227675 6.039490433322499
1484.5590253993707 745.2507137137886 9.94535902761636 6.056164933324908
1484.4576469532499 745.234956508292 9.982257104100816 6.07283523332444
1484.355828589336 745.2190721497468 10.019337812408358 6.0895033333217725
1484.2535688901671 745.2030596014886 10.056601762094495 6.106172333325958
1484.1508664332146 745.1869178183897 10.094049565555752 6.122945333321695
1484.0477197908936 745.1706457467959 10.131681838042503 6.139614233325119
1483.9441275305746 745.1542423244616 10.169499197671804 6.156287733319914
1483.8400882145947 745.1377064804859 10.207502265440217 6.172961733318516
1483.7356004002684 745.1210371352469 10.245691665236652 6.1900415333220735
1483.6306626399 745.1042332003364 10.284068023855195 6.20672023332736
1483.5252734807962 745.087293578494 10.322631971007947 6.223397033332731
1483.4194314652782 745.0702171635406 10.361384139337865 6.240228633323568
1483.3131351306945 745.0530028403113 10.400325164431603 6.256904933325131
1483.2063830094348 745.0356494845876 10.439455684832357 6.273575433326187
1483.0991736289427 745.0181559630304 10.478776342052717 6.290246333330288
1482.9915055117299 745.0005211331107 10.518287780587517 6.3069209333189065
1482.8833771753907 744.9827438430415 10.557990647926704 6.32411673333263
1482.7747871326164 744.9648229317077 10.59788559456819 6.340787433320656
1482.6657338912105 744.9467572285965 10.637973274030726 6.357459733320866
1482.5562159541034 744.9285455537275 10.678254342866781 6.374129833318875
1482.446231819369 744.9101867175813 10.718729460675421 6.390806133320439
1482.3357799802395 744.8916795210281 10.759399290115196 6.407482033318956
1482.2248589251235 744.8730227552566 10.80026449691704 6.424156433320604
1482.1134671376215 744.8542152017009 10.841325749897166 6.4408311333245365
1482.0016030965432 744.8352556319679 10.882583720969988 6.457509933330584
1481.8892652759262 744.8161428077643 10.92403908516103 6.4746315333322855
1481.7764521450526 744.7968754808222 10.96569252061986 6.491303633330972
1481.6631621684685 744.7774523928251 11.007544708633025 6.507971133323736
1481.549393806002 744.7578722753328 11.049596333636993 6.524638633331051
1481.4351455127828 744.7381338497064 11.091848083231115 6.541805533328443
1481.3204157392622 744.7182358270319 11.134300648190585 6.5588069333316525
1481.2052029312324 744.6981769080442 11.176954722479422 6.576463533332571
1481.0895055298477 744.6779557830497 11.219811003263448 6.593132933325251
1480.9733219716452 744.6575711318494 11.262870190923293 6.610171133332187
1480.8566506885659 744.6370216236603 11.3061329890674 6.626845733320806
1480.739490107977 744.6163059170374 11.349600104545049 6.643513433329645
1480.621838652694 744.595422659794 11.393272247459384 6.660184433319955
1480.503694741003 744.574370488923 11.437150131180465 6.676854233330232
1480.385056786685 744.5531480305158 11.481234472358317 6.693526733331964
1480.2659231990385 744.5317538996823 11.525525990936007 6.710430933322641
1480.1462923829042 744.5101867004694 11.570025410162726 6.727128033322515
1480.0261627386897 744.4884450257791 11.614733456606887 6.7437988333258545
1479.905532662394 744.4665274572868 11.65965086016923 6.7604719333321555
1479.7844005456343 744.4444325653576 11.704778354095955 6.777144033330842
1479.6627647756711 744.4221589089635 11.750116674991858 6.7938225333200535
1479.5406237354352 744.3997050355993 11.795666562833484 6.81049233333033
1479.4179758035555 744.3770694811977 11.841428760982296 6.827159833323094
1479.2948193543853 744.3542507700449 11.887404016197863 6.843832633327111
1479.1711527580317 744.3312474146944 11.933593078651052 6.860501533330535
1479.0469743803842 744.308057915881 11.979996701937253 6.877170433319407
1478.9222825831437 744.284680762434 12.0266156430896 6.893839733325876
1478.7970757238525 744.26111443119 12.07345066259223 6.910514633331331
1478.6713521559248 744.2373573869047 12.120502524393531 6.927185033331625
1478.5451102286777 744.2134080821647 12.167771995919441 6.943858033322613
1478.4183482873625 744.1892649572984 12.215259848086731 6.9605315333319595
1478.2910646731973 744.1649264402862 12.262966855316323 6.977210533324978
1478.1632577233993 744.1403909466703 12.310893795546628 6.994050733323093
1478.0349257712182 744.1156568794643 12.359041450246885 7.010727233326179
1477.9060671459704 744.0907226290612 12.407410604430538 7.0274207333277445
1477.7766801730734 744.0655865731422 12.456002046668612 7.044449433320551
1477.6467631740811 744.0402470765833 12.504816569103122 7.061124333326006
1477.5163144667192 744.0147024913629 12.55385496746049 7.077797433332307
1477.385332364922 743.9889511564675 12.603118041064988 7.094467233328032
1477.2538151788694 743.9629913977977 12.652606592852194 7.11113503332308
1477.1217612150244 743.9368215280737 12.702321429382469 7.127872233322705
1476.989168776172 743.9104398467387 12.752263360854451 7.144545733332052
1476.8560361614573 743.8838446398637 12.802433201118577 7.161228933327948
1476.7223616664262 743.8570341800505 12.852831767690606 7.17789923332748
1476.5881435830656 743.8300067263344 12.903459881765182 7.194570533320075
1476.4533801998439 743.8027605240864 12.954318368229398 7.211341133326641
1476.3180698017534 743.7752938049141 13.005408055676396 7.228009333324735
1476.1822106703526 743.7476047865634 13.056729776418976 7.245692433323711
1476.0458010838095 743.7196916728184 13.108284366503222 7.2623614333278965
1475.9088393169454 743.6915526534007 13.160072665722163 7.279033833328867
1475.7713236412799 743.6631859038689 13.212095517629436 7.295709133322816
1475.6332523250758 743.6345895855169 13.26435376955298 7.3131877333216835
1475.4946236333858 743.6057618452716 13.316848272608746 7.3298586333257845
1475.3554358280994 743.57670081559 13.369579881714435 7.346532233321341
1475.2156871679904 743.5474046143562 13.422549455603237 7.36320523332688
1475.0753759087654 743.5178713447767 13.47575785683761 7.379879233325482
1474.9345003031135 743.4880990952762 13.529205951823071 7.396551733327215
1474.7930586007558 743.4580859393919 13.582894610822006 7.41322223332827
1474.6510490484968 743.4278299356682 13.636824707967499 7.429896933332202
1474.5084698902763 743.3973291275494 13.69099712127719 7.446564433324966
1474.365319367221 743.3665815432727 13.745412732667145 7.463236233321368
1474.2215957176993 743.3355851957609 13.800072427965741 7.480379033324425
1474.0772971773742 743.3043380825134 13.85497709692759 7.497046633332502
1473.9324219792597 743.2728381854971 13.910127633247457 7.5137211333203595
1473.7869683537756 743.241083471037 13.965524934574226 7.530391833322938
1473.6409345288055 743.2090718897057 14.02116990252486 7.547066733328393
1473.4943187297538 743.1768013762123 14.0770634426984 7.563741033329279
1473.3471191796045 743.144269849291 14.13320646468997 7.580408233319758
1473.1993340989814 743.1114752115886 14.189599882104813 7.597077433325467
1473.0509617062078 743.0784153495518 14.24624461257234 7.613750733318739
1472.9020002173684 743.0450881333136 14.303141577760194 7.63041943332064
1472.752447846372 743.0114914165789 14.360291703388341 7.647086233322625
1472.6023028050142 742.9776230365101 14.417695919243183 7.663757333328249
1472.4515633030423 742.9434808136111 14.475355159191674 7.680431833330658
1472.3002275482204 742.909062551612 14.53327036119547 7.697103333324776
1472.1482937463957 742.8743660373514 14.59144246732509 7.71377073333133
1471.9957601015662 742.8393890406596 14.649872423774099 7.7304452333191875
1471.8426248159485 742.8041293142406 14.708561180873302 7.7471119333204115
1471.6888860900474 742.7685845935532 14.767509693104964 7.763781633329927
1471.5345421227269 742.7327525966916 14.826718919117043 7.780452033330221
1471.3795911112807 742.6966310242657 14.88618982173744 7.797128433332546
1471.2240312515053 742.6602175592803 14.945923367988264 7.813898533320753
1471.0678607377738 742.6235098670141 15.005920529100116 7.830567433324177
1470.9110777631106 742.5865055948976 15.066182280526393 7.847241433322779
1470.7536805192665 742.5492023723906 15.126709601957597 7.864406233318732
1470.5956671967967 742.5115978108588 15.187503477335671 7.881103933323175
1470.4370359851384 742.4736895034505 15.24856489486834 7.897776733327191
1470.2777850726898 742.4354750249718 15.30989484704347 7.914453533332562
1470.1179126468908 742.3969519317614 15.371494330643447 7.931127433330403
1469.9574168943047 742.358117761565 15.433364346759562 7.947801433329005
1469.796296000701 742.3189700334092 15.49550590080641 7.964472233332344
1469.6345481511385 742.2795062474738 15.557920002536303 7.981145833327901
1469.4721715300514 742.2397238849647 15.620607666053695 7.9980529333261074
1469.3091643213354 742.1996204079853 15.683569909829622 8.01472843332158
1469.1455247084357 742.1591932594077 15.746807756716144 8.031635333332815
1468.9812508744349 742.1184398627432 15.810322233960811 8.048309033329133
1468.816341002144 742.0773576220118 15.87411437322112 8.06498563333298
1468.650793274194 742.0359439216116 15.938185210579 8.081661133328453
1468.484605873128 741.9941961261873 16.002535786555292 8.098379133327398
1468.3177769814954 741.9521115804977 16.06716714612425 8.11526363332814
1468.1503047819476 741.9096876092837 16.132080338728024 8.131940133331227
1467.9821874573347 741.8669215171343 16.19727641829119 8.14860763332399
1467.8134231908034 741.823810588353 16.262756443235237 8.165278933331138
1467.6440101658964 741.780352086823 16.328521476493105 8.181951233331347
1467.4739465666537 741.7365432558718 16.39457258552369 8.198853133319062
1467.3032305777144 741.6923813181357 16.460910842326378 8.215530033325194
1467.1318603844209 741.6478634754233 16.52753732345556 8.232204133324558
1466.9598341729231 741.602986908578 16.594453110035168 8.248877833320876
1466.7871501302861 741.5577487773409 16.661659287773197 8.2655542333232
1466.613806444598 741.5121462202118 16.729156946976232 8.282250133328489
1466.4398013050784 741.4661763543111 16.796947182563976 8.298919733322691
1466.2651329021912 741.4198362752397 16.865031094083765 8.315586633325438
1466.089799427756 741.3731230569393 16.933409785725097 8.332666533329757
1465.9137990750617 741.3260337515511 17.002084366334135 8.349341333319899
1465.7371300389839 741.2785653892752 17.07105594942822 8.366712233328144
1465.559790516101 741.2307149782282 17.14032565321037 8.383395633325563
1465.3817787048126 741.1824795043012 17.209894600583763 8.400354233323014
1465.2030928054614 741.1338559310162 17.279763919166236 8.417029833319248
1465.0237310204539 741.084841199383 17.349934741304743 8.433707033327664
1464.8436915543846 741.0354322277548 17.420408204089817 8.450381933318567
1464.6629726141614 740.9856259116832 17.49118544937001 8.467056433320977
1464.481572409133 740.9354191237733 17.562267623766335 8.484075533327996
1464.299489151217 740.8848087135374 17.63365587868666 8.500746533332858
1464.1167210550307 740.833791507249 17.705351370340118 8.517614533324377
1463.9332663380233 740.7823643077955 17.777355259751477 8.5342834333278
1463.7491232206098 740.7305238945308 17.849668712775493 8.550955433325726
1463.5642899263069 740.6782670231272 17.92229290011124 8.567633133323397
1463.37876468187 740.6255904254268 17.99522899731642 8.584300933332997
1463.1925457174334 740.5724908092925 18.068478184821636 8.600980733332108
1463.0056312666507 740.518964858458 18.14204164794465 8.617723233328434
1462.8180195668383 740.4650092323784 18.215920576904605 8.634397933332366
1462.6297088591198 740.4106205660785 18.290116166836203 8.651067433325807
1462.4406973885734 740.3557954700026 18.364629617803878 8.667743533325847
1462.2509834043803 740.3005305298623 18.4394621348159 8.684424333332572
1462.060565159975 740.2448223064846 18.51461492783847 8.701092533330666
1461.8694409131988 740.1886673356593 18.590089211809747 8.7177637333225
1461.677608926453 740.1320621279856 18.665886206653866 8.734434833328123
1461.4850674668571 740.075003168719 18.742007137294877 8.751274633323192
1461.291814806406 740.0174869176172 18.818453233670663 8.767948633321794
1461.0978492221311 739.9595098087855 18.895225730746795 8.784618033329025
1460.9031689962635 739.9010682505218 18.972325868530337 8.80128783332475
1460.7077724163976 739.8421586251619 19.04975489208361 8.817961433320306
1460.5116577756592 739.7827772889231 19.127514051537872 8.834636033323477
1460.314823372874 739.7229205717483 19.205604602106977 8.851305133328424
1460.117267512738 739.66258477715 19.28402780410093 8.867980633323896
1459.918988505992 739.6017661820522 19.362784922939408 8.884650733321905
1459.7199846695967 739.5404610366345 19.44187722916521 8.901325933329645
1459.5202543269097 739.4786655641733 19.521305998457617 8.917999333323678
1459.319795807867 739.4163759608844 19.601072511645697 8.93573473332799
1459.1186074491634 739.3535883957644 19.681178054721528 8.952425233321264
1458.9166875944384 739.2902990104321 19.761623918853342 8.969092833329341
1458.7140345944622 739.2265039189696 19.842411400398586 8.985761633332004
1458.5106468073257 739.1621992077622 19.923541800916887 9.002548233329435
1458.306522598631 739.0973809353401 20.005016427182948 9.019223033319577
1458.1016603416863 739.0320451322171 20.086836591199333 9.035893033331377
1457.8960584177012 738.9661878007314 20.169003610209163 9.052559933319571
1457.689715215986 738.8998049148846 20.25151880670871 9.069230433320627
1457.4826291341535 738.8328924201811 20.33438350845988 9.085904633320752
1457.2747985783215 738.7654462334673 20.417599048502602 9.102577933328575
1457.0662219633193 738.6974622427703 20.501166765167092 9.119252333330223
1456.8568977128973 738.6289363071365 20.585088002086014 9.135919433319941
1456.646824259937 738.5598642564705 20.6693641082065 9.152588433324127
1456.4360000466656 738.4902418913726 20.753996437802073 9.169258333320613
1456.2244235248727 738.4200649829776 20.83898635048441 9.18593333332683
1456.0120931561287 738.3493292727923 20.924335211215002 9.202603333324078
1455.799007412007 738.2780304725336 21.01004439031665 9.219271133319126
1455.5851647743086 738.2061642639665 21.09611526348484 9.23594003332255
1455.3705637352887 738.133726298741 21.182549211798946 9.25265993332141
1455.1552027978871 738.0607121982305 21.269347621733314 9.269334233322297
1454.9390804759607 737.9871175533689 21.35651188516815 9.286002433320391
1454.7221952945192 737.912937924488 21.44404339940027 9.302670033328468
1454.504545789963 737.8381688411553 21.531943567153686 9.31934703332081
1454.286130510325 737.7628058020113 21.620213796589987 9.336020233327872
1454.0669480155138 737.686844274607 21.708855501318578 9.352694233326474
1453.8469968775614 737.6102796952415 21.797870100406712 9.369361333330744
1453.6262756808726 737.5331074687995 21.887259018389337 9.38604973332258
1453.4047830224783 737.4553229685891 21.977023685278745 9.40272063332668
1453.1825175122908 737.3769215361798 22.067165536574016 9.41939073332469
1452.9594777733632 737.2978984812398 22.157686013270258 9.436061233325745
1452.735662442151 737.2182490813748 22.24858656186763 9.452727933326969
1452.5110701687768 737.1379685819658 22.33986863438013 9.469397033331916
1452.2856996172993 737.0570521960077 22.43153368834419 9.486068433325272
1452.0595494659842 736.9754951039482 22.523583186826965 9.502845333321602
1451.832618407578 736.8932924535263 22.616018598434472 9.519515533320373
1451.6049051495859 736.8104393596119 22.708841397319393 9.536184933327604
1451.3764084145535 736.726930904045 22.802053063188676 9.552856933325529
1451.14712694035 736.642762135476 22.895655081310842 9.569531933331746
1450.9170594804557 736.5579280692051 22.989648942523026 9.58620163332671
1450.686204804253 736.4724236870236 23.084036143237743 9.60287253333081
1450.4545616973205 736.3862439370546 23.17881818544935 9.619542933331104
1450.2221289617298 736.2993837335945 23.273996576740238 9.636210333323106
1449.9889054163475 736.2118379569547 23.36957283028667 9.652944533328991
1449.7548898971386 736.1236014533043 23.46554846486436 9.669620733329793
1449.5200812574747 736.0346690345127 23.561925004853673 9.686288633325603
1449.284478368445 735.9450354779932 23.65870398024455 9.702955433327588
1449.0480801191713 735.8546955265471 23.755886926641022 9.71962723332399
1448.8108854171269 735.7636438882084 23.853475385265437 9.736299833326484
1448.5728931884576 735.6718752360892 23.95147090296228 9.752969833323732
1448.334102378308 735.5793842082257 24.049875032201644 9.770065133328899
1448.0945119511512 735.4861654074248 24.148689331082306 9.786735833331477
1447.8541208911208 735.3922134011118 24.24791536333441 9.803404933321872
1447.6129282023485 735.2975227211789 24.347554698321765 9.820270233321935
1447.3709329093042 735.2020878638341 24.4476089110437 9.836945533330436
1447.1281340571404 735.1059032894514 24.548079582136513 9.853612933322438
1446.8845307120405 735.0089634224216 24.648968297874465 9.870395533318515
1446.6401219615705 734.9112626510046 24.75027665017035 9.8871156333189
1446.3949069150349 734.8127953271816 24.85200623657558 9.903793433331884
1446.1488847038372 734.7135557665099 24.954158660279802 9.920462133319234
1445.9020544818432 734.6135382479773 25.056735530110043 9.937731433325098
1445.6544154257483 734.5127370138583 25.159738460529322 9.954414733321755
1445.4059667354504 734.4111462695716 25.263169071634795 9.971085433324333
1445.156707634425 734.3087601835387 25.367028989155333 9.987759833325981
1444.9066373701053 734.2055728870428 25.471319844448583 10.004426933330251
1444.6557552142667 734.101578474091 25.57604327449747 10.021095933319884
1444.4040604634147 733.9967710012759 25.681200921906125 10.03776713332627
1444.1515524391775 733.8911444876396 25.786794434895246 10.05443423333054
1443.8982304887031 733.7846929145389 25.892825467296834 10.07110523332085
1443.6440939850593 733.6774102255118 25.999295678548343 10.08854033332318
1443.38914232764 733.5692903261461 26.106206733686182 10.105214233321021
1443.1333749425746 733.4603270839488 26.21356030333859 10.122488533321302
1442.8767912831415 733.3505143282176 26.32135806371782 10.139162633320666
1442.619390830187 733.2398458499146 26.42960169661168 10.155980933326646
1442.361173092548 733.1283154015401 26.538292889374354 10.172654733323725
1442.1021376074787 733.0159166970105 26.647433334916514 10.18935563332343
1441.8422839410837 732.902643411536 26.75702473169471 10.206036433330155
1441.5816116887534 732.7884891815013 26.8670687837 10.222703633320634
1441.3201204756047 732.673447604348 26.97756720044582 10.239377633319236
1441.057809956927 732.5575122384594 27.088521696955063 10.25604573333112
1440.7946798186329 732.4406766030464 27.19993399374635 10.272714933322277
1440.5307297777117 732.322934178037 27.31180581681948 10.289387833327055
1440.26595958269 732.2042784039667 27.424138897640024 10.306063033320243
1440.0003690140952 732.0847026818716 27.53693497312306 10.32286113333248
1439.7339578849255 731.9642003731846 27.65019578561602 10.339532933328883
1439.4667260411231 731.8427647996327 27.763923082880613 10.356203933319193
1439.198673362053 731.720389243138 27.87811861807383 10.37350603332743
1438.929799760986 731.5970669457203 27.992784149727992 10.390182333328994
1438.6601051855887 731.4727911094028 28.1079214417298 10.406857633322943
1438.3895896184154 731.3475548961208 28.223532263298416 10.423527933322475
1438.1182530774072 731.2213514276322 28.339618388962485 10.440199433331145
1437.8460956163951 731.0941737854317 28.45618159853613 10.456867833330762
1437.573117325609 730.9660150106679 28.573223677093857 10.47355343333038
1437.29931833219 730.8368681040623 28.690746414944368 10.490226933325175
1437.0246988007107 730.7067260258332 28.808751607603227 10.506916233323864
1436.7492589336969 730.5755816956207 28.927241055764405 10.52415393332194
1436.472998972158 730.4434279924169 29.04621656527061 10.54082173333154
1436.1959191961205 730.3102577544978 29.165679947082417 10.557515233318554
1435.9180199251675 730.1760637793592 29.28563301724618 10.574191533320118
1435.6393015189828 730.0408388236565 29.406077596860644 10.59086693332938
1435.3597643779012 729.9045756031474 29.527015512042276 10.607535833332804
1435.0794089434632 729.7672667926385 29.648448593889277 10.624206833323115
1434.7982356989758 729.6289050259358 29.77037867844422 10.640879633327131
1434.5162451700776 729.4894828957985 29.892807606655317 10.65754883333284
1434.2334379253111 729.3489929538974 30.015737224336235 10.674220433327719
1433.9498145766988 729.2074277107771 30.13916938212449 10.690892333324882
1433.6653757803251 729.0647796358214 30.263105935438332 10.707565033328137
1433.3801222369239 728.9210411572247 30.387548744432124 10.724241933319718
1433.0940546924717 728.7762046619661 30.51249967395014 10.74091663332365
1432.8071739387865 728.6302624957882 30.637960593478795 10.75759113332606
1432.5194808141312 728.4832069631813 30.763933377097235 10.774262233331683
1432.2309762038242 728.3350303273711 30.890419903426267 10.790930233328254
1431.9416610408537 728.185724810312 31.017422055575572 10.807598133324063
1431.6515363064993 728.035282592684 31.1449417210892 10.824266333322157
1431.3606030309584 727.8836958138961 31.27298079188926 10.84094043332152
1431.0688622939779 727.7309565720935 31.401541164217807 10.857610733321053
1430.776315225493 727.5770569241703 31.530624738576854 10.87526633332891
1430.4829630062695 727.4219888857876 31.660233419666493 10.89193503333081
1430.1888068685548 727.265744431397 31.79036911632107 10.908604333322728
1429.893848096731 727.1083154942692 31.921033741443356 10.925277033325983
1429.5980880279774 726.9496939665283 32.052229211936705 10.941950233333046
1429.3015280529355 726.7898716991926 32.18395744863512 10.958617033320479
1429.0041696163823 726.6288405022198 32.316220376231215 10.975836233323207
1428.7060142179082 726.4665921445593 32.44901992320198 10.99250813332037
1428.407063412601 726.3031183542103 32.58235802173235 11.009194233323797
1428.107318811735 726.1384108182858 32.7162366076365 11.025866333322483
1427.8067820834676 725.9724611830837 32.85065762027686 11.042580633322359
1427.5054549535396 725.8052610541632 32.98562300248068 11.059254433319438
1427.2033392059832 725.6368019964289 33.12113470045426 11.075946233322611
1426.9004366838349 725.4670755342208 33.257194663694705 11.092615233326796
1426.5967492898542 725.2960731514123 33.393804844899094 11.109287733328529
1426.2922789872484 725.1237862915139 33.530967199871164 11.125965633327723
1425.987027800404 724.9502063577845 33.66868368742529 11.143166433321312
1425.6809978156218 724.7753247133509 33.80695626928784 11.159839633328374
1425.3741911818609 724.5991326813333 33.945786909995704 11.176509733326384
1425.0666101114853 724.4216215449796 34.085177576792134 11.193185033320333
1424.7582568810192 724.2427825478065 34.22513023951962 11.20986383332638
1424.4491338319067 724.062606893749 34.36564687050992 11.22655093332287
1424.139243371277 723.8810857473181 34.50672944447104 11.243225333324517
1423.8285879727164 723.6982102337663 34.64837993837126 11.26020243333187
1423.517170177046 723.5139714392615 34.79060033131994 11.27687413332751
1423.204992593104 723.3283604110695 34.933392604445295 11.293546133325435
1422.8920578985358 723.1413681577455 35.07675874076876 11.310221933323191
1422.578368840588 722.9529856493338 35.22070072507622 11.326895833321032
1422.2639282369091 722.7632038175766 35.36522054378575 11.343566233321326
1421.948738976356 722.5720135561329 35.51032018481199 11.360234733321704
1421.6328040198055 722.3794057208054 35.656001637426925 11.37747523332655
1421.3161264009723 722.1853711297775 35.80226689211719 11.394261633322458
1420.9987092272324 721.9899005638605 35.94911794043762 11.411677733325632
1420.6805556804516 721.7929847667494 36.096556774861114 11.428928733323119
1420.36166901782 721.5946144452904 36.24458538862472 11.44559813333035
1420.0420525726925 721.3947802697566 36.39320577557179 11.462264833331574
1419.7217097554337 721.193472874136 36.54241992999021 11.478937833322561
1419.4006440542696 720.990682856429 36.69222984644655 11.495609633318963
1419.0788590361435 720.7864007789568 36.84263751961618 11.512282733325264
1418.7563583475778 720.5806171686809 36.9936449441091 11.528956533322344
1418.4331457155417 720.3733225175336 37.14525411429152 11.545628733321792
1418.1092249483231 720.16450728276 37.297467024103106 11.562295833326061
1417.7845999364063 719.9541618872718 37.450285666869725 11.578963533320348
1417.4592746533547 719.7422767200114 37.60371203511169 11.595918833321775
1417.1332531566989 719.52884213633 37.757748120347365 11.612589833326638
1416.8065395888295 719.3138484583764 37.91239591289205 11.629259133318556
1416.4791381778948 719.0972859754982 38.06765740165208 11.64593393332325
1416.1510532387035 718.8791449446561 38.223534573914 11.662605233330396
1415.8222891736325 718.6594155908508 38.3800294151288 11.6793616333307
1415.492850473539 718.4380881075622 38.537143908691014 11.696028733320418
1415.162741718677 718.2151526572022 38.694880035712636 11.712699433322996
1414.831967579619 717.9905993715813 38.85323977479182 11.72936903333175
1414.5005328181821 717.7644183523878 39.012225101776146 11.746043533319607
1414.168442288358 717.5365996716814 39.171837989520434 11.762717333331238
1413.835700937247 717.3071333724008 39.332080407638976 11.779392633325187
1413.5023138059978 717.0760094688851 39.49295432225209 11.796060133332503
1413.1682860307483 716.8432179474102 39.65446169572688 11.812734233331867
1412.833622843574 716.608748766739 39.816604486412125 11.82940913332277
1412.498329573437 716.3725918586878 39.97938464836716 11.846076333327801
1412.162411647141 716.134737128706 40.142804131084645 11.862746333325049
1411.8258745902876 715.8951744564728 40.306864879207154 11.879413233327796
1411.488724028239 715.6538936965086 40.471568832237395 11.89608523332572
1411.15096568708 715.4108846788023 40.63691792424201 11.912772533323732
1410.8126053945878 715.1661372094543 40.80291408354885 11.929448733324534
1410.4736490811997 714.9196410713363 40.96955923243753 11.946115433325758
1410.1341027809885 714.6713860247675 41.13685528682329 11.962788833319792
1409.7939726326367 714.4213618082067 41.30480415593384 11.9794624333299
1409.453264880415 714.1695581389625 41.473407741979294 11.996132033324102
1409.1119858751633 713.9159647139197 41.64266793981492 12.012801733319066
1408.770142075273 713.6605712102835 41.81258663659663 12.029477933319868
1408.4277400476713 713.4033672863411 41.98316571142908 12.04615183333226
1408.0847864688078 713.144342582242 42.154407035006315 12.062828133319272
1407.7412881256423 712.8834867207947 42.32631246924472 12.079497533326503
1407.3972519166336 712.6207893082839 42.49888386690827 12.096164333328488
1407.0526848527304 712.3562399353038 42.67212307122587 12.112842433329206
1406.7075940583616 712.089828177613 42.846031915500674 12.129510133323492
1406.361986772429 711.8215435970055 43.020612222711314 12.146181933319895
1406.0158703492987 711.5513757422037 43.19586580510479 12.162848933323403
1405.6692522597941 711.2793141497689 43.37179446378102 12.179523833328858
1405.3221400921886 711.0053483450323 43.548399988268834 12.19619343332306
1404.9745415531966 710.7294678430465 43.72568415609329 12.212863233318785
1404.6264644689657 710.451662149556 43.90364873233419 12.229530133321532
1404.2779167860674 710.1719207619897 44.082295469175705 12.24620373333164
1403.9289065724863 709.8902331704722 44.261626105446865 12.262875433327281
1403.5794420186082 709.6065888588582 44.441642366152884 12.279548633319791
1403.229531438207 709.3209773057857 44.622345961997134 12.296218033327023
1402.879183269428 709.0333879857526 44.80373858889363 12.312920033320552
1402.528406075771 708.7438103702136 44.9858219274699 12.329592733323807
1402.1772085470686 708.4522339286998 45.168597642560094 12.346264333318686
1401.8255995004636 708.1586481299593 45.35206738268819 12.362937033321941
1401.4735878813808 707.863042443121 45.53623277954119 12.379609433322912
1401.1211827644977 707.5654063388808 45.721095447432084 12.396547233322053
1400.7683933547085 707.2657292907098 45.90665698275257 12.413220333328354
1400.4152289880858 706.9640007760861 46.09291896341527 12.42989463332924
1400.0616991328363 706.6602102777492 46.279882948285334 12.44656913333165
1399.707813390252 706.3543472849785 46.467550476601346 12.46336533332942
1399.3535814956554 706.046401294894 46.65592306738535 12.480454333330272
1398.9990133193385 705.7363618137824 46.84500221884184 12.497121233333019
1398.6441188674964 705.4242183584454 47.03478940774559 12.513797433319269
1398.2889082831532 705.1099604575735 47.225286088818216 12.530473833321594
1397.9333918470804 704.7935776531433 47.41649369409327 12.547145833319519
1397.5775799787089 704.4750595018394 47.6084136322698 12.563814333319897
1397.2214832370314 704.1543955765009 47.80104728805418 12.580543433330604
1396.865112321497 703.831575467593 47.99439602149008 12.597219633331406
1396.5084780728964 703.5065887847032 48.188461167276515 12.61390123332967
1396.1515914742376 703.1794251580629 48.38324403407369 12.63057573333208
1395.7944636516115 702.850074240094 48.5787459037967 12.64725483332586
1395.4371058750464 702.518525706981 48.77496803089678 12.663922933323192
1395.0795295593525 702.1847692602686 48.97191164163008 12.680597933329409
1394.7217462649533 701.8487946284853 49.169577933313796 12.697270733318874
1394.3637676987055 701.5105915687923 49.367968073569564 12.71393823332619
1394.0056057147071 701.1701498686584 49.56708319955393 12.7306114333187
1393.6472723150898 700.8274593475614 49.76692441717585 12.747278733324492
1393.2887796507996 700.4825098587147 49.96749280030106 12.764058633329114
1392.9301400223617 700.1352912908208 50.16878938994319 12.780729833320947
1392.5713658806312 699.7857935698507 50.37081519344156 12.797405333330971
1392.212469827527 699.4340066608498 50.57357118362544 12.814078033319674
1391.8534646167498 699.07992056977 50.77705829796483 12.83074923332606
1391.4943631544836 698.7235253453281 50.98127743770751 12.847419933328638
1391.1351785000788 698.3648110808907 51.18622946700231 12.864093133321148
1390.7759238667174 698.0037679163861 51.39191521200854 12.881228333324543
1390.416612622059 697.6403860402414 51.59833545999142 12.897896133319591
1390.057258288867 697.2746556913472 51.80549095840347 12.914571033325046
1389.6978745456152 696.9065671610482 52.01338241395179 12.931673133323784
1389.3384752270722 696.53611079516 52.22201049165107 12.948343933327124
1388.9790743248648 696.1632769960127 52.43137581386236 12.965020033327164
1388.6196859880188 695.7880562245202 52.64147895931745 12.981689433319843
1388.2603245234764 695.4104390022765 52.852320462128844 12.998366133324453
1387.9010043965889 695.0304159136766 53.06390081078523 13.01503383331874
1387.541740231586 694.6479776080653 53.27622044713247 13.031708733324194
1387.182546812018 694.2631148019099 53.489279765339944 13.04837773332838
1386.823439081174 693.875818281 53.703079110852364 13.065057733329013
1386.4644321424694 693.4860789026718 53.917618779326865 13.081728833320085
1386.1055412598087 693.0938875980588 54.132899015555466 13.098403133320971
1385.746781857918 692.6992353743664 54.34892001237285 13.115073133332771
1385.3881695226482 692.3021133171719 54.56568190954943 13.131967333320063
1385.0297200012476 691.9025125927499 54.78318479266976 13.148636833328055
1384.6714492026035 691.5004244504205 55.001428691996175 13.165304533322342
1384.3133731974513 691.095840224923 55.22041358131788 13.182442233330221
1383.9555082185507 690.6887513388126 55.44013937678529 13.19911533332197
1383.597870660829 690.2791493048809 55.66060593572984 13.215791933325818
1383.2404770814871 689.867025728599 55.88181305546919 13.232885333331069
1382.8833442000737 689.4523723105838 56.103760472097925 13.249579033319606
1382.5264888985182 689.0351808490866 56.32644785926385 13.266251533321338
1382.169928221131 688.6154432425033 56.5498748269299 13.283147733323858
1381.8136793745612 688.1931514919058 56.77404092012176 13.29981723333185
1381.457759727718 687.7682977035954 56.99894561766136 13.31648513332766
1381.1021868116504 687.340874091675 57.22458833088628 13.3331634333299
