1499.999763457169 746.999979589354 10.0 0.07397020002827048
1499.9990540398487 746.9999177490951 10.0 0.27964843320660293
1499.9978720550864 746.9998127416263 10.0 0.3061882331967354
1499.9962177974269 746.9996629035696 10.0 0.32290093321353197
1499.9940915494697 746.9994666426006 10.0 0.33957273326814175
1499.991493582402 746.999222434419 10.0 0.3562422334216535
1499.9884241565092 746.9989288198483 10.0 0.37291243323124945
1499.9848835216626 746.9985844020589 10.0 0.38958163326606154
1499.9808719177884 746.9981878439106 10.0 0.40625553322024643
1499.9763895753135 746.9977378654078 10.0 0.4230503332801163
1499.971436715596 746.9972332412635 10.0 0.4397219333332032
1499.9660135513336 746.996672798568 10.0 0.4563987331930548
1499.9601202869583 746.9960554145563 10.0 0.47307183337397873
1499.9537571190103 746.9953800144708 10.0 0.48974463320337236
1499.9469242364999 746.9946455695164 10.0 0.5064196332823485
1499.9396218212507 746.9938510949014 10.0 0.5230941332411021
1499.9318500482304 746.9929956479632 10.0 0.5397670334205031
1499.9236090858656 746.9920783263732 10.0 0.5564405333716422
1499.9148990963452 746.9910982664192 10.0 0.573112633312121
1499.905720235909 746.9900546413602 10.0 0.5897850333712995
1499.8960726551254 746.9889466598523 10.0 0.606459733331576
1499.885956499156 746.9877735644412 10.0 0.6232067332603037
1499.87537190801 746.9865346301194 10.0 0.639877533307299
1499.864319016787 746.9852291629448 10.0 0.6568132333923131
1499.8527979559099 746.9838564987184 10.0 0.6735621332190931
1499.8408088513472 746.9824160017184 10.0 0.6902290333528072
1499.828351824827 746.9809070634885 10.0 0.7069043333176523
1499.8154269940405 746.9793291016775 10.0 0.7235772332642227
1499.802034472838 746.9776815589294 10.0 0.74024403328076
1499.788174371415 746.9759639018192 10.0 0.7569127331953496
1499.7738467964925 746.9741756198364 10.0 0.7735837332438678
1499.7590518514878 746.9723162244095 10.0 0.7902519332710654
1499.7437896366785 746.9703852479744 10.0 0.8072033333592117
1499.72806024936 746.9683822430806 10.0 0.8238706332631409
1499.7118637839956 746.966306781537 10.0 0.8405455332249403
1499.6952003323606 746.9641584535935 10.0 0.8575207332614809
1499.6780699836804 746.9619368671578 10.0 0.8741947333328426
1499.660472824762 746.9596416470449 10.0 0.8908670332748443
1499.6424089401207 746.9572724342603 10.0 0.9075395332183689
1499.6238784121003 746.9548288853118 10.0 0.9254608333576471
1499.6048813209898 746.9523106715523 10.0 0.9421328334137797
1499.5854177451336 746.9497174785492 10.0 0.9588041333481669
1499.5654877610375 746.9470490054829 10.0 0.9754820333328098
1499.545091443471 746.9443049645679 10.0 0.992155333282426
1499.5242288655634 746.9414850805018 10.0 1.0088233333081007
1499.5029000988975 746.9385890899355 10.0 1.0255915333982557
1499.4811052135985 746.935616740967 10.0 1.0422607332002372
1499.4588442784195 746.9325677926571 10.0 1.058936133282259
1499.4361173608224 746.9294420145646 10.0 1.0756106332410127
1499.412924527057 746.926239186303 10.0 1.0922807333990932
1499.3892658422349 746.9229590971144 10.0 1.1089507332071662
1499.3651413704015 746.919601545463 10.0 1.125618733232841
1499.3405511746043 746.9161663386452 10.0 1.1422881332691759
1499.3154953169592 746.9126532924163 10.0 1.167531333398074
1499.2899738587118 746.9090622306337 10.0 1.1842074333690107
1499.2639868602992 746.9053929849148 10.0 1.2008854332379997
1499.2375343814062 746.9016453943098 10.0 1.2175535333808511
1499.2106164810211 746.8978193049882 10.0 1.2342243331950158
1499.183233217488 746.8939145699392 10.0 1.2508919332176447
1499.155384648557 746.8899310486842 10.0 1.267558933235705
1499.1270708314335 746.885868607002 10.0 1.2842314334120601
1499.0982918228233 746.8817271166657 10.0 1.3008990332018584
1499.0690476789775 746.877506455191 10.0 1.3175736332777888
1499.0393384557347 746.8732065055946 10.0 1.3342498333659023
1499.0091642085608 746.8688271561635 10.0 1.351675933226943
1498.9785249925892 746.8643683002344 10.0 1.3683478333987296
1498.9474208626564 746.8598298359816 10.0 1.3850224332418293
1498.9158518733384 746.8552116662147 10.0 1.4017169333528727
1498.8838180789846 746.8505136981845 10.0 1.4183874332811683
1498.8513195337503 746.8457358433978 10.0 1.4350650333799422
1498.8183562916272 746.8408780174394 10.0 1.4517378332093358
1498.7849284064746 746.8359401398021 10.0 1.468412533402443
1498.7510359320463 746.8309221337237 10.0 1.4850871332455426
1498.7166789220191 746.8258239260313 10.0 1.501757433405146
1498.681857430018 746.820645446992 10.0 1.5186893332283944
1498.6465715096422 746.8153866301702 10.0 1.5353627332951874
1498.610821214488 746.8100474122906 10.0 1.5520394332706928
1498.574606598172 746.8046277331074 10.0 1.568720233393833
1498.5379277143536 746.7991275352788 10.0 1.5855195333715528
1498.500784616755 746.7935467642471 10.0 1.6021936333272606
1498.463177359182 746.7878853681243 10.0 1.6188608333468437
1498.4251059955427 746.7821432975812 10.0 1.6355348334182054
1498.386570579866 746.776320505743 10.0 1.6522027333267033
1498.3475711663189 746.7704169480882 10.0 1.668875033268705
1498.3081078092239 746.7644325823518 10.0 1.6855548333842307
1498.2681805630746 746.7583673684337 10.0 1.702240233309567
1498.2277894825513 746.7522212683095 10.0 1.7189087332226336
1498.186934622535 746.7459942459466 10.0 1.7355769332498312
1498.1456160381229 746.7396862672224 10.0 1.7522451332770288
1498.10383378464 746.7332972998473 10.0 1.768919933354482
1498.0615879176537 746.7268273132905 10.0 1.7857473331969231
1498.0188784929846 746.7202762787084 10.0 1.802414633333683
1497.9757055667199 746.713644168877 10.0 1.8190896334126592
1497.9320691952225 746.7069309581265 10.0 1.8357628332450986
1497.8879694351442 746.7001366222792 10.0 1.8524384333286434
1497.843406343434 746.6932611385894 10.0 1.8691133332904428
1497.798379977349 746.6863044856867 10.0 1.885790433268994
1497.752890394463 746.679266643521 10.0 1.9024679332505912
1497.706937652677 746.6721475933101 10.0 1.9191350333858281
1497.6605218102256 746.6649473174897 10.0 1.9358030334115028
1497.6136429256871 746.6576657996652 10.0 1.9524780332576483
1497.5663010579904 746.650303024566 10.0 1.9698238333221525
1497.5184962664225 746.6428589780013 10.0 1.986500233411789
1497.4702286106365 746.635333646818 10.0 2.0033626332879066
1497.421498150657 746.6277270188605 10.0 2.0200362333562225
1497.3723049468883 746.6200390829318 10.0 2.036706833401695
1497.3226490601191 746.6122698287572 10.0 2.053377933334559
1497.2725305515296 746.604419246948 10.0 2.0700448332354426
1497.2219494826963 746.5964873289684 10.0 2.086715833283961
1497.1709059155985 746.5884740671024 10.0 2.103421733248979
1497.1193999126226 746.5803794544237 10.0 2.1201161332428455
1497.0674315365675 746.5722034847648 10.0 2.136814933270216
1497.015000850649 746.5639461526896 10.0 2.1534826334100217
1496.9621079185042 746.5556074534655 10.0 2.170153733342886
1496.908752804197 746.5471873830376 10.0 2.1868461333215237
1496.8549355722207 746.5386859380035 10.0 2.203514833236113
1496.8006562875028 746.5301031155897 10.0 2.2201836332678795
1496.7459150154082 746.5214389136285 10.0 2.2368611332494766
1496.6907118217432 746.5126933305363 10.0 2.2535291332751513
1496.6350467727589 746.5038663652923 10.0 2.270203333348036
1496.5789199351539 746.4949580174188 10.0 2.286872533382848
1496.5223313760782 746.4859682869615 10.0 2.3035470333416015
1496.4652811631356 746.4768971744716 10.0 2.3202200334053487
1496.4077693643862 746.467744680988 10.0 2.3368928332347423
1496.34979604835 746.45851080802 10.0 2.3535613333806396
1496.2913612840086 746.4491955575319 10.0 2.370293533196673
1496.232465140808 746.4397989319269 10.0 2.3869608333334327
1496.1731076886606 746.4303209340327 10.0 2.4036351332906634
1496.1132889979478 746.420761567087 10.0 2.4203112332616
1496.0530091395217 746.4111208347241 10.0 2.4369795334059745
1495.9922681847072 746.4013987409619 10.0 2.45364833320491
1495.931066205304 746.3915952901896 10.0 2.4703171332366765
1495.869403273588 746.3817104871553 10.0 2.486989233409986
1495.8072794623133 746.3717443369551 10.0 2.503664633259177
1495.7446948447136 746.361696845022 10.0 2.520340333227068
1495.681649494504 746.3515680171154 10.0 2.537016033194959
1495.618143485882 746.341357859311 10.0 2.5536925334017724
1495.5541768935293 746.3310663779913 10.0 2.570366933243349
1495.4897497926124 746.3206935798365 10.0 2.587096933275461
1495.4248622587847 746.3102394718157 10.0 2.6037676332052797
1495.3595143681869 746.2997040611782 10.0 2.6204474333208054
1495.2937061974485 746.2890873554458 10.0 2.637115833349526
1495.2274378236884 746.2783893624047 10.0 2.653787533286959
1495.1607093245161 746.2676100900987 10.0 2.670454433420673
1495.0935207780328 746.2567495468214 10.0 2.687125933356583
1495.0258722628319 746.24580774111 10.0 2.703802333213389
1494.9577638579995 746.2347846817381 10.0 2.7204762334004045
1494.889195643116 746.2236803777106 10.0 2.737145433202386
1494.820167698256 746.2124948382566 10.0 2.753822133410722
1494.7506801039892 746.2012280728243 10.0 2.770490233320743
1494.6807329413814 746.1898800910753 10.0 2.7871623332612216
1494.610326291994 746.1784509028797 10.0 2.803838533349335
1494.5394602378854 746.1669405183106 10.0 2.820512733189389
1494.4681348616111 746.1553489476398 10.0 2.837185933254659
1494.3963502462248 746.1436762013328 10.0 2.853857933310792
1494.3241064752772 746.1319222900446 10.0 2.8705545333214104
1494.2514036328182 746.1200872246154 10.0 2.8872216332238168
1494.178241803396 746.1081710160665 10.0 2.903896033298224
1494.104621072058 746.0961736755967 10.0 2.9205668333452195
1494.0305415243506 746.084095214578 10.0 2.9372383332811296
1493.9560032463196 746.071935644553 10.0 2.953907633200288
1493.8810063245107 746.0596949772306 10.0 2.9705995332915336
1493.8055508459693 746.047373224483 10.0 2.9872774332761765
1493.7296368982404 746.0349703983427 10.0 3.0039482333231717
1493.6532645693699 746.0224865109996 10.0 3.0206158333458006
1493.576433947903 746.0099215747977 10.0 3.0373196334112436
1493.499145122886 745.9972756022328 10.0 3.0539919333532453
1493.4213981838643 745.9845486059496 10.0 3.070670433342457
1493.343193220885 745.9717405987393 10.0 3.0873408333864063
1493.2645303244947 745.958851593537 10.0 3.1040123333223164
1493.1854095857402 745.9458816034197 10.0 3.1206963332369924
1493.1058310961691 745.9328306416037 10.0 3.1373699333053082
1493.025794947829 745.9196987214426 10.0 3.1540372332092375
1492.9453012332672 745.9064858564254 10.0 3.170741733396426
1492.8643500455319 745.8931920601744 10.0 3.1875759332906455
1492.7829414781706 745.8798173464432 10.0 3.2042447333224118
1492.701075625231 745.8663617291153 10.0 3.220919533399865
1492.6187525812602 745.8528252222019 10.0 3.237587433308363
1492.5359724413054 745.8392078398405 10.0 3.2542640333995223
1492.4527353009125 745.8255095962932 10.0 3.270938833244145
1492.369041256127 745.8117305059452 10.0 3.2876177332364023
1492.2848904034936 745.7978705833035 10.0 3.304287533275783
1492.2002828400553 745.7839298429952 10.0 3.320961433229968
1492.115218663354 745.7699082997665 10.0 3.337634333409369
1492.02969797143 745.7558059684809 10.0 3.3543059332296252
1491.9437208628221 745.7416228641184 10.0 3.370974133256823
1491.8572874365664 745.7273590017742 10.0 3.387812133412808
1491.7703977921965 745.7130143966574 10.0 3.404594033258036
1491.683052029744 745.6985890640901 10.0 3.421263233292848
1491.5952502497373 745.6840830195063 10.0 3.437930333195254
1491.5069925532014 745.6694962784505 10.0 3.4548859333153814
1491.418279041658 745.6548288565776 10.0 3.471560033271089
1491.329109817125 745.6400807696511 10.0 3.4882329332176596
1491.2394849821162 745.6252520335426 10.0 3.5049043332692236
1491.1494046396406 745.6103426642306 10.0 3.521575233200565
1491.0588688932028 745.5953526778004 10.0 3.5382510332856327
1490.9678778468021 745.5802820904424 10.0 3.555482833413407
1490.8764316049323 745.565130918452 10.0 3.572150933323428
1490.7845302725816 745.5498991782285 10.0 3.588824133388698
1490.6921739552315 745.5345868862746 10.0 3.605496333213523
1490.5993627588573 745.5191940591955 10.0 3.622169733280316
1490.5060967899274 745.5037207136983 10.0 3.638839033199474
1490.4123761554024 745.4881668665915 10.0 3.6555136332754046
1490.3182009627358 745.4725325347844 10.0 3.6721876333467662
1490.2235713198727 745.4568177352862 10.0 3.688859833404422
1490.1284873352497 745.4410224852058 10.0 3.7061853331979364
1490.0329491177943 745.4251468017511 10.0 3.7228625332936645
1489.936956776925 745.4091907022283 10.0 3.739537133369595
1489.84051042255 745.3931542040418 10.0 3.756210633320734
1489.7436101650683 745.3770373246932 10.0 3.7728773332200944
1489.6462561153674 745.3608400817814 10.0 3.7895462333690375
1489.5484483848238 745.3445624930015 10.0 3.806217033416033
1489.450187085303 745.3282045761449 10.0 3.822884633205831
1489.3514723291585 745.3117663490987 10.0 3.8395606332924217
1489.252304229231 745.295247829845 10.0 3.8562308333348483
1489.1526828988488 745.278649036461 10.0 3.872901533264667
1489.0526084518267 745.2619699871184 10.0 3.889578133355826
1488.9520810024658 745.2452107000828 10.0 3.906254133209586
1488.851100665553 745.2283711937135 10.0 3.92301053320989
1488.7496675563607 745.2114514864636 10.0 3.9396875333040953
1488.647781790646 745.1944515968787 10.0 3.9563645333983004
1488.5454434846501 745.1773715435975 10.0 3.973039333242923
1488.4426527550988 745.1602113453508 10.0 3.9897075332701206
1488.3394097192006 745.1429710209618 10.0 4.006407233420759
1488.2357144946473 745.1256505893452 10.0 4.023077733349055
1488.131567199613 745.1082500695076 10.0 4.039772133342922
1488.026967952754 745.0907694805463 10.0 4.056443433277309
1487.9219168732075 745.07320884165 10.0 4.073114533210173
1487.816414080592 745.0555681720978 10.0 4.089789733290672
1487.7104596950064 745.0378474912593 10.0 4.106458233203739
1487.6040538370296 745.0200468185943 10.0 4.123129633255303
1487.4971966277199 745.0021661736525 10.0 4.140069933375344
1487.3898881886141 744.9842055760732 10.0 4.157797133317217
1487.282128641728 744.9661650455854 10.0 4.174468433251604
1487.1739181095545 744.948044602007 10.0 4.191137433284894
1487.0652567150646 744.9298442652452 10.0 4.207841933239251
1486.9561445817055 744.9115640552956 10.0 4.224510533269495
1486.8465818334012 744.8932039922428 10.0 4.241187933366746
1486.736568594551 744.8747640962595 10.0 4.257880533346906
1486.6261049900297 744.8562443876066 10.0 4.274557633325458
1486.5151911451867 744.837644886633 10.0 4.291367233265191
1486.4038271858453 744.8189656137755 10.0 4.308037733193487
1486.2920132383026 744.8002065895583 10.0 4.324808933306485
1486.179749429329 744.7813678345931 10.0 4.3414824332576245
1486.0670358861667 744.7624493695787 10.0 4.3586687333881855
1485.9538727365302 744.7434512153011 10.0 4.375341633334756
1485.8402601086057 744.724373392633 10.0 4.392009433358908
1485.7261981310498 744.7052159225339 10.0 4.408679433399811
1485.6116869329896 744.6859788260498 10.0 4.425628333352506
1485.4967266440217 744.666662124313 10.0 4.442397633334622
1485.3813173942121 744.6472658385421 10.0 4.4590716334059834
1485.2654593140953 744.6277899900417 10.0 4.475886333268136
1485.1491525346735 744.6082346002022 10.0 4.492561933351681
1485.0323971874168 744.5885996904998 10.0 4.509229433257133
1484.915193404262 744.5688852824962 10.0 4.525905733229592
1484.797541317612 744.5490913978387 10.0 4.54257873329334
1484.6794410603359 744.5292180582594 10.0 4.559245833195746
1484.5608927657674 744.5092652855761 10.0 4.575914533343166
1484.441896567705 744.4892331016913 10.0 4.592627233359963
1484.3224526004115 744.4691215285922 10.0 4.6093053333461285
1484.2025609986124 744.4489305883508 10.0 4.6259730332531035
1484.0822218974965 744.4286603031236 10.0 4.642847633222118
1483.9614354327146 744.4083106951517 10.0 4.659516433253884
1483.8402017403791 744.3878817867603 10.0 4.6762176332995296
1483.718520957064 744.3673736003586 10.0 4.692890933249146
1483.5963932198028 744.3467861584401 10.0 4.709561433410272
1483.4738186660895 744.3261194835819 10.0 4.726228233193979
1483.3507974338772 744.305373598445 10.0 4.742897433228791
1483.2273296615774 744.284548525774 10.0 4.759565733373165
1483.10341548806 744.2636442883967 10.0 4.776477933395654
1482.9790550526518 744.2426609092245 10.0 4.793144733412191
1482.854248495137 744.2215984112519 10.0 4.8098200333770365
1482.7289959557556 744.2004568175564 10.0 4.826493733329698
1482.6032975752037 744.1792361512987 10.0 4.843168533407152
1482.4771534946315 744.1579364357221 10.0 4.859839433338493
1482.3505638556444 744.1365576941528 10.0 4.876532533206046
1482.2235288003012 744.1150999499993 10.0 4.893238233402371
1482.0960484711138 744.0935632267527 10.0 4.910480833379552
1481.9681230110466 744.0719475479865 10.0 4.9271508334204555
1481.839752563516 744.0502529373562 10.0 4.944175033364445
1481.7109372723896 744.0284794185994 10.0 4.960850433213636
1481.5816772819858 744.006627015536 10.0 4.977519233245403
1481.4519727370728 743.9846957520672 10.0 4.994187833275646
1481.3218237828683 743.9626856521763 10.0 5.010861433343962
1481.1912305650385 743.9405967399281 10.0 5.02753553329967
1481.0601932296981 743.9184290394687 10.0 5.0442098332569
1480.928711923409 743.8961825750258 10.0 5.0609437332022935
1480.7967867931802 743.8738573709082 10.0 5.077613033354282
1480.6644179864663 743.8514534515058 10.0 5.094289633212611
1480.5316056511683 743.8289708412894 10.0 5.110958733363077
1480.3983499356316 743.8064095648109 10.0 5.127849033335224
1480.2646509886458 743.7837696467028 10.0 5.144525033421814
1480.1305089594446 743.7610511116782 10.0 5.161196233239025
1479.9959239977043 743.7382539845307 10.0 5.177872433327138
1479.8608962535436 743.7153782901345 10.0 5.194541233358905
1479.725425877523 743.6924240534437 10.0 5.212241133209318
1479.589513020644 743.6693912994929 10.0 5.229141733376309
1479.4531578343485 743.6462800533966 10.0 5.245917333289981
1479.3163604705178 743.6230903403492 10.0 5.262626533396542
1479.1791210814729 743.5998221856249 10.0 5.2793258333113045
1479.0414398199725 743.5764756145777 10.0 5.296117433346808
1478.9033168392136 743.553050652641 10.0 5.312819433398545
1478.76475229283 743.5295473253276 10.0 5.329487933311611
1478.6257463348923 743.5059656582299 10.0 5.346178533276543
1478.4862991199063 743.4823056770193 10.0 5.36284703318961
1478.3464108028134 743.4585674074463 10.0 5.379529033321887
1478.2060815389889 743.4347508753403 10.0 5.396203633397818
1478.0653114842423 743.4108561066099 10.0 5.4129039333201945
1477.9241007948162 743.3868831272421 10.0 5.429683233378455
1477.7824496273854 743.3628319633025 10.0 5.446355033200234
1477.6403581390564 743.3387026409354 10.0 5.463055033236742
1477.4978264873669 743.3144951863633 10.0 5.479853333206847
1477.354854830285 743.2902096258871 10.0 5.496686433209106
1477.2114433262084 743.2658459858858 10.0 5.513362033292651
1477.067592133964 743.2414042928165 10.0 5.530036533251405
1476.9233014128067 743.216884573214 10.0 5.546704433392733
1476.7785713224196 743.1922868536909 10.0 5.563379533356056
1476.6334020229124 743.1676111609378 10.0 5.580051033291966
1476.487793674821 743.1428575217225 10.0 5.5967231332324445
1476.3417464391073 743.1180259628903 10.0 5.614036033395678
1476.1952604771577 743.093116511364 10.0 5.632307733409107
1476.0483359507832 743.0681291941434 10.0 5.649038033327088
1475.9009730222183 743.0430640383053 10.0 5.665714733302593
1475.75317185412 743.0179210710036 10.0 5.682383333332837
1475.6049326095676 742.992700319469 10.0 5.699055533390492
1475.4562554520621 742.967401811009 10.0 5.7157223334070295
1475.3071405455248 742.9420255730076 10.0 5.732397233368829
1475.1575880542975 742.9165716329252 10.0 5.7490677332971245
1475.0075981431412 742.8910400182986 10.0 5.765740033239126
1474.8571709772352 742.8654307567408 10.0 5.7824151332024485
1474.7063067221775 742.839743875941 10.0 5.7990885332692415
1474.5550055439826 742.8139794036645 10.0 5.816962133394554
1474.403267609082 742.7881373677519 10.0 5.8336337332148105
1474.2510930843227 742.7622177961202 10.0 5.850302533246577
1474.0984821369673 742.7362207167619 10.0 5.86697143339552
1473.9454349346925 742.7101461577446 10.0 5.883871633326635
1473.7919516455884 742.6839941472116 10.0 5.900721833342686
1473.6380324381587 742.6577647133814 10.0 5.917410233290866
1473.4836774813189 742.6314578845478 10.0 5.934077733196318
1473.3288869443963 742.6050736890793 10.0 5.950754133285955
1473.1736609971292 742.5786121554194 10.0 5.967575133312494
1473.0179998096655 742.5520733120863 10.0 5.984280333388597
1472.861903552563 742.5254571876733 10.0 6.00095653324388
1472.705372396788 742.4987638108474 10.0 6.01763253333047
1472.5484065137148 742.4719932103508 10.0 6.034370333189145
1472.3910060751248 742.4451454149994 10.0 6.051232333295047
1472.2331712532061 742.4182204536836 10.0 6.067913533421233
1472.0749022205525 742.3912183553676 10.0 6.084880933398381
1471.916199150163 742.3641391490896 10.0 6.101556033361703
1471.7570622154408 742.3369828639616 10.0 6.118232433218509
1471.5974915901925 742.3097495291692 10.0 6.134903733385727
1471.437487448628 742.2824391739714 10.0 6.151617233408615
1471.277049965359 742.255051827701 10.0 6.168287033215165
1471.116179315399 742.2275875197636 10.0 6.184957933379337
1470.9548756741617 742.2000462796382 10.0 6.20166313322261
1470.7931392174612 742.1724281368768 10.0 6.2183346333913505
1470.6309701215105 742.1447331211043 10.0 6.235014033271
1470.468368562921 742.1169612620183 10.0 6.251681933412328
1470.305334718702 742.0891125893892 10.0 6.26835253322497
1470.14186876626 742.0611871330597 10.0 6.285026933299378
1469.9779708833973 742.0331849229449 10.0 6.301694633206353
1469.813641248312 742.0051059890325 10.0 6.318367333384231
1469.6488800395969 741.9769503613819 10.0 6.335054633207619
1469.4836874362386 741.9487180701249 10.0 6.351725733373314
1469.3180636176173 741.9204091454648 10.0 6.368398733204231
