1499.9998812616384 746.9999948890764 5.000012588059273 0.07431450000149198
1499.9995250884588 746.9999794038929 5.0000509146152785 0.2778368333383696
1499.9989315395044 746.9999531063261 5.000115817693571 0.32114063334302045
1499.9981006708701 746.9999155768145 5.000208127988487 0.3378118333348539
1499.997032535737 746.9998664135456 5.00032866893171 0.3544854333449621
1499.9957271844028 746.9998052316774 5.000478256760655 0.37120973333367147
1499.994184664311 746.9997316625919 5.000657700586687 0.3879635333432816
1499.9924050200766 746.9996453531802 5.0008678024631275 0.405569333335734
1499.990388293511 746.9995459651572 5.001109357453064 0.42224353333585896
1499.9881345236422 746.9994331744043 5.001383153696939 0.43905293333227746
1499.9856437467358 746.9993066703406 5.001689972479912 0.45572463334247004
1499.9829159963126 746.9991661553188 5.002030588298982 0.47239253333827946
1499.9799513031633 746.9990113440471 5.002405768929867 0.4890680333337514
1499.9767496953634 746.9988419630349 5.002816275493625 0.5057357333425898
1499.9733111982857 746.9986577500614 5.003262862523019 0.5224030333338305
1499.9696358346102 746.9984584536661 5.0037462780286 0.5390708333434304
1499.9657236243334 746.9982438326605 5.004267263564525 0.5558280333352741
1499.9615745847761 746.9980136556597 5.004826554294086 0.5725025333376834
1499.9571887305901 746.9977677006341 5.0054248790549405 0.5891709333373001
1499.9525660737618 746.9975057544784 5.006062960424061 0.6058458333427552
1499.9477066236168 746.9972276125995 5.006741514782371 0.6225188333337428
1499.9426103868223 746.9969330785207 5.007461252379079 0.6391997333412291
1499.9372773673879 746.9966219635018 5.0082228773956965 0.6558674333355157
1499.931707566666 746.996294086176 5.009027088009749 0.6725660333322594
1499.9259009833513 746.9959492722007 5.009874576458156 0.6893008333427133
1499.9198576134781 746.9955873539226 5.010766029100292 0.7059747333405539
1499.9135774504186 746.995208170057 5.011702126480722 0.7226548333419487
1499.9070604848785 746.99481156538 5.012683543391602 0.739331733333529
1499.9003067048925 746.9943973904329 5.0137109489347464 0.7560197333368706
1499.89331609582 746.9939655012391 5.014785006583362 0.7726943333400413
1499.886088640338 746.9935157590322 5.015906374243438 0.789369333331706
1499.8786243184345 746.9930480299952 5.017075704314799 0.8061999333440326
1499.8709231074022 746.9925621850103 5.018293643751809 0.8228753333387431
1499.862984981829 746.9920580994191 5.019560834123738 0.8395448333321838
1499.8548099135903 746.9915356527914 5.020877911674774 0.8562133333325619
1499.8463978718398 746.9909947287051 5.02224550738369 0.8728804333368316
1499.8377488229996 746.990435214533 5.0236642470231585 0.8895544333354337
1499.8288627307497 746.9898570012397 5.025134751218722 0.9062271333386889
1499.8197395560178 746.9892599831854 5.026657635507403 0.9230734333395958
1499.8103792569682 746.9886440579388 5.0282335103959666 0.9397403333423426
1499.8007817889898 746.9880091260962 5.029862981418828 0.9564136333356146
1499.7909471046846 746.9873550911088 5.031546649195605 0.9730826333397999
1499.7808751538555 746.9866818591162 5.033285109488323 0.9897905333345989
1499.7705658834927 746.9859893387865 5.035078953258253 1.0065931333374465
1499.7600192377622 746.9852774411631 5.03692876672241 1.0233577333419817
1499.7492351579913 746.9845460795176 5.038835131409683 1.040030033342191
1499.7382135826556 746.9837951692076 5.040798624216623 1.0566982333402848
1499.7269544473654 746.9830246275411 5.042819817462866 1.0733739333372796
1499.7154576848511 746.9822343736454 5.04489927894621 1.090063233335968
1499.703723224949 746.9814243283416 5.047037571997334 1.1069232333393302
1499.6917509945877 746.9805944140239 5.049235255534168 1.123740433336934
1499.6795409177716 746.9797445545429 5.051492884115906 1.140407133338158
1499.6670929155682 746.9788746750945 5.053811007996671 1.1570750333339674
1499.6544069060915 746.977984702112 5.0561901731788295 1.1737430333450902
1499.6414828044872 746.9770745631631 5.058630921465951 1.190446033331682
1499.6283205229176 746.9761441868502 5.061133790515425 1.2071162333450047
1499.6149199705465 746.9751935027149 5.0636993138907265 1.2237929333350621
1499.6012810535224 746.9742224411457 5.066328021113334 1.2404617333377246
1499.5874036749642 746.9732309332898 5.0690204377143 1.2571325333410641
1499.5732877349446 746.9722189109673 5.071777085285486 1.2738006333383964
1499.5589331304745 746.9711863065893 5.074598481530439 1.2904752333415672
1499.5443397554873 746.9701330530788 5.077485140314936 1.3075133333331905
1499.529507500822 746.9690590837944 5.080437571717188 1.3241807333397446
1499.5144362542092 746.9679643324566 5.083456282077698 1.3408520333323395
1499.4991259002522 746.9668487330775 5.086541774048785 1.357520633333479
1499.4835763204135 746.9657122198922 5.089694546643769 1.3741892333346186
1499.4677873929966 746.9645547272929 5.092915095285826 1.3910103333328152
1499.4517589931315 746.9633761897658 5.096203911856499 1.407677433337085
1499.4354909927572 746.9621765418295 5.099561484743887 1.4245002333336743
1499.4189832606064 746.9609557179765 5.102988298890499 1.4411672333371826
1499.4022356621883 746.9597136526152 5.1064848358407735 1.4736894333327655
1499.3852480597736 746.9584502800157 5.110051573788285 1.4903561333339894
1499.3680203123774 746.9571655342561 5.113688987622607 1.507025833343505
1499.3505522757432 746.9558593491716 5.117397548975864 1.5236930333339842
1499.3328438023268 746.9545316583045 5.121177726268958 1.540365633336478
1499.31489474128 746.953182394856 5.12502998475747 1.5570382333389716
1499.296704938435 746.9518114916401 5.1289547865772445 1.5737135333329206
1499.2782742362867 746.9504188810389 5.132952590789662 1.5903817333455663
1499.259602473979 746.9490044949587 5.137023853426592 1.607053433341207
1499.2406894872868 746.947568264788 5.141169027535027 1.6241371333453571
1499.2215351086008 746.9461101213569 5.14538856322142 1.6412473333330126
1499.2021391669116 746.9446299948978 5.149682907695693 1.6579223333392292
1499.1825014877932 746.9431278150067 5.154052505314954 1.6745951333432458
1499.1626218933877 746.9416035106065 5.158497797626898 1.691262333333725
1499.142500202389 746.9400570099106 5.163019223412908 1.7079659333394375
1499.122136230028 746.9384882403887 5.167617218730851 1.7246739333349979
1499.101529788055 746.9368971287321 5.172292216957578 1.7413431333407061
1499.0806806847258 746.9352836008213 5.177044648831118 1.7580174333415926
1499.059588724786 746.933647581694 5.181874942492583 1.774685333337402
1499.0382537094538 746.9319889955137 5.186783523527775 1.7913614333374426
1499.0166754364066 746.93030776554 5.191770815008497 1.8080824333446799
1498.994853699764 746.9286038140983 5.196837237533579 1.8247551333333831
1498.9727882900731 746.9268770625522 5.201983209269611 1.8420876333402703
1498.9504789942937 746.9251274312749 5.20720914599139 1.8589825333328918
1498.9279255957817 746.9233548396221 5.212515461122083 1.875655933341477
1498.9051278742756 746.921559205906 5.2179025657731035 1.8923319333407562
1498.88208560588 746.9197404473688 5.22337086878371 1.9090055333363125
1498.8587985630518 746.9178984801576 5.228920776760324 1.9256794333341531
1498.8352665145837 746.9160332193004 5.23455269411557 1.9423757333424874
1498.8114892255915 746.914144578681 5.240267023107043 1.959048333344981
1498.7874664574972 746.9122324710162 5.246064163875794 1.9757213333359687
1498.7631979680154 746.9102968078325 5.251944514484558 1.9923961333406623
1498.7386835111388 746.9083374994437 5.257908470955697 2.0090737333375728
1498.7139228371227 746.9063544549288 5.263956427308887 2.025750233340659
1498.6889156924717 746.9043475821101 5.270088775598532 2.042528233345365
1498.6636618199243 746.9023167875323 5.276305905950918 2.0596287333319196
1498.638160958439 746.9002619764419 5.282608206601101 2.076298433341435
1498.6124128431798 746.8981830527663 5.2889960639295435 2.0930110333429184
1498.5864172055026 746.896079919094 5.2954698624984795 2.109704333342961
1498.5601737729405 746.8939524766548 5.302029985088036 2.1263786333438475
1498.53368226919 746.8918006253008 5.308676812732092 2.1430479333357653
1498.506942414097 746.8896242634868 5.315410724753887 2.1597155333438423
1498.479953923643 746.8874232882519 5.3222320988013845 2.1763849333365215
1498.4527165099312 746.8851975952009 5.329141310882376 2.1930556333390996
1498.425229881173 746.8829470784863 5.336138735399347 2.2097783333447296
1498.397493741674 746.8806716307897 5.343224745184096 2.22645373333944
1498.3695077918205 746.8783711433051 5.350399711532109 2.243128333342611
1498.3412717280669 746.8760455057206 5.3576640042366925 2.2598026333434973
1498.3127852429207 746.8736946062013 5.365017991622869 2.276473233345314
1498.2840480249304 746.8713183313723 5.372462040581034 2.2937136333348462
1498.2550597586721 746.868916566302 5.379996516600379 2.3103982333414024
1498.225820124736 746.866489194485 5.387621783802077 2.32759003333922
1498.196328799713 746.8640360978256 5.395338204972239 2.344266633343068
1498.1665854561827 746.861557156622 5.403146141594642 2.3609411333454773
1498.1365897626995 746.8590522495491 5.4110459538832245 2.3776114333450096
1498.10634138378 746.8565212536431 5.419038000814355 2.3942805333354045
1498.0758399798908 746.8539640442854 5.427122640158884 2.4113119333342183
1498.0450852074348 746.8513804951865 5.43530022851396 2.427983833331382
1498.014076718739 746.8487704783705 5.4435711213346405 2.4446511333371745
1497.9828141620421 746.8461338641591 5.451935672965266 2.461324733332731
1497.951297181482 746.8434705211565 5.460394236670632 2.4780017333396245
1497.919525417083 746.8407803162336 5.468947164666935 2.4946757333382266
1497.8874985047437 746.8380631145126 5.477594808152509 2.511350733344443
1497.855216076225 746.8353187793517 5.486337517338348 2.5281092333316337
1497.822677759137 746.8325471723301 5.49517564147842 2.5447803333372576
1497.789883176928 746.8297481532323 5.50410952889977 2.56147293333197
1497.7568319488719 746.8269215800333 5.513139527032416 2.578324933332624
1497.7235236900558 746.8240673088831 5.522265982439042 2.595010833334527
1497.6899580113688 746.8211851940921 5.531489240844486 2.611686533331522
1497.6561345194898 746.8182750881157 5.540809647165023 2.6283639333414612
1497.6220528168756 746.8153368415393 5.550227545537453 2.645031733336509
1497.5877125017496 746.8123703030634 5.559743279347986 2.6623715333407745
1497.5531131680896 746.8093753194885 5.569357191260934 2.6790424333448755
1497.5182544056167 746.8063517357 5.579069623247207 2.6957195333379786
1497.483135799784 746.8032993946533 5.588880916612609 2.712388133339118
1497.4477569317637 746.800218137359 5.598791412025952 2.72940303334326
1497.412117378438 746.7971078028676 5.608801449546973 2.7460698333452456
1497.376216712386 746.7939682282545 5.618911368654063 2.762867533339886
1497.3400545018726 746.790799248605 5.629121508271814 2.779545033336035
1497.3036303108388 746.7876006969996 5.639432206798373 2.7962268333358224
1497.2669436988888 746.7843724044982 5.64984380213262 2.8128946333454223
1497.2299942212799 746.7811142001256 5.660356631701154 2.8295631333458005
1497.1927814289113 746.777825910856 5.67097103248511 2.846235633332981
1497.1553048683136 746.7745073615982 5.681687341046789 2.862902633336489
1497.1175640816368 746.7711583751799 5.692505893556111 2.87957573334279
1497.079558606641 746.7677787723327 5.703427025816894 2.896245033334708
1497.0412879766845 746.7643683716767 5.714451073292962 2.9129200333409244
1497.0027517207136 746.7609269897052 5.725578371134073 2.9295969333325047
1496.963949363252 746.7574544407694 5.73680925420168 2.9462719333387213
1496.92488042439 746.7539505370625 5.748144057094521 2.9630090333375847
1496.885544419775 746.7504150886043 5.759583114174043 2.979682033343124
1496.8459408605993 746.7468479032261 5.771126759589656 2.9963492333336035
1496.8060692535912 746.7432487865543 5.782775327303824 3.01302423333982
1496.765929101004 746.739617541995 5.794529151116993 3.0296925333386753
1496.7255199006065 746.735953970718 5.806388564692354 3.0463604333344847
1496.6848411456717 746.7322578716412 5.818353901580446 3.0630290333356243
1496.6438923249675 746.7285290414143 5.830425495243601 3.079696833345224
1496.6026729227465 746.7247672744028 5.842603679080232 3.0963843333447585
1496.5611824187356 746.720972362672 5.854888786448961 3.1130576333380304
1496.5194202881264 746.7171440959706 5.867281150692597 3.1297274333337555
1496.4773860015655 746.7132822617143 5.879781105161957 3.1463970333425095
1496.435079025144 746.7093866449695 5.892388983239533 3.163437333336333
1496.3924988203885 746.7054570284369 5.905105118363015 3.1801061333389953
1496.3496448442504 746.7014931924343 5.917929844048659 3.1967804333398817
1496.3065165490973 746.6974949148806 5.930863493914511 3.214124233345501
1496.2631133827026 746.6934619712786 5.943906401703478 3.230928633332951
1496.2194347882364 746.689394134698 5.957058901306264 3.2475999333400978
1496.1754802042558 746.6852911757584 5.970321326784156 3.264276833331678
1496.1312490646953 746.6811528626122 5.983694012391667 3.2812045333412243
1496.0867407988578 746.6769789609274 5.99717729259904 3.297882433340419
1496.0419548314048 746.67276923387 6.010771502114612 3.3145538333337754
1495.9968905823473 746.6685234420866 6.024476975907044 3.3317025333381025
1495.951547467037 746.6642413436867 6.038294049227403 3.3483696333423723
1495.9059248961564 746.6599226942253 6.052223057631123 3.3650377333397046
1495.86002227571 746.6555672466844 6.066264336999819 3.3823911333456635
1495.8138390070153 746.6511747514554 6.080418223562975 3.399059233342996
1495.7673744866938 746.646744956321 6.094685053919501 3.4157262333319522
1495.720628106662 746.6422776064367 6.109065165059154 3.432394033341552
1495.6735992541223 746.6377724443126 6.123558894383836 3.4490628333442146
1495.6262873115545 746.633229209795 6.138166579728761 3.4660508333327016
1495.5786916567065 746.6286476400471 6.152888559383496 3.4827243333420483
1495.530811662586 746.624027469531 6.167725172112876 3.499396233339212
1495.4826466974519 746.6193684299883 6.1826767571777985 3.5160672333440743
1495.4341961248049 746.6146702504209 6.197743654355892 3.532735433342168
1495.3854593033798 746.6099326570721 6.212926203962064 3.549412933338317
1495.3364355871365 746.6051553734073 6.228224746868926 3.5660892333398806
1495.2871243252516 746.600338120094 6.243639624527108 3.5831233333447017
1495.23752486211 746.5954806149822 6.259171178985446 3.5997928333381424
1495.1876365372962 746.590582573085 6.274819752911056 3.61646433333226
1495.1374586855866 746.5856437065584 6.290585689609294 3.633139433339238
