1499.999763457169 746.999979589354 10.0 0.07407480012625456
1499.9990540398487 746.9999177490951 10.0 0.283486133441329
1499.9978720550864 746.9998127416263 10.0 0.3107293334323913
1499.9962177974269 746.9996629035696 10.0 0.3274837334174663
1499.9940915494697 746.9994666426006 10.0 0.34415983338840306
1499.991493582402 746.999222434419 10.0 0.36083083343692124
1499.9884241565092 746.9989288198483 10.0 0.3775286334566772
1499.9848835216626 746.9985844020589 10.0 0.39440393331460655
1499.9808719177884 746.9981878439106 10.0 0.4142474334221333
1499.9763895753135 746.9977378654078 10.0 0.43623703345656395
1499.971436715596 746.9972332412635 10.0 0.45290753338485956
1499.9660135513336 746.996672798568 10.0 0.4695746332872659
1499.9601202869583 746.9960554145563 10.0 0.486245833337307
1499.9537571190103 746.9953800144708 10.0 0.5029234334360808
1499.9469242364999 746.9946455695164 10.0 0.5195910334587097
1499.9396218212507 746.9938510949014 10.0 0.5362714333459735
1499.9318500482304 746.9929956479632 10.0 0.5531833334825933
1499.9236090858656 746.9920783263732 10.0 0.5698587333317846
1499.9148990963452 746.9910982664192 10.0 0.5865260334685445
1499.905720235909 746.9900546413602 10.0 0.6031932334881276
1499.8960726551254 746.9889466598523 10.0 0.6198720333632082
1499.885956499156 746.9877735644412 10.0 0.6365852332673967
1499.87537190801 746.9865346301194 10.0 0.653252033283934
1499.864319016787 746.9852291629448 10.0 0.6702896333299577
1499.8527979559099 746.9838564987184 10.0 0.686962433392182
1499.8408088513472 746.9824160017184 10.0 0.7040730332955718
1499.828351824827 746.9809070634885 10.0 0.723000533413142
1499.8154269940405 746.9793291016775 10.0 0.7396919333841652
1499.802034472838 746.9776815589294 10.0 0.7563602332957089
1499.788174371415 746.9759639018192 10.0 0.7730317334644496
1499.7738467964925 746.9741756198364 10.0 0.7897171333897859
1499.7590518514878 746.9723162244095 10.0 0.8064519334584475
1499.7437896366785 746.9703852479744 10.0 0.8239382333122194
1499.72806024936 746.9683822430806 10.0 0.8406125332694501
1499.7118637839956 746.966306781537 10.0 0.8576148333959281
1499.6952003323606 746.9641584535935 10.0 0.8742905333638191
1499.6780699836804 746.9619368671578 10.0 0.890964433318004
1499.660472824762 746.9596416470449 10.0 0.9076364333741367
1499.6424089401207 746.9572724342603 10.0 0.9243033332750201
1499.6238784121003 746.9548288853118 10.0 0.9410223334562033
1499.6048813209898 746.9523106715523 10.0 0.9576958334073424
1499.5854177451336 746.9497174785492 10.0 0.9744282334577292
1499.5654877610375 746.9470490054829 10.0 0.9911027334164828
1499.545091443471 746.9443049645679 10.0 1.0079533334355801
1499.5242288655634 746.9414850805018 10.0 1.0246325333137065
1499.5029000988975 746.9385890899355 10.0 1.0413060334976763
1499.4811052135985 746.935616740967 10.0 1.0584820334333926
1499.4588442784195 746.9325677926571 10.0 1.0751537333708256
1499.4361173608224 746.9294420145646 10.0 1.091822333401069
1499.412924527057 746.926239186303 10.0 1.1084929334465414
1499.3892658422349 746.9229590971144 10.0 1.1253106333315372
1499.3651413704015 746.919601545463 10.0 1.1419791334774345
1499.3405511746043 746.9161663386452 10.0 1.1586534334346652
1499.3154953169592 746.9126532924163 10.0 1.1870855332817882
1499.2899738587118 746.9090622306337 10.0 1.2037723334506154
1499.2639868602992 746.9053929849148 10.0 1.2204477332998067
1499.2375343814062 746.9016453943098 10.0 1.237132633337751
1499.2106164810211 746.8978193049882 10.0 1.2538053332827985
1499.183233217488 746.8939145699392 10.0 1.2704783333465457
1499.155384648557 746.8899310486842 10.0 1.2871544333174825
1499.1270708314335 746.885868607002 10.0 1.303824533475563
1499.0982918228233 746.8817271166657 10.0 1.3205017333384603
1499.0690476789775 746.877506455191 10.0 1.3371889332775027
1499.0393384557347 746.8732065055946 10.0 1.353859533322975
1499.0091642085608 746.8688271561635 10.0 1.3705939333885908
1498.9785249925892 746.8643683002344 10.0 1.387267233338207
1498.9474208626564 746.8598298359816 10.0 1.4039359334856272
1498.9158518733384 746.8552116662147 10.0 1.4206127333454788
1498.8838180789846 746.8505136981845 10.0 1.4372849334031343
1498.8513195337503 746.8457358433978 10.0 1.453953133430332
1498.8183562916272 746.8408780174394 10.0 1.4706214333418757
1498.7849284064746 746.8359401398021 10.0 1.4872954334132373
1498.7510359320463 746.8309221337237 10.0 1.5039693333674222
1498.7166789220191 746.8258239260313 10.0 1.5206397334113717
1498.681857430018 746.820645446992 10.0 1.5373080333229154
1498.6465715096422 746.8153866301702 10.0 1.5540512334555387
1498.610821214488 746.8100474122906 10.0 1.5707262333016843
1498.574606598172 746.8046277331074 10.0 1.5873934333212674
1498.5379277143536 746.7991275352788 10.0 1.604067433392629
1498.500784616755 746.7935467642471 10.0 1.6207396334502846
1498.463177359182 746.7878853681243 10.0 1.6374120332766324
1498.4251059955427 746.7821432975812 10.0 1.6540825334377587
1498.386570579866 746.776320505743 10.0 1.6707524333614856
1498.3475711663189 746.7704169480882 10.0 1.6874258334282786
1498.3081078092239 746.7644325823518 10.0 1.7045417334884405
1498.2681805630746 746.7583673684337 10.0 1.7212173333391547
1498.2277894825513 746.7522212683095 10.0 1.7378900332842022
1498.186934622535 746.7459942459466 10.0 1.7545789333526045
1498.1456160381229 746.7396862672224 10.0 1.7714219333138317
1498.10383378464 746.7332972998473 10.0 1.7880918334703892
1498.0615879176537 746.7268273132905 10.0 1.8047645334154367
1498.0188784929846 746.7202762787084 10.0 1.8214382333680987
1497.9757055667199 746.713644168877 10.0 1.838134933495894
1497.9320691952225 746.7069309581265 10.0 1.8550038333050907
1497.8879694351442 746.7001366222792 10.0 1.871674133464694
1497.843406343434 746.6932611385894 10.0 1.8883448333945125
1497.798379977349 746.6863044856867 10.0 1.9050178334582597
1497.752890394463 746.679266643521 10.0 1.921686633490026
1497.706937652677 746.6721475933101 10.0 1.9383596333209425
1497.6605218102256 746.6649473174897 10.0 1.9550643332768232
1497.6136429256871 746.6576657996652 10.0 1.9717393333557993
1497.5663010579904 746.650303024566 10.0 1.988407833268866
1497.5184962664225 746.6428589780013 10.0 2.005074533401057
1497.4702286106365 746.635333646818 10.0 2.02174623333849
1497.421498150657 746.6277270188605 10.0 2.0384149334859103
1497.3723049468883 746.6200390829318 10.0 2.0550846334081143
1497.3226490601191 746.6122698287572 10.0 2.071754833450541
1497.2725305515296 746.604419246948 10.0 2.088429933413863
1497.2219494826963 746.5964873289684 10.0 2.1051087332889438
1497.1709059155985 746.5884740671024 10.0 2.121777633437887
1497.1193999126226 746.5803794544237 10.0 2.138447133358568
1497.0674315365675 746.5722034847648 10.0 2.1551640334073454
1497.015000850649 746.5639461526896 10.0 2.1718902334105223
1496.9621079185042 746.5556074534655 10.0 2.1888160333037376
1496.908752804197 746.5471873830376 10.0 2.205945333465934
1496.8549355722207 746.5386859380035 10.0 2.2226141334977
1496.8006562875028 746.5301031155897 10.0 2.239282733295113
1496.7459150154082 746.5214389136285 10.0 2.255953233456239
1496.6907118217432 746.5126933305363 10.0 2.2726199333555996
1496.6350467727589 746.5038663652923 10.0 2.289291233289987
1496.5789199351539 746.4949580174188 10.0 2.3059673334937543
1496.5223313760782 746.4859682869615 10.0 2.3226712334435433
1496.4652811631356 746.4768971744716 10.0 2.3393400334753096
1496.4077693643862 746.467744680988 10.0 2.3561901333741844
1496.34979604835 746.45851080802 10.0 2.372859933413565
1496.2913612840086 746.4491955575319 10.0 2.389528033323586
1496.232465140808 746.4397989319269 10.0 2.4064728333614767
1496.1731076886606 746.4303209340327 10.0 2.4242593334056437
1496.1132889979478 746.420761567087 10.0 2.4410526333376765
1496.0530091395217 746.4111208347241 10.0 2.4577244333922863
1495.9922681847072 746.4013987409619 10.0 2.4743977333419025
1495.931066205304 746.3915952901896 10.0 2.4911849333439022
1495.869403273588 746.3817104871553 10.0 2.507857033284381
1495.8072794623133 746.3717443369551 10.0 2.5245637334883213
1495.7446948447136 746.361696845022 10.0 2.541230733273551
1495.681649494504 746.3515680171154 10.0 2.5579080334864557
1495.618143485882 746.341357859311 10.0 2.5745848333463073
1495.5541768935293 746.3310663779913 10.0 2.591341533465311
1495.4897497926124 746.3206935798365 10.0 2.6080169333145022
1495.4248622587847 746.3102394718157 10.0 2.625236333347857
1495.3595143681869 746.2997040611782 10.0 2.6419083334039897
1495.2937061974485 746.2890873554458 10.0 2.658579333452508
1495.2274378236884 746.2783893624047 10.0 2.6752493334934115
1495.1607093245161 746.2676100900987 10.0 2.691917833406478
1495.0935207780328 746.2567495468214 10.0 2.708585233427584
1495.0258722628319 746.24580774111 10.0 2.7260683334898204
1494.9577638579995 746.2347846817381 10.0 2.7427362333983183
1494.889195643116 746.2236803777106 10.0 2.7594055333174765
1494.820167698256 746.2124948382566 10.0 2.7760730334557593
1494.7506801039892 746.2012280728243 10.0 2.7927422334905714
1494.6807329413814 746.1898800910753 10.0 2.8100668333936483
1494.610326291994 746.1784509028797 10.0 2.8271526333410293
1494.5394602378854 746.1669405183106 10.0 2.843832733342424
1494.4681348616111 746.1553489476398 10.0 2.8605008334852755
1494.3963502462248 746.1436762013328 10.0 2.877275133272633
1494.3241064752772 746.1319222900446 10.0 2.8940320333931595
1494.2514036328182 746.1200872246154 10.0 2.910707133356482
1494.178241803396 746.1081710160665 10.0 2.927376033272594
1494.104621072058 746.0961736755967 10.0 2.9445193333085626
1494.0305415243506 746.084095214578 10.0 2.9611947333905846
1493.9560032463196 746.071935644553 10.0 2.9780725333839655
1493.8810063245107 746.0596949772306 10.0 2.994739333400503
1493.8055508459693 746.047373224483 10.0 3.01141063333489
1493.7296368982404 746.0349703983427 10.0 3.028079733485356
1493.6532645693699 746.0224865109996 10.0 3.0447562334593385
1493.576433947903 746.0099215747977 10.0 3.061972433468327
1493.499145122886 745.9972756022328 10.0 3.078639833489433
1493.4213981838643 745.9845486059496 10.0 3.0953152333386242
1493.343193220885 745.9717405987393 10.0 3.1119856333825737
1493.2645303244947 745.958851593537 10.0 3.1286694332957268
1493.1854095857402 745.9458816034197 10.0 3.1453436333686113
1493.1058310961691 745.9328306416037 10.0 3.1620147333014756
1493.025794947829 745.9196987214426 10.0 3.178697233321145
1492.9453012332672 745.9064858564254 10.0 3.1953662333544344
1492.8643500455319 745.8931920601744 10.0 3.2120338333770633
1492.7829414781706 745.8798173464432 10.0 3.2287107333540916
1492.701075625231 745.8663617291153 10.0 3.2453825334087014
1492.6187525812602 745.8528252222019 10.0 3.262059233384207
1492.5359724413054 745.8392078398405 10.0 3.278732033446431
1492.4527353009125 745.8255095962932 10.0 3.2954055333975703
1492.369041256127 745.8117305059452 10.0 3.312077433336526
1492.2848904034936 745.7978705833035 10.0 3.3287516334094107
1492.2002828400553 745.7839298429952 10.0 3.345418433425948
1492.115218663354 745.7699082997665 10.0 3.3620868334546685
1492.02969797143 745.7558059684809 10.0 3.3787584332749248
1491.9437208628221 745.7416228641184 10.0 3.3954528332687914
1491.8572874365664 745.7273590017742 10.0 3.412599633447826
1491.7703977921965 745.7130143966574 10.0 3.4292665333487093
1491.683052029744 745.6985890640901 10.0 3.4459393334109336
1491.5952502497373 745.6840830195063 10.0 3.4629181334748864
1491.5069925532014 745.6694962784505 10.0 3.4796267333440483
1491.418279041658 745.6548288565776 10.0 3.4962971333879977
1491.329109817125 745.6400807696511 10.0 3.512964033288881
1491.2394849821162 745.6252520335426 10.0 3.529708433430642
1491.1494046396406 745.6103426642306 10.0 3.546379633480683
1491.0588688932028 745.5953526778004 10.0 3.563052933430299
1490.9678778468021 745.5802820904424 10.0 3.579729033401236
1490.8764316049323 745.565130918452 10.0 3.596404433483258
1490.7845302725816 745.5498991782285 10.0 3.613095933338627
1490.6921739552315 745.5345868862746 10.0 3.6297671333886683
1490.5993627588573 745.5191940591955 10.0 3.64655793341808
1490.5060967899274 745.5037207136983 10.0 3.6632329334970564
1490.4123761554024 745.4881668665915 10.0 3.6802906333468854
1490.3182009627358 745.4725325347844 10.0 3.6971997334621847
1490.2235713198727 745.4568177352862 10.0 3.713866633363068
1490.1284873352497 745.4410224852058 10.0 3.7305354333948344
1490.0329491177943 745.4251468017511 10.0 3.747204333310947
1489.936956776925 745.4091907022283 10.0 3.7638867334462702
1489.84051042255 745.3931542040418 10.0 3.780559533275664
1489.7436101650683 745.3770373246932 10.0 3.797226633410901
1489.6462561153674 745.3608400817814 10.0 3.814174333354458
1489.5484483848238 745.3445624930015 10.0 3.830845733406022
1489.450187085303 745.3282045761449 10.0 3.8475183334667236
1489.3514723291585 745.3117663490987 10.0 3.8645092332735658
1489.252304229231 745.295247829845 10.0 3.881184033351019
1489.1526828988488 745.278649036461 10.0 3.8979602332692593
1489.0526084518267 745.2619699871184 10.0 3.9146270332857966
1488.9520810024658 745.2452107000828 10.0 3.931303433375433
1488.851100665553 745.2283711937135 10.0 3.947970833396539
1488.7496675563607 745.2114514864636 10.0 3.964644933352247
1488.647781790646 745.1944515968787 10.0 3.981317933415994
1488.5454434846501 745.1773715435975 10.0 3.997985433321446
1488.4426527550988 745.1602113453508 10.0 4.01466133329086
1488.3394097192006 745.1429710209618 10.0 4.031330833444372
1488.2357144946473 745.1256505893452 10.0 4.047998133348301
1488.131567199613 745.1082500695076 10.0 4.064672033302486
1488.026967952754 745.0907694805463 10.0 4.081519133411348
1487.9219168732075 745.07320884165 10.0 4.098193533485755
1487.816414080592 745.0555681720978 10.0 4.1148668334353715
1487.7104596950064 745.0378474912593 10.0 4.131539533380419
1487.6040538370296 745.0200468185943 10.0 4.1482159334700555
1487.4971966277199 745.0021661736525 10.0 4.164893533335999
1487.3898881886141 744.9842055760732 10.0 4.181681733345613
1487.282128641728 744.9661650455854 10.0 4.199042633408681
1487.1739181095545 744.948044602007 10.0 4.215713333338499
1487.0652567150646 744.9298442652452 10.0 4.23238763329573
1486.9561445817055 744.9115640552956 10.0 4.249059733469039
1486.8465818334012 744.8932039922428 10.0 4.265733233420178
1486.736568594551 744.8747640962595 10.0 4.282406833488494
1486.6261049900297 744.8562443876066 10.0 4.299205633345991
1486.5151911451867 744.837644886633 10.0 4.31588083342649
1486.4038271858453 744.8189656137755 10.0 4.332549333339557
1486.2920132383026 744.8002065895583 10.0 4.349221133394167
1486.179749429329 744.7813678345931 10.0 4.3662285334430635
1486.0670358861667 744.7624493695787 10.0 4.382897133473307
1485.9538727365302 744.7434512153011 10.0 4.399564233375713
1485.8402601086057 744.724373392633 10.0 4.416277933400124
1485.7261981310498 744.7052159225339 10.0 4.432947933441028
1485.6116869329896 744.6859788260498 10.0 4.449614833341911
1485.4967266440217 744.666662124313 10.0 4.466282833367586
1485.3813173942121 744.6472658385421 10.0 4.482956833438948
1485.2654593140953 744.6277899900417 10.0 4.499632933409885
1485.1491525346735 744.6082346002022 10.0 4.5164114334620535
1485.0323971874168 744.5885996904998 10.0 4.533079133369029
1484.915193404262 744.5688852824962 10.0 4.549749133409932
1484.797541317612 744.5490913978387 10.0 4.566427533281967
1484.6794410603359 744.5292180582594 10.0 4.583098433446139
1484.5608927657674 744.5092652855761 10.0 4.599771733395755
1484.441896567705 744.4892331016913 10.0 4.616539033362642
1484.3224526004115 744.4691215285922 10.0 4.633566133445129
1484.2025609986124 744.4489305883508 10.0 4.650332033401355
1484.0822218974965 744.4286603031236 10.0 4.6670076334849
1483.9614354327146 744.4083106951517 10.0 4.683756433427334
1483.8402017403791 744.3878817867603 10.0 4.700439633335918
1483.718520957064 744.3673736003586 10.0 4.717110633384436
1483.5963932198028 744.3467861584401 10.0 4.73377923341468
1483.4738186660895 744.3261194835819 10.0 4.750446533318609
1483.3507974338772 744.305373598445 10.0 4.7671132334508
1483.2273296615774 744.284548525774 10.0 4.78378193336539
1483.10341548806 744.2636442883967 10.0 4.800453633302823
1482.9790550526518 744.2426609092245 10.0 4.817128833383322
1482.854248495137 744.2215984112519 10.0 4.8337991333100945
1482.7289959557556 744.2004568175564 10.0 4.8504660334438086
1482.6032975752037 744.1792361512987 10.0 4.867137033492327
1482.4771534946315 744.1579364357221 10.0 4.883809733437374
1482.3505638556444 744.1365576941528 10.0 4.90048643341288
1482.2235288003012 744.1150999499993 10.0 4.91761363344267
1482.0960484711138 744.0935632267527 10.0 4.934290433302522
1481.9681230110466 744.0719475479865 10.0 4.950965633383021
1481.839752563516 744.0502529373562 10.0 4.967634833417833
1481.7109372723896 744.0284794185994 10.0 4.984309433493763
1481.5816772819858 744.006627015536 10.0 5.000983733450994
1481.4519727370728 743.9846957520672 10.0 5.017658033408225
1481.3218237828683 743.9626856521763 10.0 5.034330833470449
1481.1912305650385 743.9405967399281 10.0 5.051004333421588
1481.0601932296981 743.9184290394687 10.0 5.067675533471629
1480.928711923409 743.8961825750258 10.0 5.084349733311683
1480.7967867931802 743.8738573709082 10.0 5.101017233449966
1480.6644179864663 743.8514534515058 10.0 5.117684933356941
1480.5316056511683 743.8289708412894 10.0 5.13435253337957
1480.3983499356316 743.8064095648109 10.0 5.1510264333337545
1480.2646509886458 743.7837696467028 10.0 5.167695933487266
1480.1305089594446 743.7610511116782 10.0 5.184364133281633
1479.9959239977043 743.7382539845307 10.0 5.201036333339289
1479.8608962535436 743.7153782901345 10.0 5.217710833298042
1479.725425877523 743.6924240534437 10.0 5.234386833384633
1479.589513020644 743.6693912994929 10.0 5.251059533329681
1479.4531578343485 743.6462800533966 10.0 5.26774373347871
1479.3163604705178 743.6230903403492 10.0 5.284981233300641
1479.1791210814729 743.5998221856249 10.0 5.301657933276147
1479.0414398199725 743.5764756145777 10.0 5.318330933339894
1478.9033168392136 743.553050652641 10.0 5.334997933357954
1478.76475229283 743.5295473253276 10.0 5.351681633386761
1478.6257463348923 743.5059656582299 10.0 5.36834923340939
1478.4862991199063 743.4823056770193 10.0 5.385032133432105
1478.3464108028134 743.4585674074463 10.0 5.401699133450165
1478.2060815389889 743.4347508753403 10.0 5.418366033351049
1478.0653114842423 743.4108561066099 10.0 5.435037433402613
1477.9241007948162 743.3868831272421 10.0 5.4517117333598435
1477.7824496273854 743.3628319633025 10.0 5.4683874333277345
1477.6403581390564 743.3387026409354 10.0 5.485060033388436
1477.4978264873669 743.3144951863633 10.0 5.5017305333167315
1477.354854830285 743.2902096258871 10.0 5.51840743329376
1477.2114433262084 743.2658459858858 10.0 5.535084033384919
1477.067592133964 743.2414042928165 10.0 5.551753633422777
1476.9233014128067 743.216884573214 10.0 5.568429133389145
1476.7785713224196 743.1922868536909 10.0 5.58509993343614
1476.6334020229124 743.1676111609378 10.0 5.601786733372137
1476.487793674821 743.1428575217225 10.0 5.618558833375573
1476.3417464391073 743.1180259628903 10.0 5.635958333266899
1476.1952604771577 743.093116511364 10.0 5.652625633403659
1476.0483359507832 743.0681291941434 10.0 5.6693224334158
1475.9009730222183 743.0430640383053 10.0 5.685990333324298
1475.75317185412 743.0179210710036 10.0 5.702657533343881
1475.6049326095676 742.992700319469 10.0 5.719330333406106
1475.4562554520621 742.967401811009 10.0 5.736003233352676
1475.3071405455248 742.9420255730076 10.0 5.752747233491391
1475.1575880542975 742.9165716329252 10.0 5.769432233413681
1475.0075981431412 742.8910400182986 10.0 5.7861218333709985
1474.8571709772352 742.8654307567408 10.0 5.803711333312094
1474.7063067221775 742.839743875941 10.0 5.8203790334519
1474.5550055439826 742.8139794036645 10.0 5.837051033275202
1474.403267609082 742.7881373677519 10.0 5.853724833345041
1474.2510930843227 742.7622177961202 10.0 5.8704011333175
1474.0984821369673 742.7362207167619 10.0 5.887334733270109
1473.9454349346925 742.7101461577446 10.0 5.90410753339529
1473.7919516455884 742.6839941472116 10.0 5.92077623330988
1473.6380324381587 742.6577647133814 10.0 5.937474433332682
1473.4836774813189 742.6314578845478 10.0 5.954382133437321
1473.3288869443963 742.6050736890793 10.0 5.971054333494976
1473.1736609971292 742.5786121554194 10.0 5.98792753345333
1473.0179998096655 742.5520733120863 10.0 6.00465253344737
1472.861903552563 742.5254571876733 10.0 6.021324533270672
1472.705372396788 742.4987638108474 10.0 6.038326733279973
1472.5484065137148 742.4719932103508 10.0 6.055230533471331
1472.3910060751248 742.4451454149994 10.0 6.071949433302507
1472.2331712532061 742.4182204536836 10.0 6.088620333466679
1472.0749022205525 742.3912183553676 10.0 6.10528953326866
1471.916199150163 742.3641391490896 10.0 6.1219602334313095
1471.7570622154408 742.3369828639616 10.0 6.138635833282024
1471.5974915901925 742.3097495291692 10.0 6.155326133361086
1471.437487448628 742.2824391739714 10.0 6.172446833457798
1471.277049965359 742.255051827701 10.0 6.189218433341011
1471.116179315399 742.2275875197636 10.0 6.206307833315805
1470.9548756741617 742.2000462796382 10.0 6.2229789334814996
1470.7931392174612 742.1724281368768 10.0 6.239746633451432
1470.6309701215105 742.1447331211043 10.0 6.256422733422369
1470.468368562921 742.1169612620183 10.0 6.273145733401179
1470.305334718702 742.0891125893892 10.0 6.290195733308792
1470.14186876626 742.0611871330597 10.0 6.306873133406043
1469.9779708833973 742.0331849229449 10.0 6.32353993342258
1469.813641248312 742.0051059890325 10.0 6.340214733267203
1469.6488800395969 741.9769503613819 10.0 6.356889833463356
1469.4836874362386 741.9487180701249 10.0 6.373563933419064
1469.3180636176173 741.9204091454648 10.0 6.3903170332778245
1469.1520087635056 741.8920236176768 10.0 6.407205933472142
1468.985523054068 741.863561517108 10.0 6.423877233406529
1468.8186066698595 741.8350228741766 10.0 6.44055433338508
1468.6512597918259 741.8064077193725 10.0 6.457227333448827
1468.4834826013023 741.7777160832565 10.0 6.4739331332966685
1468.3152752800127 741.7489479964607 10.0 6.491263633361086
1468.146638010069 741.7201034896883 10.0 6.507934733293951
1467.9775709739704 741.6911825937132 10.0 6.5246078334748745
1467.8080743546025 741.6621853393799 10.0 6.541280533419922
1467.6381483352368 741.6331117576037 10.0 6.558347533456981
1467.46779309953 741.6039618793704 10.0 6.575020233402029
1467.2970088315221 741.574735735736 10.0 6.591694833477959
1467.1257957156377 741.5454333578267 10.0 6.608369933441281
1466.9541539366835 741.5160547768388 10.0 6.625093633309007
1466.7820836798483 741.4866000240387 10.0 6.64176393346861
1466.6095851307018 741.4570691307623 10.0 6.658437833422795
1466.4366584751945 741.4274621284154 10.0 6.675108733354136
1466.2633038996562 741.3977790484734 10.0 6.691780633293092
1466.0895215907958 741.3680199224809 10.0 6.708461033413187
1465.9153117357005 741.338184782052 10.0 6.725136533379555
1465.7406745218343 741.3082736588699 10.0 6.741803333396092
1465.5656101370382 741.2782865846867 10.0 6.758487833430991
1465.3901187695287 741.2482235913235 10.0 6.77516273339279
1465.2142006078977 741.2180847106702 10.0 6.791833833325654
1465.037855841111 741.1878699746851 10.0 6.808510433416814
1464.861084658508 741.1575794153954 10.0 6.825179133331403
1464.6838872498008 741.1272130648963 10.0 6.8418477333616465
1464.5062638050738 741.0967709553513 10.0 6.858519933419302
1464.3282145147818 741.0662531189921 10.0 6.875187133438885
1464.1497395697506 741.0356595881183 10.0 6.891859833383933
1463.9708391611753 741.0049903950973 10.0 6.908534433459863
1463.7915134806196 740.9742455723641 10.0 6.9252056332770735
1463.6117627200158 740.9434251524216 10.0 6.941968133440241
1463.431587071663 740.9125291678398 10.0 6.958642933284864
1463.250986728227 740.8815576512561 10.0 6.975310833426192
1463.0699618827393 740.850510635375 10.0 6.9919783333316445
1462.8885127285962 740.8193881529681 10.0 7.008986633270979
1462.706639459558 740.7881902368739 10.0 7.025653933407739
1462.5243422697483 740.7569169199976 10.0 7.042329433374107
1462.3416213536536 740.7255682353109 10.0 7.059004933340475
1462.158476906122 740.6941442158522 10.0 7.075673033483326
1461.9749091223623 740.6626448947262 10.0 7.092351733474061
1461.7909181979437 740.6310703051037 10.0 7.109031333355233
1461.606504328795 740.5994204802215 10.0 7.125705433310941
1461.4216677112029 740.5676954533826 10.0 7.142376533476636
1461.2364085418126 740.5358952579556 10.0 7.159047833411023
1461.050727017626 740.5040199273749 10.0 7.1757972333580256
1460.8646233360012 740.4720694951402 10.0 7.192469333298504
1460.6780976946518 740.4400439948168 10.0 7.209138933336362
1460.491150291646 740.4079434600353 10.0 7.225806933362037
1460.3037813254055 740.3757679244911 10.0 7.24247863329947
1460.1159909947057 740.343517421945 10.0 7.259149433346465
1459.9277794986738 740.3111919862222 10.0 7.275818533496931
1459.7391470367882 740.2787916512129 10.0 7.292499833274633
1459.5500938088783 740.2463164508719 10.0 7.309167933417484
1459.3606200151232 740.213766419218 10.0 7.325838933466002
1459.1707258560511 740.181141590335 10.0 7.342527833301574
1458.9804115325383 740.1484419983701 10.0 7.359199133468792
1458.7896772458084 740.1156676775352 10.0 7.375900333281606
1458.5985231974319 740.0828186621054 10.0 7.392574733356014
1458.406949589325 740.0498949864201 10.0 7.409251033328474
1458.2149566237488 740.0168966848819 10.0 7.426008233334869
1458.0225445033086 739.9838237919571 10.0 7.442699733423069
1457.8297134309532 739.9506763421753 10.0 7.459371833363548
1457.636463609974 739.917454370129 10.0 7.476044633425772
1457.4427952440042 739.8841579104741 10.0 7.4927157333586365
1457.2487085370176 739.8507869979292 10.0 7.510168933309615
1457.0542036933286 739.8173416672756 10.0 7.526836933335289
1456.8592809175907 739.7838219533576 10.0 7.543503833469003
1456.6639404147961 739.7502278910814 10.0 7.560175633290783
1456.4681823902745 739.716559515416 10.0 7.576845133444294
1456.2720070496923 739.6828168613923 10.0 7.593539233319461
1456.0754145990527 739.6489999641035 10.0 7.6103173333685845
1455.8784052446936 739.6151088587045 10.0 7.626990233315155
1455.6809791932874 739.5811435804121 10.0 7.643664833391085
1455.4831366518404 739.5471041645047 10.0 7.66033423342742
1455.2848778276914 739.5129906463222 10.0 7.677004433469847
1455.0862029285115 739.4788030612659 10.0 7.693679533433169
1454.887112162303 739.4445414447982 10.0 7.710403433302417
1454.6876057373986 739.4102058324427 10.0 7.727072133449838
1454.48768386246 739.3757962597837 10.0 7.7437400333583355
1454.2873467464783 739.3413127624665 10.0 7.760410333285108
1454.086594598772 739.3067553761969 10.0 7.777082433458418
1453.8854276289874 739.2721241367414 10.0 7.920794233446941
1453.6838460470963 739.2374190799266 10.0 7.943360866745934
1453.4818500633965 739.2026402416394 10.0 7.960034766700119
1453.27943988851 739.167787657827 10.0 7.976706966757774
1453.076615733383 739.1328613644963 10.0 7.993405066663399
1452.8733778092844 739.0978613977139 10.0 8.010074766585603
1452.6697263278054 739.0627877936063 10.0 8.026748166652396
1452.4656615008585 739.0276405883593 10.0 8.043417766690254
1452.2611835406765 738.9924198182182 10.0 8.060086466604844
1452.0562926598122 738.9571255194874 10.0 8.076757266651839
1451.8509890711373 738.9217577285303 10.0 8.093433666741475
1451.645272987841 738.8863164817695 10.0 8.110101166646928
1451.4391446234304 738.8508018156862 10.0 8.126769466791302
1451.2326041917283 738.8152137668202 10.0 8.143439666600898
1451.0256519068737 738.7795523717699 10.0 8.160107066622004
1450.8182879833196 738.743817667192 10.0 8.176775766769424
1450.6105126358334 738.7080096898015 10.0 8.193451366620138
1450.4023260794954 738.6721284763713 10.0 8.210447166580707
1450.193728529698 738.6361740637323 10.0 8.227123466785997
1449.9847202021454 738.6001464887731 10.0 8.24379206658341
1449.7753013128518 738.5640457884402 10.0 8.260469266679138
1449.5654720781413 738.5278719997373 10.0 8.277140066726133
1449.3552327146472 738.4916251597255 10.0 8.293812166666612
1449.1445834393105 738.4553053055231 10.0 8.310482766712084
1448.9335244693798 738.4189124743057 10.0 8.32715216674842
1448.7220560224096 738.3824467033054 10.0 8.3438219667878
1448.51017831626 738.3459080298113 10.0 8.360491266706958
1448.2978915690962 738.309296491169 10.0 8.377159666735679
1448.0851959993872 738.2726121247807 10.0 8.393834366695955
1447.8720918259048 738.2358549681048 10.0 8.410513266688213
1447.6585792677233 738.199025058656 10.0 8.427187866764143
1447.444658544218 738.162122434005 10.0 8.444084966788068
1447.230329875065 738.1251471317784 10.0 8.460756366606802
1447.01559348024 738.0880991896584 10.0 8.47743356670253
1446.8004495800178 738.0509786453828 10.0 8.494101866614074
1446.5848983949709 738.0137855367451 10.0 8.510778066702187
1446.3689401459692 737.976519901594 10.0 8.527450666762888
1446.1525750541787 737.9391817778331 10.0 8.544121366692707
1445.935803341061 737.9017712034214 10.0 8.56079136673361
1445.7186252283727 737.8642882163725 10.0 8.577466066693887
1445.5010409381637 737.8267328547548 10.0 8.594135866733268
1445.2830506927771 737.7891051566913 10.0 8.61080846679397
1445.064654714848 737.7514051603594 10.0 8.627476466586813
1444.8458532273032 737.7136329039907 10.0 8.644147066632286
1444.6266464533596 737.6757884258711 10.0 8.660823166603222
1444.4070346165238 737.6378717643404 10.0 8.677491266746074
1444.1870179405912 737.5998829577921 10.0 8.69417416676879
1443.966596649645 737.5618220446737 10.0 8.710847266716883
1443.7457709680557 737.5236890634859 10.0 8.727521566674113
1443.5245411204799 737.485484052783 10.0 8.744193266611546
1443.3029073318594 737.4472070511725 10.0 8.760866166790947
1443.080869827421 737.408858097315 10.0 8.77754266676493
1442.8584288326751 737.370437229924 10.0 8.794491166714579
1442.6355845734145 737.331944487766 10.0 8.811164266662672
1442.4123372757144 737.29337990966 10.0 8.827832666691393
1442.1886871659312 737.2547435344774 10.0 8.844504466746002
1441.9646344707014 737.2160354011422 10.0 8.861190066672862
1441.7401794169411 737.1772555486306 10.0 8.877966066589579
1441.5153222318452 737.1384040159705 10.0 8.894634766737
1441.290063142886 737.0994808422423 10.0 8.91130626667291
1441.0644023778134 737.0604860665777 10.0 8.927983166649938
1440.8383401646524 737.0214197281601 10.0 8.944655666593462
1440.6118767317041 736.9822818662246 10.0 8.961553466739133
1440.3850123075435 736.9430725200575 10.0 8.978228366700932
1440.1577471210196 736.9037917289962 10.0 8.994903966784477
1439.9300814012536 736.8644395324293 10.0 9.011580266756937
1439.7020153776389 736.8250159697961 10.0 9.028250066796318
1439.4735492798397 736.7855210805868 10.0 9.044927266659215
1439.2446833377905 736.7459549043419 10.0 9.061641166685149
1439.015417781695 736.7063174806527 10.0 9.078314666636288
1438.7857528420254 736.6666088491606 10.0 9.094988066703081
1438.5556887495216 736.6268290495572 10.0 9.111660966649652
1438.3252257351899 736.5869781215838 10.0 9.128327666781843
1438.094364030303 736.5470561050321 10.0 9.144997866591439
1437.8631038663984 736.507063039743 10.0 9.161674766568467
1437.6314454752778 736.4669989656072 10.0 9.17834816663526
1437.3993890890063 736.4268639225647 10.0 9.195023666601628
1437.1669349399115 736.3866579506048 10.0 9.211693866644055
1436.9340832605826 736.3463810897657 10.0 9.228367266710848
1436.7008342838697 736.3060333801349 10.0 9.24537616665475
1436.467188242883 736.2656148618483 10.0 9.262052166741341
1436.2331453709912 736.2251255750909 10.0 9.278720466652885
1435.9987059018222 736.184565560096 10.0 9.295394066721201
1435.7638700692603 736.1439348571449 10.0 9.312114266678691
1435.528638107447 736.1032335065676 10.0 9.328784466721117
1435.2930102507796 736.0624615487418 10.0 9.345476966584101
1435.0569867339098 736.0216190240934 10.0 9.362152566667646
1434.8205677917433 735.980705973096 10.0 9.378824466606602
1434.5837536594393 735.9397224362705 10.0 9.39549546665512
1434.346544572409 735.8986684541856 10.0 9.413023166591302
1434.108940766315 735.8575440674571 10.0 9.429690266726539
1433.8709424770711 735.8163493167481 10.0 9.446461866609752
1433.6325499408404 735.7750842427686 10.0 9.463132166769356
1433.3937633940345 735.7337488862755 10.0 9.479800666682422
1433.1545830733137 735.6923432880725 10.0 9.49646746669896
1432.915009215585 735.6508674890096 10.0 9.513145866570994
1432.6750420580022 735.6093215299834 10.0 9.529869066784158
1432.434681837964 735.5677054519367 10.0 9.5465396665968
1432.193928793114 735.5260192958585 10.0 9.563207466620952
1431.95278316134 735.4842631027836 10.0 9.579880366800353
1431.711245180772 735.4424369137928 10.0 9.596547066699713
1431.4693150897826 735.4005407700124 10.0 9.613217866746709
1431.2269931269855 735.3585747126142 10.0 9.629897466627881
1430.9842795312343 735.3165387828154 10.0 9.646566066658124
1430.741174541623 735.2744330218785 10.0 9.663240966619924
1430.4976783974835 735.232257471111 10.0 9.679909266764298
1430.2537913383858 735.1900121718652 10.0 9.6965815667063
1430.0095136041368 735.1476971655383 10.0 9.71325756679289
1429.7648454347795 735.105312493572 10.0 9.729933066759259
1429.5197870705924 735.0628581974527 10.0 9.746601866791025
1429.2743387520882 735.0203343187108 10.0 9.7633044666145
1429.028500720013 734.9777408989208 10.0 9.779980066698045
1428.7822732153456 734.9350779797018 10.0 9.796653566649184
1428.5356564792971 734.892345602716 10.0 9.81350166676566
1428.2886507533092 734.8495438096697 10.0 9.830178166739643
1428.0412562790539 734.8066726423128 10.0 9.846852666698396
1427.7934732984322 734.7637321424386 10.0 9.863525266759098
1427.545302053574 734.7207223518834 10.0 9.880192366661504
1427.2967427868364 734.6776433125269 10.0 9.896864766720682
1427.0477957408034 734.6344950662917 10.0 9.91354086669162
1426.7984611582851 734.5912776551431 10.0 9.930214366642758
1426.548739282316 734.5479911210891 10.0 9.946882666787133
1426.2986303561556 734.5046355061803 10.0 9.96361026680097
1426.0481346232862 734.4612108525096 10.0 9.980281266616657
1425.7972523274125 734.4177172022119 10.0 9.996957266703248
1425.5459837124613 734.3741545974644 10.0 10.013631966663525
1425.2943290225799 734.3305230804864 10.0 10.030299766687676
1425.0422885021353 734.2868226935385 10.0 10.046970966737717
1424.789862395714 734.2430534789232 10.0 10.063643866684288
1424.5370509481204 734.1992154789843 10.0 10.080317966639996
1424.2838544043766 734.1553087361071 10.0 10.096992766717449
1424.030273009721 734.111333292718 10.0 10.113667866680771
1423.7763070096078 734.0672891912841 10.0 10.130339766619727
1423.521956649706 734.0231764743138 10.0 10.147006866754964
1423.2672221758985 733.978995184356 10.0 10.163678366690874
1423.0121038342813 733.9347453640002 10.0 10.180352366762236
1422.7566018711627 733.8904270558761 10.0 10.197028566617519
1422.5007165330626 733.846040302654 10.0 10.21370226657018
1422.2444480667114 733.8015851470443 10.0 10.23037916678004
1421.9877967190491 733.757061631797 10.0 10.247049066703767
1421.7307627372247 733.7124697997021 10.0 10.263723166659474
1421.4733463685955 733.6678096935894 10.0 10.280398066621274
1421.2155478607253 733.623081356328 10.0 10.297070766799152
1420.957367461385 733.5782848308265 10.0 10.313743066741154
1420.6988054185506 733.5334201600326 10.0 10.33041016664356
1420.4398619804026 733.4884873869331 10.0 10.347077066777274
1420.1805373953257 733.4434865545538 10.0 10.363747366704047
1419.9208319119075 733.3984177059591 10.0 10.38043536664918
1419.6607457789373 733.3532808842522 10.0 10.397111366735771
1419.4002792454062 733.3080761325745 10.0 10.413779066642746
1419.1394325605052 733.2628034941058 10.0 10.430502366740257
1418.8782059736252 733.2174630120643 10.0 10.447177566587925
1418.6165997343558 733.172054729706 10.0 10.4638458667323
1418.3546140924843 733.1265786903248 10.0 10.480552866589278
1418.0922492979955 733.0810349372522 10.0 10.497380166780204
1417.8295056010697 733.0354235138574 10.0 10.51405316661112
1417.5663832520831 732.9897444635469 10.0 10.53072636667639
1417.302882501606 732.9439978297647 10.0 10.547394366702065
1417.0390036004028 732.8981836559916 10.0 10.56408176664263
1416.7747467994304 732.8523019857456 10.0 10.580758166732267
1416.5101123498378 732.8063528625814 10.0 10.597495566587895
1416.2451005029648 732.7603363300905 10.0 10.614187166793272
1415.9797115103418 732.7142524319006 10.0 10.630949666723609
1415.7139456236887 732.6681012116761 10.0 10.647621266776696
1415.447803094914 732.6218827131174 10.0 10.664294666610658
1415.1812841761136 732.5755969799612 10.0 10.68096696678549
1414.9143891195708 732.5292440559799 10.0 10.697739166673273
1414.6471181777547 732.4828239849817 10.0 10.714414766756818
1414.3794716033196 732.4363368108105 10.0 10.731086866697297
1414.1114496491045 732.3897825773457 10.0 10.747755066724494
1413.8430525681315 732.343161328502 10.0 10.764430866576731
1413.5742806136057 732.2964731082291 10.0 10.781102166743949
1413.305134038914 732.2497179605119 10.0 10.797769066644832
1413.0356130976245 732.2028959293702 10.0 10.814475366612896
1412.7657180434853 732.1560070588584 10.0 10.831151466583833
1412.4954491304238 732.1090513930657 10.0 10.84782446664758
1412.2248066125462 732.0620289761152 10.0 10.864498666720465
1411.9537907441363 732.0149398521651 10.0 10.881172466790304
1411.6824017796546 731.9677840654069 10.0 10.898137166630477
1411.4106399737377 731.9205616600668 10.0 10.914813966723159
1411.1385055811975 731.8732726804043 10.0 10.931481066625565
1410.8659988570198 731.8259171707128 10.0 10.948151366785169
1410.5931200563646 731.7784951753193 10.0 10.964822766603902
1410.319869434564 731.7310067385841 10.0 10.981495866784826
1410.0462472471222 731.6834519049008 10.0 10.998170866630971
1409.7722537497143 731.6358307186961 10.0 11.014846266712993
1409.4978891981857 731.5881432244294 10.0 11.031522066798061
1409.223153848551 731.5403894665932 10.0 11.048240566626191
1408.9480479569932 731.4925694897127 10.0 11.064914966700599
1408.6725717798631 731.4446833383452 10.0 11.081586566753685
1408.3967255736786 731.3967310570807 10.0 11.09825456677936
1408.1205095951234 731.3487126905414 10.0 11.115497966762632
1407.843924101046 731.3006282833815 10.0 11.132223066641018
1407.56696934846 731.2524778802868 10.0 11.148889766773209
1407.2896455945418 731.2042615259754 10.0 11.165556566789746
1407.0119530966308 731.1559792651966 10.0 11.182225266704336
1406.7338921122284 731.1076311427314 10.0 11.198900566669181
1406.4554628989968 731.059217203392 10.0 11.215567266568542
1406.1766657147584 731.0107374920219 10.0 11.232235666597262
1405.8975008174953 730.9621920534954 10.0 11.248910766793415
1405.6179684653475 730.913580932718 10.0 11.265685266582295
1405.3380689166136 730.8649041746256 10.0 11.282360266661271
1405.0578024297483 730.8161618241849 10.0 11.299032466718927
1404.7771692633628 730.7673539263928 10.0 11.315704966662452
1404.4961696762232 730.718480526277 10.0 11.33237396669574
1404.2148039272504 730.6695416688946 10.0 11.349045566748828
1403.9330722755187 730.6205373993333 10.0 11.365717366570607
1403.6509749802553 730.5714677627105 10.0 11.382388866739348
1403.3685123008393 730.5223328041732 10.0 11.399060666793957
1403.0856844968007 730.4731325688979 10.0 11.415734866634011
1402.8024918278202 730.4238671020906 10.0 11.432404566789046
1402.5189345537274 730.3745364489868 10.0 11.449074066709727
1402.2350129345011 730.3251406548507 10.0 11.46575026679784
1401.9507272302678 730.2756797649757 10.0 11.482680966611952
1401.666077701301 730.226153824684 10.0 11.49935476668179
1401.3810646080203 730.1765628793265 10.0 11.516027766745538
1401.095688210991 730.1269069742825 10.0 11.53319036657922
1400.8099487709226 730.0771861549599 10.0 11.54986386676319
1400.5238465486682 730.0274004667946 10.0 11.566532666794956
1400.2373818052245 729.9775499552508 10.0 11.583202566718683
1399.9505548017296 729.9276346658205 10.0 11.599877366796136
1399.6633657994635 729.8776546440237 10.0 11.61736896657385
1399.3758150598462 729.8276099354077 10.0 11.634567466797307
1399.0879028444378 729.7775005855477 10.0 11.651235666591674
1398.7996294149368 729.727326640046 10.0 11.667918766615912
1398.51099503318 729.6770881445324 10.0 11.684612066717818
1398.2219999611416 729.6267851446634 10.0 11.70128296664916
1397.932644460932 729.5764176861227 10.0 11.71795306657441
1397.6429287947967 729.5259858146208 10.0 11.734621066600084
1397.352853225117 729.4754895758947 10.0 11.751396166626364
1397.0624180144077 729.424929015708 10.0 11.768067666795105
1396.7716234253169 729.3743041798506 10.0 11.78474126663059
1396.4804697206246 729.3236151141385 10.0 11.801408366765827
1396.1889571632428 729.272861864414 10.0 11.818081066710874
1395.8970860162142 729.2220444765453 10.0 11.834754066774622
1395.6048565427113 729.1711629964261 10.0 11.851431066635996
1395.3122690060359 729.120217469976 10.0 11.868103666696697
1395.019323669618 729.0692079431399 10.0 11.884782466571778
1394.726020797015 729.0181344618882 10.0 11.901453866623342
1394.4323606519117 728.9669970722164 10.0 11.918130066711456
1394.1383434981178 728.9157958201451 10.0 11.935684766620398
1393.843969599569 728.8645307517199 10.0 11.952354166656733
1393.5492392203246 728.813201913011 10.0 11.969030766747892
1393.254152624568 728.7618093501131 10.0 11.985704366583377
1392.958710076605 728.7103531091459 10.0 12.002371366601437
1392.6629118408634 728.6588332362529 10.0 12.019044666783884
1392.366758181892 728.6072497776021 10.0 12.035717466613278
1392.0702493643598 728.5556027793854 10.0 12.052385666640475
1391.7733856530558 728.5038922878186 10.0 12.069060566602275
1391.4761673128874 728.4521183491414 10.0 12.08572996663861
1391.1785946088796 728.4002810096171 10.0 12.102487966651097
1390.880667806175 728.3483803155323 10.0 12.119157866574824
1390.5823871700325 728.2964163131971 10.0 12.13627956667915
1390.2837529658261 728.244389048945 10.0 12.152950766729191
1389.984765459045 728.192298569132 10.0 12.16962456679903
1389.6854249152923 728.1401449201376 10.0 12.186298266751692
1389.3857316002839 728.0879281483635 10.0 12.20297486661002
1389.0856857798483 728.0356483002346 10.0 12.21964866667986
1388.7852877199255 727.9833054221978 10.0 12.236323666758835
1388.4845376865665 727.9308995607227 10.0 12.25300236674957
1388.183435945932 727.8784307623008 10.0 12.269674366572872
1387.8819827642917 727.825899073446 10.0 12.28634706675075
1387.5801784080245 727.7733045406937 10.0 12.303016466787085
1387.278023143616 727.7206472106016 10.0 12.319791066693142
1386.9755172376595 727.6679271297485 10.0 12.336465866770595
1386.6726609568534 727.6151443447351 10.0 12.354050766676664
1386.369454568002 727.5622989021832 10.0 12.370768466731533
1386.0658983380142 727.509390848736 10.0 12.387443766696379
1385.7619925339022 727.4564202310576 10.0 12.404114066623151
1385.4577374227813 727.4033870958331 10.0 12.420790766598657
1385.1531332718687 727.3502914897684 10.0 12.437461966648698
1384.848180348483 727.2971334595902 10.0 12.45414186664857
1384.542878920044 727.2439130520455 10.0 12.470811166800559
1384.2372292540704 727.1906303139018 10.0 12.487539666704834
1383.9312316181804 727.1372852919467 10.0 12.504211166640744
1383.6248862800903 727.083878032988 10.0 12.520911366678774
1383.3181935076138 727.0304085838534 10.0 12.53849016665481
1383.0111535686615 726.9768769913904 10.0 12.555158766685054
1382.7037667312395 726.9232833024664 10.0 12.571825966704637
1382.3960332634495 726.869627563968 10.0 12.58849566662684
