1499.9998808064922 947.0 5.000017416492178 0.07693430001381785
1499.9995232526094 947.0 5.000070853406336 0.2913986335042864
1499.998927370365 947.0 5.000162045356794 0.33664713345933706
1499.9980931889274 947.0 5.00029266673647 0.35333073348738253
1499.9970207345814 947.0 5.000464333848413 0.3699999335221946
1499.9957100306901 947.0 5.000678606963538 0.3874417335027829
1499.9941610976591 947.0 5.000936992307117 0.40411193342879415
1499.9923739529017 947.0 5.00124094397649 0.42077973345294595
1499.990348610805 947.0 5.001591865792386 0.4374523335136473
1499.988085082698 947.0 5.001991113086146 0.4541280334815383
1499.9855833768192 947.0 5.002439994425084 0.4708019334357232
1499.9828434982871 947.0 5.0029397732781105 0.48747633351013064
1499.979865449071 947.0 5.003491669623701 0.5041524334810674
1499.976649227962 947.0 5.004096861502204 0.521076233475469
1499.9731948305468 947.0 5.004756486514415 0.5377484334167093
1499.9695022491808 947.0 5.005471643268274 0.5544249335071072
1499.9655714729622 947.0 5.006243392775494 0.5710929334163666
1499.9614024877085 947.0 5.007072759799845 0.5877659334801137
1499.956995275932 947.0 5.007960734158769 0.6044335335027426
1499.9523498168176 947.0 5.008908271979946 0.6211105334805325
1499.9474660861995 947.0 5.00991629691437 0.63778323342558
1499.942344056541 947.0 5.010985701307437 0.654460433521308
1499.9369836969138 947.0 5.012117347329504 0.6711279334267601
1499.9313849729767 947.0 5.01331206806732 0.6878042335156351
1499.925547846958 947.0 5.014570668577683 0.7044826335040852
1499.9194722776351 947.0 5.0158939269046305 0.7212413335219026
1499.9131582203186 947.0 5.017282595061433 0.7383823334239423
1499.9066056268327 947.0 5.018737399978593 0.7561176334274933
1499.8998144454995 947.0 5.020259044419048 0.7728412334108725
1499.8927846211225 947.0 5.021848207861695 0.789510733447969
1499.8855160949706 947.0 5.023505547354341 0.8061842335155234
1499.878008804763 947.0 5.025231698337135 0.8228545334422961
1499.8702626846543 947.0 5.0270272754375105 0.8395225334679708
1499.86227766522 947.0 5.028892873237614 0.8561922335065901
1499.8540536734426 947.0 5.030829067015177 0.8728613334242254
1499.8455906326988 947.0 5.032836413458758 0.8895316334674135
1499.8368884627453 947.0 5.034915451358224 0.9065100334119052
1499.827947079707 947.0 5.03706670227135 0.9234129334799945
1499.8187663960648 947.0 5.0392906711673415 0.9400799334980547
1499.8093463206433 947.0 5.041587847048103 0.9567629335215315
1499.7996867585994 947.0 5.043958703547996 0.9734454334247857
1499.789787611411 947.0 5.046403699512856 0.9901121334405616
1499.779648776866 947.0 5.04892327955897 1.006784733501263
1499.7692701490525 947.0 5.05151787461271 1.0234579334501177
1499.7586516183478 947.0 5.054187902431502 1.0401319335214794
1499.7477930714085 947.0 5.056933768106769 1.0568032334558666
1499.736694391161 947.0 5.05975586454947 1.073559733456932
1499.7253554567924 947.0 5.0626545729588415 1.0902326335199177
1499.71377614374 947.0 5.065630263274922 1.1069018334383145
1499.7019563236843 947.0 5.068683294615425 1.12357403349597
1499.6898958645384 947.0 5.07181401569749 1.140311233466491
1499.6775946304408 947.0 5.075022765244849 1.1569785334868357
1499.665052481747 947.0 5.07830987238091 1.1736539334524423
1499.6522692750202 947.0 5.081675657008232 1.1903294334188104
1499.6392448630256 947.0 5.0851204301748885 1.207002533483319
1499.6259790947204 947.0 5.08864449442814 1.2236949334619567
1499.6124718152478 947.0 5.0922481441558896 1.2403672335203737
1499.5987228659292 947.0 5.095931665916319 1.2570386334555224
1499.5847320842568 947.0 5.099695338756122 1.2737113335169852
1499.5704993038867 947.0 5.10353943451774 1.2903828334528953
1499.5560243546324 947.0 5.1074642181359575 1.3070614334428683
1499.5413070624577 947.0 5.111469947924259 1.323828233522363
1499.5263472494696 947.0 5.115556875851261 1.3406542334705591
1499.5111447339125 947.0 5.1197252478076045 1.3573279334232211
1499.4956993301619 947.0 5.123975303863607 1.3741849334910512
1499.4800108487175 947.0 5.128307278518006 1.3908596334513277
1499.4640790961973 947.0 5.132721400938108 1.4075362334260717
1499.4479038753323 947.0 5.137217895191626 1.4250047334935516
1499.4314849849588 947.0 5.141796980470511 1.4416723335161805
1499.4148222200142 947.0 5.146458871307036 1.4583415334345773
1499.3979153715306 947.0 5.151203777782418 1.487432433408685
1499.380764226629 947.0 5.156031905728224 1.5041051334701478
1499.3633685685136 947.0 5.160943456920817 1.5207729334942997
1499.3457281764665 947.0 5.1659386292690845 1.5374455334385857
1499.327842825842 947.0 5.171017616995671 1.5541137334657833
1499.3097122880613 947.0 5.176180610811959 1.5707844335120171
1499.291336330607 947.0 5.181427798086991 1.5874535334296525
1499.2727147170178 947.0 5.1867593630105695 1.6046452334849164
1499.2538472068836 947.0 5.192175486750708 1.6213129335083067
1499.2347335558395 947.0 5.197676347605652 1.6379884334746748
1499.2153735155612 947.0 5.203262121150647 1.6546551334904507
1499.1957668337595 947.0 5.208932980379636 1.6713290334446356
1499.1759132541758 947.0 5.214689095842061 1.6879964334657416
1499.1558125165764 947.0 5.22053063577495 1.7046730334404856
1499.1354643567474 947.0 5.226457766230432 1.7213459335034713
1499.1148685064904 947.0 5.232470651198856 1.7380199334584177
1499.0940246936168 947.0 5.23856945272766 1.7546909335069358
1499.072932641943 947.0 5.244754331036136 1.7713603334268555
1499.0515920712853 947.0 5.251025444626233 1.7885429334128276
1499.0300026974555 947.0 5.257382950389542 1.805212633451447
1499.0081642322555 947.0 5.263827003710582 1.8218854335136712
1498.9860763834722 947.0 5.27035775856653 1.8385558334412053
1498.963738854873 947.0 5.27697536762351 1.8552731334930286
1498.9411513462012 947.0 5.283679982329554 1.871949833468534
1498.9183135531698 947.0 5.290471753004373 1.8886265334440395
1498.895225167458 947.0 5.297350828926017 1.9052995335077867
1498.8718858767056 947.0 5.30431735841456 1.9219729334581643
1498.8482953645082 947.0 5.3113714889128945 1.938649233430624
1498.824453310412 947.0 5.318513367064744 1.955318833468482
1498.8003593899095 947.0 5.32574313878999 1.971986233489588
