1499.9998808064922 847.0 5.000017416492178 0.07059690007008612
1499.9995232526094 847.0 5.000070853406336 0.29121233348269016
1499.998927370365 847.0 5.000162045356794 0.32432373345363885
1499.9980931889274 847.0 5.00029266673647 0.3409991334192455
1499.9970207345814 847.0 5.000464333848413 0.3576696334639564
1499.9957100306901 847.0 5.000678606963538 0.37434323341585696
1499.9941610976591 847.0 5.000936992307117 0.3910139334620908
1499.9923739529017 847.0 5.00124094397649 0.4076850333949551
1499.990348610805 847.0 5.001591865792386 0.42436043347697705
1499.988085082698 847.0 5.001991113086146 0.44103253341745585
1499.9855833768192 847.0 5.002439994425084 0.4577364334836602
1499.9828434982871 847.0 5.0029397732781105 0.4744394334265962
1499.979865449071 847.0 5.003491669623701 0.49111333349719644
1499.976649227962 847.0 5.004096861502204 0.5077812334056944
1499.9731948305468 847.0 5.004756486514415 0.5246454334119335
1499.9695022491808 847.0 5.005471643268274 0.5413123334292322
1499.9655714729622 847.0 5.006243392775494 0.5584933334030211
1499.9614024877085 847.0 5.007072759799845 0.5751660334644839
1499.956995275932 847.0 5.007960734158769 0.5918354335008189
1499.9523498168176 847.0 5.008908271979946 0.6086658334825188
1499.9474660861995 847.0 5.00991629691437 0.625339133432135
1499.942344056541 847.0 5.010985701307437 0.6420064334524795
1499.9369836969138 847.0 5.012117347329504 0.6586780333891511
1499.9313849729767 847.0 5.01331206806732 0.6755787334404886
1499.925547846958 847.0 5.014570668577683 0.6923828334547579
1499.9194722776351 847.0 5.0158939269046305 0.7090568334097043
1499.9131582203186 847.0 5.017282595061433 0.7257323334924877
1499.9066056268327 847.0 5.018737399978593 0.7424059334443882
1499.8998144454995 847.0 5.020259044419048 0.759074833476916
1499.8927846211225 847.0 5.021848207861695 0.7757431333884597
1499.8855160949706 847.0 5.023505547354341 0.7924166334560141
1499.878008804763 847.0 5.025231698337135 0.8090868334984407
1499.8702626846543 847.0 5.0270272754375105 0.8257576334290206
1499.86227766522 847.0 5.028892873237614 0.8424305334920064
1499.8540536734426 847.0 5.030829067015177 0.859152433462441
1499.8455906326988 847.0 5.032836413458758 0.8758216334972531
1499.8368884627453 847.0 5.034915451358224 0.8924940334400162
1499.827947079707 847.0 5.03706670227135 0.9091686333995312
1499.8187663960648 847.0 5.0392906711673415 0.9258410334587097
1499.8093463206433 847.0 5.041587847048103 0.9425144334090874
1499.7996867585994 847.0 5.043958703547996 0.9591848334530368
1499.789787611411 847.0 5.046403699512856 0.9758535334840417
1499.779648776866 847.0 5.04892327955897 0.9935920333955437
1499.7692701490525 847.0 5.05151787461271 1.0102602334227413
1499.7586516183478 847.0 5.054187902431502 1.0269290334545076
1499.7477930714085 847.0 5.056933768106769 1.0436056334292516
1499.736694391161 847.0 5.05975586454947 1.0611720334272832
1499.7253554567924 847.0 5.0626545729588415 1.0778401334537193
1499.71377614374 847.0 5.065630263274922 1.094514633412473
1499.7019563236843 847.0 5.068683294615425 1.11118693347089
1499.6898958645384 847.0 5.07181401569749 1.1278599334182218
1499.6775946304408 847.0 5.075022765244849 1.1445305334636942
1499.665052481747 847.0 5.07830987238091 1.1615664334967732
1499.6522692750202 847.0 5.081675657008232 1.178239633445628
1499.6392448630256 847.0 5.0851204301748885 1.1952276334632188
1499.6259790947204 847.0 5.08864449442814 1.2119052334455773
1499.6124718152478 847.0 5.0922481441558896 1.228576133493334
1499.5987228659292 847.0 5.095931665916319 1.2452514334581792
1499.5847320842568 847.0 5.099695338756122 1.2619238334009424
1499.5704993038867 847.0 5.10353943451774 1.2785924334311858
1499.5560243546324 847.0 5.1074642181359575 1.2952671333914623
1499.5413070624577 847.0 5.111469947924259 1.3119402334559709
1499.5263472494696 847.0 5.115556875851261 1.3286173334345222
1499.5111447339125 847.0 5.1197252478076045 1.3452897334937006
1499.4956993301619 847.0 5.123975303863607 1.3619835334829986
1499.4800108487175 847.0 5.128307278518006 1.3786511333892122
1499.4640790961973 847.0 5.132721400938108 1.3953263334697112
1499.4479038753323 847.0 5.137217895191626 1.412111533456482
1499.4314849849588 847.0 5.141796980470511 1.42879843339324
1499.4148222200142 847.0 5.146458871307036 1.4455165334511548
1499.3979153715306 847.0 5.151203777782418 1.462185733485967
1499.380764226629 847.0 5.156031905728224 1.4896180334035307
1499.3633685685136 847.0 5.160943456920817 1.5063330334378406
1499.3457281764665 847.0 5.1659386292690845 1.5233793334336951
1499.327842825842 847.0 5.171017616995671 1.540046233450994
1499.3097122880613 847.0 5.176180610811959 1.5567272334592417
1499.291336330607 847.0 5.181427798086991 1.5733953334856778
1499.2727147170178 847.0 5.1867593630105695 1.5900661334162578
1499.2538472068836 847.0 5.192175486750708 1.6067343334434554
1499.2347335558395 847.0 5.197676347605652 1.6241405335022137
1499.2153735155612 847.0 5.203262121150647 1.6408082334091887
1499.1957668337595 847.0 5.208932980379636 1.6574769334401935
1499.1759132541758 847.0 5.214689095842061 1.6741440334590152
1499.1558125165764 847.0 5.22053063577495 1.6908160333987325
1499.1354643567474 847.0 5.226457766230432 1.7074836334213614
1499.1148685064904 847.0 5.232470651198856 1.724265833501704
1499.0940246936168 847.0 5.23856945272766 1.7409378334414214
1499.072932641943 847.0 5.244754331036136 1.7576104335021228
1499.0515920712853 847.0 5.251025444626233 1.7742861334700137
1499.0300026974555 847.0 5.257382950389542 1.7909535334911197
1499.0081642322555 847.0 5.263827003710582 1.807620633393526
1498.9860763834722 847.0 5.27035775856653 1.8242943334626034
1498.963738854873 847.0 5.27697536762351 1.840990733471699
1498.9411513462012 847.0 5.283679982329554 1.8576654334319755
1498.9183135531698 847.0 5.290471753004373 1.8743336334591731
1498.895225167458 847.0 5.297350828926017 1.891756133409217
1498.8718858767056 847.0 5.30431735841456 1.9084920334862545
1498.8482953645082 847.0 5.3113714889128945 1.92527273343876
1498.824453310412 847.0 5.318513367064744 1.941942133475095
1498.8003593899095 847.0 5.32574313878999 1.9586172334384173
1498.7760132744343 847.0 5.333060949357402 1.9753777334699407
1498.7514146313556 847.0 5.3404669434548655 1.9920531334355474
1498.726563123974 847.0 5.34796126525719 2.0087203334551305
1498.7014584115168 847.0 5.355544058491587 2.025387433473952
1498.6761001491313 847.0 5.363215466500888 2.0420858334982768
1498.6504879878821 847.0 5.370975632304597 2.0587570334319025
1498.6246215747444 847.0 5.3788246986578345 2.0754253334598616
1498.5985005525997 847.0 5.3867628081082595 2.0924344334052876
1498.5721245602303 847.0 5.394790103051033 2.1091831334633753
1498.5454932323148 847.0 5.402906725781895 2.125871933414601
1498.5186061994227 847.0 5.411112818548414 2.142576233483851
1498.491463088009 847.0 5.419408523599479 2.1592445333953947
1498.4640635204094 847.0 5.427793983233092 2.175921333488077
1498.436407114835 847.0 5.436269339842516 2.1925889333942905
1498.4084934853674 847.0 5.444834735960847 2.2092648334801197
1498.3803222419529 847.0 5.453490314304049 2.22602373349946
1498.3518929903976 847.0 5.4622362178125154 2.242696333443746
1498.3232053323618 847.0 5.47107258969121 2.259366833488457
1498.2942588653552 847.0 5.479999573448425 2.276038733427413
1498.2650531827314 847.0 5.489017312933216 2.2929033334366977
1498.2355878736817 847.0 5.498125952371552 2.309580433415249
1498.2058625232307 847.0 5.507325636401231 2.326252733473666
1498.1758767122305 847.0 5.516616510105596 2.342919933493249
1498.145630017355 847.0 5.5259987190461 2.359595433459617
1498.1151220110944 847.0 5.535472409293761 2.3762719334335998
1498.08435226175 847.0 5.54503772745953 2.3929482334060594
1498.053320333428 847.0 5.5546948207236335 2.409617733443156
1498.0220257860344 847.0 5.5644438368639095 2.426288533490151
1497.990468175269 847.0 5.57428492428317 2.4429565333994105
1497.9586470526194 847.0 5.584218232035637 2.4596288334578276
1497.926561965356 847.0 5.594243909852473 2.4764511334942654
1497.8942124565258 847.0 5.60436210816644 2.493121633422561
1497.8615980649458 847.0 5.61457297813572 2.509792833472602
1497.8287183251985 847.0 5.624876671666917 2.5264690334443003
1497.7955727676247 847.0 5.635273341437286 2.5431405334966257
1497.7621609183184 847.0 5.645763140916195 2.5598099334165454
1497.7284822991203 847.0 5.656346224385858 2.576486433390528
1497.6945364276116 847.0 5.667022746961371 2.593153833411634
1497.6603228171086 847.0 5.67779286461005 2.6098284334875643
1497.6258409766558 847.0 5.688656734170128 2.626503633451648
1497.5910904110196 847.0 5.699614513368802 2.643173033487983
1497.5560706206827 847.0 5.710666360839676 2.6598459334345534
1497.5207811018374 847.0 5.721812436139609 2.676861433428712
1497.4852213463794 847.0 5.733052899764985 2.6935331334825605
1497.449390841901 847.0 5.744387913167438 2.710220333421603
1497.4132890716853 847.0 5.75581763876904 2.72689403349068
1497.3769155146988 847.0 5.767342239976968 2.7435633334098384
1497.340269645586 847.0 5.778961881197683 2.7602310334332287
1497.303350934662 847.0 5.7906767278506175 2.7769051333889365
1497.2661588479057 847.0 5.802486946381406 2.793579733464867
1497.228692846954 847.0 5.814392704274662 2.8102551334304735
1497.1909523890938 847.0 5.826394170066324 2.8269299333915114
1497.1529369272566 847.0 5.838491513355577 2.8436176334507763
1497.1146459100107 847.0 5.850684904816376 2.8602884334977716
1497.0760787815545 847.0 5.862974516208576 2.8769556334009394
1497.0372349817094 847.0 5.87536052038868 2.893630033475347
1496.9981139459132 847.0 5.887843091320228 2.910299133392982
1496.958715105213 847.0 5.900422404083827 2.9269681334262714
1496.9190378862577 847.0 5.9130986348868415 2.9436430333880708
1496.8790817112908 847.0 5.925871961072759 2.960317633464001
1496.838845998144 847.0 5.93874256113023 2.976986133493483
1496.7983301602292 847.0 5.951710614701802 2.9936545334057882
1496.757533606531 847.0 5.964776302592358 3.010323633439839
1496.7164557416006 847.0 5.977939806777263 3.0269988334039226
1496.6750959655465 847.0 5.991201310410234 3.043670733459294
1496.6334536740283 847.0 6.00456099783094 3.060347833437845
1496.5915282582491 847.0 6.018019054572345 3.077179333427921
1496.5493191049477 847.0 6.031575667367789 3.093852133490145
1496.5068255963909 847.0 6.045231024157838 3.110526433447376
1496.4640471103655 847.0 6.058985314096889 3.1271975334966555
1496.4209830201712 847.0 6.072838727559549 3.143866033409722
1496.3776326946124 847.0 6.086791456146793 3.16053633345291
1496.3339954979908 847.0 6.100843692691912 3.1772105334093794
1496.2900707900967 847.0 6.114995631266245 3.193877433426678
1496.2458579262016 847.0 6.129247467184719 3.2105728334281594
1496.2013562570498 847.0 6.14359939701119 3.227242833469063
1496.156565128851 847.0 6.158051618563601 3.243955633486621
1496.1114838832718 847.0 6.172604330918948 3.2606299334438518
1496.066111857427 847.0 6.187257734418081 3.277303733397275
1496.0204483838718 847.0 6.202012030670327 3.2939750334480777
1495.9744927905942 847.0 6.216867422557946 3.310660133487545
1495.9282444010053 847.0 6.231824114240431 3.32732713338919
1495.8817025339315 847.0 6.24688231115865 3.3439962334232405
1495.8348665036067 847.0 6.2620422200388335 3.3606634334428236
1495.7877356196625 847.0 6.277304048896419 3.37733223347459
1495.7403091871206 847.0 6.292668007039753 3.3940052334219217
1495.6925865063838 847.0 6.308134305073648 3.410684533417225
1495.6445668732274 847.0 6.323703154902818 3.427353333448991
1495.5962495787903 847.0 6.339374769735168 3.444028133410029
