1499.999763457169 746.999979589354 10.0 0.08827090007252991
1499.9990540398487 746.9999177490951 10.0 0.2957057333551347
1499.9978720550864 746.9998127416263 10.0 0.33560703322291374
1499.9962177974269 746.9996629035696 10.0 0.3522826333064586
1499.9940915494697 746.9994666426006 10.0 0.36940783332102
1499.991493582402 746.999222434419 10.0 0.3860843332950026
1499.9884241565092 746.9989288198483 10.0 0.4031809333246201
1499.9848835216626 746.9985844020589 10.0 0.4203225332312286
1499.9808719177884 746.9981878439106 10.0 0.4369921332690865
1499.9763895753135 746.9977378654078 10.0 0.45366843324154615
1499.971436715596 746.9972332412635 10.0 0.470337733393535
1499.9660135513336 746.996672798568 10.0 0.48700813320465386
1499.9601202869583 746.9960554145563 10.0 0.5036765332333744
1499.9537571190103 746.9953800144708 10.0 0.5203513333108276
1499.9469242364999 746.9946455695164 10.0 0.537022233242169
1499.9396218212507 746.9938510949014 10.0 0.5537949332501739
1499.9318500482304 746.9929956479632 10.0 0.5704719333443791
1499.9236090858656 746.9920783263732 10.0 0.5871633333154023
1499.9148990963452 746.9910982664192 10.0 0.6038304332178086
1499.905720235909 746.9900546413602 10.0 0.6206172332167625
1499.8960726551254 746.9889466598523 10.0 0.6372927331831306
1499.885956499156 746.9877735644412 10.0 0.654003533301875
1499.87537190801 746.9865346301194 10.0 0.6706775333732367
1499.864319016787 746.9852291629448 10.0 0.6873460332863033
1499.8527979559099 746.9838564987184 10.0 0.7040173332206905
1499.8408088513472 746.9824160017184 10.0 0.7206922331824899
1499.828351824827 746.9809070634885 10.0 0.7373631333466619
1499.8154269940405 746.9793291016775 10.0 0.754032333381474
1499.802034472838 746.9776815589294 10.0 0.7707066333387047
1499.788174371415 746.9759639018192 10.0 0.7873828331939876
1499.7738467964925 746.9741756198364 10.0 0.8044536332599819
1499.7590518514878 746.9723162244095 10.0 0.8212407333776355
1499.7437896366785 746.9703852479744 10.0 0.8379161332268268
1499.72806024936 746.9683822430806 10.0 0.8545924331992865
1499.7118637839956 746.966306781537 10.0 0.8712675333954394
1499.6952003323606 746.9641584535935 10.0 0.8879387332126498
1499.6780699836804 746.9619368671578 10.0 0.9046072333585471
1499.660472824762 746.9596416470449 10.0 0.9213461333420128
1499.6424089401207 746.9572724342603 10.0 0.9380162332672626
1499.6238784121003 746.9548288853118 10.0 0.9550897332374007
1499.6048813209898 746.9523106715523 10.0 0.9717756332829595
1499.5854177451336 746.9497174785492 10.0 0.9884519332554191
1499.5654877610375 746.9470490054829 10.0 1.005119533278048
1499.545091443471 746.9443049645679 10.0 1.021823433227837
1499.5242288655634 746.9414850805018 10.0 1.0384980333037674
1499.5029000988975 746.9385890899355 10.0 1.0552083333022892
1499.4811052135985 746.935616740967 10.0 1.0718765333294868
1499.4588442784195 746.9325677926571 10.0 1.0885499333962798
1499.4361173608224 746.9294420145646 10.0 1.1052229332271963
1499.412924527057 746.926239186303 10.0 1.121894933283329
1499.3892658422349 746.9229590971144 10.0 1.1391206332482398
1499.3651413704015 746.919601545463 10.0 1.155797433340922
1499.3405511746043 746.9161663386452 10.0 1.1724815333727747
1499.3154953169592 746.9126532924163 10.0 1.2034399332478642
1499.2899738587118 746.9090622306337 10.0 1.2201088333968073
1499.2639868602992 746.9053929849148 10.0 1.2367797333281487
1499.2375343814062 746.9016453943098 10.0 1.2534815333783627
1499.2106164810211 746.8978193049882 10.0 1.2701611332595348
1499.183233217488 746.8939145699392 10.0 1.2873315333854407
1499.155384648557 746.8899310486842 10.0 1.3040225333534181
1499.1270708314335 746.885868607002 10.0 1.3207785333506763
1499.0982918228233 746.8817271166657 10.0 1.337719633243978
1499.0690476789775 746.877506455191 10.0 1.354391033295542
1499.0393384557347 746.8732065055946 10.0 1.3722058332059532
1499.0091642085608 746.8688271561635 10.0 1.38888193317689
1498.9785249925892 746.8643683002344 10.0 1.4055567332543433
1498.9474208626564 746.8598298359816 10.0 1.4222274331841618
1498.9158518733384 746.8552116662147 10.0 1.438903733389452
1498.8838180789846 746.8505136981845 10.0 1.455613633384928
1498.8513195337503 746.8457358433978 10.0 1.4722872332204133
1498.8183562916272 746.8408780174394 10.0 1.4889596332795918
1498.7849284064746 746.8359401398021 10.0 1.5058209332637489
1498.7510359320463 746.8309221337237 10.0 1.52249213331379
1498.7166789220191 746.8258239260313 10.0 1.539163533365354
1498.681857430018 746.820645446992 10.0 1.555835333187133
1498.6465715096422 746.8153866301702 10.0 1.5725036333315074
1498.610821214488 746.8100474122906 10.0 1.589180633192882
1498.574606598172 746.8046277331074 10.0 1.605849833227694
1498.5379277143536 746.7991275352788 10.0 1.6225197333842516
1498.500784616755 746.7935467642471 10.0 1.639195133233443
1498.463177359182 746.7878853681243 10.0 1.6560940332710743
1498.4251059955427 746.7821432975812 10.0 1.672765833325684
1498.386570579866 746.776320505743 10.0 1.6894341332372278
1498.3475711663189 746.7704169480882 10.0 1.7061080331914127
1498.3081078092239 746.7644325823518 10.0 1.722784633282572
1498.2681805630746 746.7583673684337 10.0 1.7404156331904233
1498.2277894825513 746.7522212683095 10.0 1.7570898332633078
1498.186934622535 746.7459942459466 10.0 1.7737599331885576
1498.1456160381229 746.7396862672224 10.0 1.7905422332696617
1498.10383378464 746.7332972998473 10.0 1.8072147332131863
1498.0615879176537 746.7268273132905 10.0 1.8238869332708418
1498.0188784929846 746.7202762787084 10.0 1.8405591333284974
1497.9757055667199 746.713644168877 10.0 1.8572290332522243
1497.9320691952225 746.7069309581265 10.0 1.873896933393553
1497.8879694351442 746.7001366222792 10.0 1.8905637331772596
1497.843406343434 746.6932611385894 10.0 1.9073884333483875
1497.798379977349 746.6863044856867 10.0 1.9240605332888663
1497.752890394463 746.679266643521 10.0 1.9408814331982285
1497.706937652677 746.6721475933101 10.0 1.9580682332161814
1497.6605218102256 746.6649473174897 10.0 1.9749424331821501
1497.6136429256871 746.6576657996652 10.0 1.9916119333356619
1497.5663010579904 746.650303024566 10.0 2.0082864332944155
1497.5184962664225 746.6428589780013 10.0 2.0254588332027197
1497.4702286106365 746.635333646818 10.0 2.0421287333592772
1497.421498150657 746.6277270188605 10.0 2.0588020333088934
1497.3723049468883 746.6200390829318 10.0 2.0755159333348274
1497.3226490601191 746.6122698287572 10.0 2.092366133350879
1497.2725305515296 746.604419246948 10.0 2.109054133296013
1497.2219494826963 746.5964873289684 10.0 2.1259289332665503
1497.1709059155985 746.5884740671024 10.0 2.142596733290702
1497.1193999126226 746.5803794544237 10.0 2.1592635333072394
1497.0674315365675 746.5722034847648 10.0 2.1759308332111686
1497.015000850649 746.5639461526896 10.0 2.1926308332476765
1496.9621079185042 746.5556074534655 10.0 2.2093027331866324
1496.908752804197 746.5471873830376 10.0 2.22597713326104
1496.8549355722207 746.5386859380035 10.0 2.2426535333506763
1496.8006562875028 746.5301031155897 10.0 2.2593204332515597
1496.7459150154082 746.5214389136285 10.0 2.2760016333777457
1496.6907118217432 746.5126933305363 10.0 2.2926760332193226
1496.6350467727589 746.5038663652923 10.0 2.3093552333302796
1496.5789199351539 746.4949580174188 10.0 2.3260252333711833
1496.5223313760782 746.4859682869615 10.0 2.3426944334059954
1496.4652811631356 746.4768971744716 10.0 2.359515233198181
1496.4077693643862 746.467744680988 10.0 2.37619043327868
1496.34979604835 746.45851080802 10.0 2.3928571331780404
1496.2913612840086 746.4491955575319 10.0 2.409527033334598
1496.232465140808 746.4397989319269 10.0 2.4261961332522333
1496.1731076886606 746.4303209340327 10.0 2.4428708332125098
1496.1132889979478 746.420761567087 10.0 2.459541433257982
1496.0530091395217 746.4111208347241 10.0 2.476213433314115
1495.9922681847072 746.4013987409619 10.0 2.4928861332591623
1495.931066205304 746.3915952901896 10.0 2.5095625333487988
1495.869403273588 746.3817104871553 10.0 2.5262330332770944
1495.8072794623133 746.3717443369551 10.0 2.542901233304292
1495.7446948447136 746.361696845022 10.0 2.5597937332931906
1495.681649494504 746.3515680171154 10.0 2.57646273332648
1495.618143485882 746.341357859311 10.0 2.59326313319616
1495.5541768935293 746.3310663779913 10.0 2.6099395332857966
1495.4897497926124 746.3206935798365 10.0 2.6266077333129942
1495.4248622587847 746.3102394718157 10.0 2.643281733384356
1495.3595143681869 746.2997040611782 10.0 2.6599578333552927
1495.2937061974485 746.2890873554458 10.0 2.676625133259222
1495.2274378236884 746.2783893624047 10.0 2.693292433395982
1495.1607093245161 746.2676100900987 10.0 2.7099606331903487
1495.0935207780328 746.2567495468214 10.0 2.726890333229676
1495.0258722628319 746.24580774111 10.0 2.743567133322358
1494.9577638579995 746.2347846817381 10.0 2.760238533373922
1494.889195643116 746.2236803777106 10.0 2.776905933395028
1494.820167698256 746.2124948382566 10.0 2.7935775332152843
1494.7506801039892 746.2012280728243 10.0 2.810261733364314
1494.6807329413814 746.1898800910753 10.0 2.8269387332256883
1494.610326291994 746.1784509028797 10.0 2.843608633382246
1494.5394602378854 746.1669405183106 10.0 2.860279933316633
1494.4681348616111 746.1553489476398 10.0 2.876955433283001
1494.3963502462248 746.1436762013328 10.0 2.893625533208251
1494.3241064752772 746.1319222900446 10.0 2.910296433372423
1494.2514036328182 746.1200872246154 10.0 2.926963833393529
1494.178241803396 746.1081710160665 10.0 2.94363193330355
1494.104621072058 746.0961736755967 10.0 2.9603001333307475
1494.0305415243506 746.084095214578 10.0 2.976996933342889
1493.9560032463196 746.071935644553 10.0 2.9936694332864136
1493.8810063245107 746.0596949772306 10.0 3.0103375331964344
1493.8055508459693 746.047373224483 10.0 3.027041933266446
1493.7296368982404 746.0349703983427 10.0 3.0437186332419515
1493.6532645693699 746.0224865109996 10.0 3.060390933183953
1493.576433947903 746.0099215747977 10.0 3.077060333220288
1493.499145122886 745.9972756022328 10.0 3.0937353332992643
1493.4213981838643 745.9845486059496 10.0 3.1104371333494782
1493.343193220885 745.9717405987393 10.0 3.1271118333097547
1493.2645303244947 745.958851593537 10.0 3.143786533270031
1493.1854095857402 745.9458816034197 10.0 3.1604615333490074
1493.1058310961691 745.9328306416037 10.0 3.1771370333153754
1493.025794947829 745.9196987214426 10.0 3.1938071332406253
1492.9453012332672 745.9064858564254 10.0 3.210476733278483
1492.8643500455319 745.8931920601744 10.0 3.227150733349845
1492.7829414781706 745.8798173464432 10.0 3.244182233233005
1492.701075625231 745.8663617291153 10.0 3.260849033249542
1492.6187525812602 745.8528252222019 10.0 3.2775219331961125
1492.5359724413054 745.8392078398405 10.0 3.2941951332613826
1492.4527353009125 745.8255095962932 10.0 3.310865533305332
1492.369041256127 745.8117305059452 10.0 3.327541433274746
1492.2848904034936 745.7978705833035 10.0 3.3442321333568543
1492.2002828400553 745.7839298429952 10.0 3.3609009333886206
1492.115218663354 745.7699082997665 10.0 3.3775747332256287
1492.02969797143 745.7558059684809 10.0 3.394249833188951
1491.9437208628221 745.7416228641184 10.0 3.410916933324188
1491.8572874365664 745.7273590017742 10.0 3.427590333390981
1491.7703977921965 745.7130143966574 10.0 3.444265633355826
1491.683052029744 745.6985890640901 10.0 3.4609351332765073
1491.5952502497373 745.6840830195063 10.0 3.4776100332383066
1491.5069925532014 745.6694962784505 10.0 3.4942852333188057
1491.418279041658 745.6548288565776 10.0 3.510984533233568
1491.329109817125 745.6400807696511 10.0 3.52765233325772
1491.2394849821162 745.6252520335426 10.0 3.544321333291009
1491.1494046396406 745.6103426642306 10.0 3.5610002332832664
1491.0588688932028 745.5953526778004 10.0 3.57766713318415
1490.9678778468021 745.5802820904424 10.0 3.5943388333544135
1490.8764316049323 745.565130918452 10.0 3.6110101332888007
1490.7845302725816 745.5498991782285 10.0 3.6276786332018673
1490.6921739552315 745.5345868862746 10.0 3.6443474332336336
1490.5993627588573 745.5191940591955 10.0 3.661015733378008
1490.5060967899274 745.5037207136983 10.0 3.677693233359605
1490.4123761554024 745.4881668665915 10.0 3.694528733380139
1490.3182009627358 745.4725325347844 10.0 3.711214433191344
1490.2235713198727 745.4568177352862 10.0 3.7278832332231104
1490.1284873352497 745.4410224852058 10.0 3.7445500332396477
1490.0329491177943 745.4251468017511 10.0 3.761223333189264
1489.936956776925 745.4091907022283 10.0 3.777896233368665
1489.84051042255 745.3931542040418 10.0 3.7945811334066093
1489.7436101650683 745.3770373246932 10.0 3.8114364333450794
1489.6462561153674 745.3608400817814 10.0 3.8281124331988394
1489.5484483848238 745.3445624930015 10.0 3.84478223323822
1489.450187085303 745.3282045761449 10.0 3.861449833260849
1489.3514723291585 745.3117663490987 10.0 3.878121533198282
1489.252304229231 745.295247829845 10.0 3.8947943332605064
1489.1526828988488 745.278649036461 10.0 3.9115384332835674
1489.0526084518267 745.2619699871184 10.0 3.9282057331874967
1488.9520810024658 745.2452107000828 10.0 3.9448753332253546
1488.851100665553 745.2283711937135 10.0 3.961547433398664
1488.7496675563607 745.2114514864636 10.0 3.978221033234149
1488.647781790646 745.1944515968787 10.0 3.9948902332689613
1488.5454434846501 745.1773715435975 10.0 4.01156233320944
1488.4426527550988 745.1602113453508 10.0 4.028232033364475
1488.3394097192006 745.1429710209618 10.0 4.0449081333354115
1488.2357144946473 745.1256505893452 10.0 4.061574833234772
1488.131567199613 745.1082500695076 10.0 4.078247133176774
1488.026967952754 745.0907694805463 10.0 4.094925133278593
1487.9219168732075 745.07320884165 10.0 4.11159393331036
1487.816414080592 745.0555681720978 10.0 4.128325933357701
1487.7104596950064 745.0378474912593 10.0 4.145000733202323
1487.6040538370296 745.0200468185943 10.0 4.16167263337411
1487.4971966277199 745.0021661736525 10.0 4.178343933308497
1487.3898881886141 744.9842055760732 10.0 4.195013433229178
1487.282128641728 744.9661650455854 10.0 4.211689333198592
1487.1739181095545 744.948044602007 10.0 4.2283597332425416
1487.0652567150646 744.9298442652452 10.0 4.245036833221093
1486.9561445817055 744.9115640552956 10.0 4.261710933176801
1486.8465818334012 744.8932039922428 10.0 4.2783840333577245
1486.736568594551 744.8747640962595 10.0 4.295052633387968
1486.6261049900297 744.8562443876066 10.0 4.311725533334538
1486.5151911451867 744.837644886633 10.0 4.328401933191344
1486.4038271858453 744.8189656137755 10.0 4.345087133347988
1486.2920132383026 744.8002065895583 10.0 4.361759933177382
1486.179749429329 744.7813678345931 10.0 4.378433333244175
1486.0670358861667 744.7624493695787 10.0 4.395107833202928
1485.9538727365302 744.7434512153011 10.0 4.4117748332209885
1485.8402601086057 744.724373392633 10.0 4.428522433387116
1485.7261981310498 744.7052159225339 10.0 4.44521943340078
1485.6116869329896 744.6859788260498 10.0 4.461886533303186
1485.4967266440217 744.666662124313 10.0 4.478559933369979
1485.3813173942121 744.6472658385421 10.0 4.495232233311981
1485.2654593140953 744.6277899900417 10.0 4.511909433174878
1485.1491525346735 744.6082346002022 10.0 4.528577933320776
1485.0323971874168 744.5885996904998 10.0 4.545248533366248
1484.915193404262 744.5688852824962 10.0 4.561915533384308
1484.797541317612 744.5490913978387 10.0 4.5787359334062785
1484.6794410603359 744.5292180582594 10.0 4.595403233310208
1484.5608927657674 744.5092652855761 10.0 4.612442933255807
1484.441896567705 744.4892331016913 10.0 4.629109733272344
1484.3224526004115 744.4691215285922 10.0 4.645780333317816
1484.2025609986124 744.4489305883508 10.0 4.6626676332671195
1484.0822218974965 744.4286603031236 10.0 4.679340133210644
1483.9614354327146 744.4083106951517 10.0 4.696007933234796
1483.8402017403791 744.3878817867603 10.0 4.712678933283314
1483.718520957064 744.3673736003586 10.0 4.729449433274567
1483.5963932198028 744.3467861584401 10.0 4.746146033285186
1483.4738186660895 744.3261194835819 10.0 4.7628161332104355
1483.3507974338772 744.305373598445 10.0 4.779537733178586
1483.2273296615774 744.284548525774 10.0 4.796211633365601
1483.10341548806 744.2636442883967 10.0 4.812879133271053
1482.9790550526518 744.2426609092245 10.0 4.8295486331917346
1482.854248495137 744.2215984112519 10.0 4.846224133390933
1482.7289959557556 744.2004568175564 10.0 4.862901933258399
1482.6032975752037 744.1792361512987 10.0 4.879577733343467
1482.4771534946315 744.1579364357221 10.0 4.89625423331745
1482.3505638556444 744.1365576941528 10.0 4.912921733222902
1482.2235288003012 744.1150999499993 10.0 4.929589533247054
1482.0960484711138 744.0935632267527 10.0 4.946472033392638
1481.9681230110466 744.0719475479865 10.0 4.963139133295044
1481.839752563516 744.0502529373562 10.0 4.979807533323765
1481.7109372723896 744.0284794185994 10.0 4.996552333235741
1481.5816772819858 744.006627015536 10.0 5.013225733302534
1481.4519727370728 743.9846957520672 10.0 5.029893933329731
1481.3218237828683 743.9626856521763 10.0 5.046665933215991
1481.1912305650385 743.9405967399281 10.0 5.063334733247757
1481.0601932296981 743.9184290394687 10.0 5.080029733246192
1480.928711923409 743.8961825750258 10.0 5.0966964333783835
1480.7967867931802 743.8738573709082 10.0 5.113371633226052
1480.6644179864663 743.8514534515058 10.0 5.130045433295891
1480.5316056511683 743.8289708412894 10.0 5.146725633181632
1480.3983499356316 743.8064095648109 10.0 5.163418733282015
1480.2646509886458 743.7837696467028 10.0 5.180468633305281
1480.1305089594446 743.7610511116782 10.0 5.197136933216825
1479.9959239977043 743.7382539845307 10.0 5.214178233174607
1479.8608962535436 743.7153782901345 10.0 5.230850733350962
1479.725425877523 743.6924240534437 10.0 5.2475175333675
1479.589513020644 743.6693912994929 10.0 5.26419353322126
1479.4531578343485 743.6462800533966 10.0 5.2809664332307875
1479.3163604705178 743.6230903403492 10.0 5.2976378332823515
1479.1791210814729 743.5998221856249 10.0 5.314867133274674
1479.0414398199725 743.5764756145777 10.0 5.331535133300349
1478.9033168392136 743.553050652641 10.0 5.348210133379325
1478.76475229283 743.5295473253276 10.0 5.365181733388454
1478.6257463348923 743.5059656582299 10.0 5.3823954332619905
1478.4862991199063 743.4823056770193 10.0 5.399072233354673
1478.3464108028134 743.4585674074463 10.0 5.415886933216825
1478.2060815389889 743.4347508753403 10.0 5.433105033356696
1478.0653114842423 743.4108561066099 10.0 5.449777933303267
1477.9241007948162 743.3868831272421 10.0 5.466445033205673
1477.7824496273854 743.3628319633025 10.0 5.483135633403435
1477.6403581390564 743.3387026409354 10.0 5.499809633241966
1477.4978264873669 743.3144951863633 10.0 5.516477833269164
1477.354854830285 743.2902096258871 10.0 5.533148833317682
1477.2114433262084 743.2658459858858 10.0 5.5498237332794815
1477.067592133964 743.2414042928165 10.0 5.56651133322157
1476.9233014128067 743.216884573214 10.0 5.5831852331757545
1476.7785713224196 743.1922868536909 10.0 5.599854033207521
1476.6334020229124 743.1676111609378 10.0 5.616526233265176
1476.487793674821 743.1428575217225 10.0 5.633286533178762
1476.3417464391073 743.1180259628903 10.0 5.649997933302075
1476.1952604771577 743.093116511364 10.0 5.666670333361253
1476.0483359507832 743.0681291941434 10.0 5.683346733218059
1475.9009730222183 743.0430640383053 10.0 5.700318233342841
1475.75317185412 743.0179210710036 10.0 5.7169855332467705
1475.6049326095676 742.992700319469 10.0 5.733656533295289
1475.4562554520621 742.967401811009 10.0 5.75033223326318
1475.3071405455248 742.9420255730076 10.0 5.766999733401462
1475.1575880542975 742.9165716329252 10.0 5.78382893325761
1475.0075981431412 742.8910400182986 10.0 5.800522233359516
1474.8571709772352 742.8654307567408 10.0 5.817292433232069
1474.7063067221775 742.839743875941 10.0 5.834019533358514
1474.5550055439826 742.8139794036645 10.0 5.850690433289856
1474.403267609082 742.7881373677519 10.0 5.867946733254939
1474.2510930843227 742.7622177961202 10.0 5.884618733311072
1474.0984821369673 742.7362207167619 10.0 5.9012954332865775
1473.9454349346925 742.7101461577446 10.0 5.91799783334136
1473.7919516455884 742.6839941472116 10.0 5.934671633178368
1473.6380324381587 742.6577647133814 10.0 5.951338633196428
1473.4836774813189 742.6314578845478 10.0 5.968038133345544
1473.3288869443963 742.6050736890793 10.0 5.985645833192393
1473.1736609971292 742.5786121554194 10.0 6.002314933342859
1473.0179998096655 742.5520733120863 10.0 6.019004533300176
1472.861903552563 742.5254571876733 10.0 6.035706733353436
1472.705372396788 742.4987638108474 10.0 6.052420133259147
1472.5484065137148 742.4719932103508 10.0 6.069087233394384
1472.3910060751248 742.4451454149994 10.0 6.085834233323112
1472.2331712532061 742.4182204536836 10.0 6.1025311332196
1472.0749022205525 742.3912183553676 10.0 6.119385733269155
1471.916199150163 742.3641391490896 10.0 6.136070933192968
1471.7570622154408 742.3369828639616 10.0 6.15295913326554
1471.5974915901925 742.3097495291692 10.0 6.169631333323196
1471.437487448628 742.2824391739714 10.0 6.18666523322463
1471.277049965359 742.255051827701 10.0 6.203910033218563
1471.116179315399 742.2275875197636 10.0 6.220904533285648
1470.9548756741617 742.2000462796382 10.0 6.237578533357009
1470.7931392174612 742.1724281368768 10.0 6.254479633178562
1470.6309701215105 742.1447331211043 10.0 6.2711518332362175
1470.468368562921 742.1169612620183 10.0 6.287824633298442
1470.305334718702 742.0891125893892 10.0 6.304499033372849
1470.14186876626 742.0611871330597 10.0 6.321185233304277
1469.9779708833973 742.0331849229449 10.0 6.337914933217689
1469.813641248312 742.0051059890325 10.0 6.354583033360541
1469.6488800395969 741.9769503613819 10.0 6.371251633390784
1469.4836874362386 741.9487180701249 10.0 6.387926433235407
1469.3180636176173 741.9204091454648 10.0 6.404604233335704
1469.1520087635056 741.8920236176768 10.0 6.421270933235064
1468.985523054068 741.863561517108 10.0 6.437945233192295
1468.8186066698595 741.8350228741766 10.0 6.454621033277363
1468.6512597918259 741.8064077193725 10.0 6.471867933403701
1468.4834826013023 741.7777160832565 10.0 6.488537033321336
1468.3152752800127 741.7489479964607 10.0 6.50521403318271
1468.146638010069 741.7201034896883 10.0 6.521890233270824
1467.9775709739704 741.6911825937132 10.0 6.538559133186936
1467.8080743546025 741.6621853393799 10.0 6.555235133273527
1467.6381483352368 741.6331117576037 10.0 6.572444333229214
