1499.9995344094225 746.9999188759552 20.0 0.07629400002770126
1499.9981392802165 746.9996731629845 20.0 0.2836365334223956
1499.9958169987322 746.9992562969596 20.0 0.33133653341792524
1499.9925698515724 746.9986619946611 20.0 0.34800843335688114
1499.9884000299273 746.9978842418014 20.0 0.3647917334455997
1499.9833096337243 746.99691728156 20.0 0.3814597334712744
1499.9773006756016 746.9957556036076 20.0 0.3981321332976222
1499.9703750847118 746.9943939336011 20.0 0.4148015333339572
1499.9625347103633 746.992827223126 20.0 0.43158553331159055
1499.9537813255056 746.9910506400691 20.0 0.4482630332931876
1499.9441166300671 746.9890595594028 20.0 0.4649374333675951
1499.9335422541494 746.9868495543631 20.0 0.48161153332330287
1499.9220597610858 746.9844163880047 20.0 0.49828393338248134
1499.9096706503692 746.9817560051168 20.0 0.5149543334264308
1499.8963763604547 746.9788645244847 20.0 0.5316251334734261
1499.8821782714433 746.9757382314815 20.0 0.548297333298251
1499.86707770765 746.9723735709769 20.0 0.5649724332615733
1499.8510759400633 746.9687671405488 20.0 0.5819358334410936
1499.834174188699 746.9649156839855 20.0 0.5986046334728599
1499.8163736248541 746.9608160850642 20.0 0.6152769334148616
1499.7976753732637 746.956465361597 20.0 0.6319437334313989
1499.7780805141667 746.9518606597303 20.0 0.6486178333871067
1499.7575900852826 746.946999248488 20.0 0.6654777333606035
1499.7362050837041 746.9418785145482 20.0 0.682146133389324
1499.7139264677096 746.9364959572423 20.0 0.6996046332642436
1499.6907551584968 746.9308491837689 20.0 0.7164930333383381
1499.6666920418438 746.9249359046113 20.0 0.7331638333853334
1499.6417379696982 746.918753929151 20.0 0.7498367333319038
1499.615893761699 746.912301161469 20.0 0.7665096332784742
1499.5891602066333 746.9055755963265 20.0 0.7831819334533066
1499.5615380638303 746.8985753153163 20.0 0.79984883335419
1499.5330280644969 746.8912984831803 20.0 0.8165293333586305
1499.5036309129948 746.8837433442832 20.0 0.833198233274743
1499.4733472880646 746.875908219237 20.0 0.8498733334708959
1499.4421778439958 746.86779150167 20.0 0.8665432333946228
1499.4101232117484 746.8593916551341 20.0 0.8832169333472848
1499.3771840000265 746.8507072101435 20.0 0.8998900332953781
1499.3433607963045 746.8417367613405 20.0 0.9165660333819687
1499.3086541678108 746.8324789647825 20.0 0.9332335332874209
1499.2730646624698 746.8229325353442 20.0 0.9499233334790915
1499.236592809802 746.8130962442318 20.0 0.9665942334104329
1499.1992391217873 746.8029689166026 20.0 0.9832669333554804
1499.1610040936903 746.7925494292865 20.0 1.0001993332989514
1499.121888204851 746.7818367086055 20.0 1.0173996333032846
1499.0818919194414 746.7708297282854 20.0 1.0340729332529008
1499.0410156871894 746.7595275074573 20.0 1.0507406333927065
1498.9992599440725 746.7479291087443 20.0 1.0674911334645003
1498.9566251129813 746.7360336364303 20.0 1.0841610333882272
1498.9131116043548 746.7238402347065 20.0 1.100831133313477
1498.8687198167886 746.7113480859933 20.0 1.1175357333850116
1498.8234501376169 746.6985564093338 20.0 1.1411033333279192
1498.7773029434693 746.6854644588554 20.0 1.1577703333459795
1498.7302786008051 746.6720715222983 20.0 1.1744521334767342
1498.6823774664228 746.6583769196055 20.0 1.1911288334522396
1498.6335998879492 746.6443800015742 20.0 1.2078001333866268
1498.5839462043073 746.6300801485642 20.0 1.224471433321014
1498.5334167461635 746.6154767692615 20.0 1.2411440333817154
1498.4820118363568 746.6005692994952 20.0 1.25781653332524
1498.4297317903086 746.5853572011043 20.0 1.2744848334696144
1498.3765769164152 746.5698399608536 20.0 1.2911623334512115
1498.322547516424 746.5540170893954 20.0 1.3078294333536178
1498.267643885793 746.5378881202755 20.0 1.3245038334280252
1498.2118663140345 746.5214526089824 20.0 1.3411813334096223
1498.155215085046 746.5047101320363 20.0 1.3578572333790362
1498.0976904774238 746.4876602861175 20.0 1.3745257332921028
1498.0392927647665 746.4703026872319 20.0 1.391196533339098
1497.980022215963 746.4526369699121 20.0 1.4078677333891392
1497.9198790954686 746.4346627864529 20.0 1.4245357334148139
1497.8588636635711 746.4163798061793 20.0 1.44155693333596
1497.7969761766426 746.3977877147453 20.0 1.4582308332901448
1497.7342168873827 746.3788862134635 20.0 1.4749048333615065
1497.6705860450502 746.3596750186629 20.0 1.4915763332974166
1497.606083895685 746.3401538610741 20.0 1.5082474334631115
1497.540710682321 746.320322485241 20.0 1.5249148332513869
1497.474466645189 746.3001806489575 20.0 1.5415873334277421
1497.4073520219113 746.2797281227279 20.0 1.5582576333545148
1497.3393670476878 746.258964689251 20.0 1.5749263332691044
1497.270511955475 746.2378901429262 20.0 1.591650833375752
1497.2007869761553 746.2165042893797 20.0 1.6083186333999038
1497.130192338701 746.1948069450126 20.0 1.6249918334651738
1497.0587282703298 746.1727979365667 20.0 1.641888133250177
1496.9863949966548 746.1504771007096 20.0 1.6587724334094673
1496.913192741827 746.1278442836381 20.0 1.675507233478129
1496.8391217286724 746.1048993406969 20.0 1.69218123331666
1496.7641821788222 746.0816421360154 20.0 1.7088563332799822
1496.6883743128387 746.0580725421587 20.0 1.7255312334746122
1496.6116983503346 746.0341904397944 20.0 1.7422050333116204
1496.5341545100878 746.0099957173728 20.0 1.7588755334727466
1496.4557430101506 745.9854882708214 20.0 1.7755858334712684
1496.3764640679556 745.9606680032522 20.0 1.792256333399564
1496.2963179004144 745.9355348246814 20.0 1.8089273334480822
1496.215304724015 745.9100886517615 20.0 1.825595633359626
1496.1334247549128 745.8843294075241 20.0 1.8422684334218502
1496.0506782090185 745.8582570211344 20.0 1.8589372334536165
1495.9670653020821 745.8318714276555 20.0 1.8756357333622873
1495.8825862497733 745.8051725678239 20.0 1.8923061334062368
1495.7972412677582 745.7781603878328 20.0 1.9089761334471405
1495.7110305717722 745.7508348391264 20.0 1.9256587333511561
1495.623954377691 745.7231958782018 20.0 1.942326533375308
1495.5360129015976 745.6952434664199 20.0 1.958994233282283
1495.447206359846 745.6669775698247 20.0 1.9756647334434092
1495.357534969123 745.6383981589689 20.0 1.9923335334751755
1495.2669989465064 745.6095052087487 20.0 2.009014533367008
1495.1755985095217 745.5802986982445 20.0 2.025700033409521
1495.0833338761952 745.5507786105687 20.0 2.0423727333545685
1494.9902052651055 745.5209449327201 20.0 2.0590399333741516
1494.8962128954322 745.4907976554442 20.0 2.0757318334653974
1494.8013569870027 745.4603367731 20.0 2.092407933436334
1494.7056377603374 745.4295622835319 20.0 2.109326733276248
1494.6090554366915 745.3984741879472 20.0 2.126044433331117
1494.5116102380966 745.3670724907988 20.0 2.1427192334085703
1494.4133023873997 745.3353571996737 20.0 2.159637533361092
1494.3141321082992 745.3033283251846 20.0 2.1763050332665443
1494.214099625382 745.2709858808676 20.0 2.1929755334276706
1494.1132051641569 745.2383298830835 20.0 2.2096693334169686
1494.011448951086 745.2053603509236 20.0 2.226339733460918
1493.9088312136175 745.1720773061193 20.0 2.243009833386168
1493.8053521802137 745.1384807729555 20.0 2.259676633402705
1493.7010120803795 745.1045707781882 20.0 2.2763433333020657
1493.5958111446898 745.0703473509647 20.0 2.293018433265388
1493.4897496048147 745.0358105227481 20.0 2.3096892333123833
1493.3828276935437 745.0009603272445 20.0 2.3263627332635224
1493.27504564481 744.9657968003331 20.0 2.3430375333409756
1493.1664036937113 744.93031998 20.0 2.3597052332479507
1493.0569020765324 744.8945299062741 20.0 2.376373933395371
1492.9465410307646 744.8584266211657 20.0 2.3930420333053917
1492.835320795125 744.8220101686084 20.0 2.409716933267191
1492.7232416095749 744.7852805944028 20.0 2.4263892334420234
1492.610303715337 744.748237946163 20.0 2.4430610332638025
1492.496507354913 744.7108822732648 20.0 2.4597362333443016
1492.3818527720982 744.6732136267965 20.0 2.4764101332984865
1492.266340211997 744.6352320595121 20.0 2.49404333345592
1492.1499699210372 744.5969376257855 20.0 2.510719533311203
1492.0327421469835 744.5583303815679 20.0 2.5273922332562506
1491.9146571389508 744.5194103843456 20.0 2.5440620332956314
1491.795715147416 744.4801776931008 20.0 2.560756633291021
1491.6759164242299 744.4406323682733 20.0 2.5774251334369183
1491.5552612226275 744.400774471724 20.0 2.594095433363691
1491.43374979724 744.3606040667003 20.0 2.6107639332767576
1491.311382404103 744.3201212178019 20.0 2.6274356334470212
1491.1881593006674 744.2793259909495 20.0 2.644112033303827
1491.0640807458076 744.2382184533537 20.0 2.660779333440587
1490.9391469998297 744.1967986734857 20.0 2.6774503332562745
1490.8133583244799 744.1550667210487 20.0 2.694122033426538
1490.6867149829513 744.1130226669513 20.0 2.7107947333715856
1490.5592172398924 744.0706665832815 20.0 2.7274706333409995
1490.4308653614125 744.0279985432817 20.0 2.745302733266726
1490.3016596150885 743.9850186213246 20.0 2.7619706334080547
1490.1716002699704 743.9417268928911 20.0 2.7788271333556622
1490.0406875965878 743.8981234345478 20.0 2.795495233265683
1489.9089218669542 743.8542083239263 20.0 2.812164133414626
1489.7763033545725 743.809981639703 20.0 2.8288817333523184
1489.6428323344392 743.7654434615796 20.0 2.8455551334191114
1489.5085090830487 743.7205938702651 20.0 2.8622769333887845
1489.3733338783977 743.6754329474576 20.0 2.8789490333292633
1489.2373069999885 743.6299607758272 20.0 2.8956166333518922
1489.1004287288329 743.5841774390002 20.0 2.9122870333958417
1488.9626993474546 743.538083021543 20.0 2.928954033413902
1488.8241191398931 743.4916776089472 20.0 2.9457093332894146
1488.6846883917058 743.444961287615 20.0 2.9623805333394557
1488.5444073899705 743.3979341448457 20.0 2.979051133384928
1488.4032764232882 743.3505962688223 20.0 2.9957182332873344
1488.2612957817844 743.3029477485983 20.0 3.0123938333708793
1488.1184657571118 743.2549886740861 20.0 3.029080433305353
1487.9747866424516 743.206719136045 20.0 3.0457847332581878
1487.8302587325145 743.1581392260696 20.0 3.0624648332595825
1487.6848823235428 743.1092490365795 20.0 3.0791342332959175
1487.5386577133113 743.0600486608084 20.0 3.0958156334236264
1487.391585201128 743.0105381927945 20.0 3.112494433298707
1487.2436650878356 742.9607177273704 20.0 3.1291612333152443
1487.0948976758111 742.9105873601543 20.0 3.1458302333485335
1486.9452832689678 742.8601471875409 20.0 3.162498833378777
1486.7948221727545 742.8093973066927 20.0 3.1791728334501386
1486.643514694156 742.7583378155323 20.0 3.1958448332734406
1486.4913611416937 742.7069688127337 20.0 3.2125163334421813
1486.3383618254254 742.6552903977157 20.0 3.229210733436048
1486.184517056945 742.6033026706334 20.0 3.245882833376527
1486.0298271493825 742.5510057323723 20.0 3.262556333327666
1485.874292417404 742.4983996845407 20.0 3.2792303333990276
1485.7179131772104 742.4454846294635 20.0 3.2958997334353626
1485.560689746538 742.3922606701759 20.0 3.312574233394116
1485.4026224446566 742.3387279104173 20.0 3.329247933346778
1485.2437115923703 742.2848864546254 20.0 3.3459246333222836
1485.0839575120156 742.2307364079306 20.0 3.3625962333753705
1484.9233605274603 742.1762778761506 20.0 3.3792699333280325
1484.761920964104 742.1215109657852 20.0 3.3959511334542185
1484.5996391488757 742.066435784011 20.0 3.412617933470756
1484.436515410233 742.0110524386769 20.0 3.429287433391437
1484.2725500781612 741.9553610382989 20.0 3.4459601333364844
1484.107743484172 741.8993616920561 20.0 3.4626380333211273
1483.942095961302 741.8430545097859 20.0 3.4793109332676977
1483.7756078441107 741.7864396019799 20.0 3.496131533291191
1483.6082794686806 741.7295170797794 20.0 3.5128062332514673
1483.4401111726145 741.6722870549723 20.0 3.529475533403456
1483.271103295034 741.6147496399884 20.0 3.5461448333226144
1483.1012561765783 741.5569049478961 20.0 3.5628222334198654
1482.9305701594021 741.4987530923985 20.0 3.5794917333405465
1482.7590455871743 741.4402941878301 20.0 3.5965628332924098
1482.5866828050755 741.3815283491535 20.0 3.6132650333456695
1482.413482159797 741.322455691956 20.0 3.6301949333865196
1482.2394439995385 741.263076332446 20.0 3.646865333430469
1482.064568674006 741.2033903874507 20.0 3.663666333304718
1481.8888565344103 741.1433979744126 20.0 3.68034033337608
1481.7123079334642 741.0830992113864 20.0 3.6970269333105534
1481.5349232253814 741.0224942170366 20.0 3.7137055334169418
1481.3567027658737 740.9615831106346 20.0 3.7303775334730744
1481.1776469121492 740.9003660120557 20.0 3.74704633327201
1480.99775602291 740.8388430417767 20.0 3.7637142334133387
1480.8170304583498 740.7770143208737 20.0 3.780381733318791
1480.6354705801523 740.7148799710191 20.0 3.7970622333232313
1480.4530767514882 740.6524401144791 20.0 3.8137419333215803
1480.2698493370133 740.5896948741117 20.0 3.830418033292517
1480.0857887028658 740.5266443733645 20.0 3.8470847334247082
1479.9008952166641 740.463288736272 20.0 3.8637555334717035
1479.715169247505 740.3996280874536 20.0 3.880446433322504
1479.52861116596 740.3356625521114 20.0 3.8971146333497018
1479.341221344074 740.2713922560283 20.0 3.913814533269033
1479.1530001553622 740.2068173255656 20.0 3.9304909333586693
1478.9639479748078 740.141937887661 20.0 3.9471600332763046
1478.7740651788592 740.0767540698271 20.0 3.963830533437431
1478.583352145428 740.0112660001487 20.0 3.9805073332972825
1478.391809253886 739.9454738072817 20.0 3.997181633254513
1478.1994368850624 739.8793776204506 20.0 4.013855533441529
1478.0062354212414 739.8129775694468 20.0 4.030566033441573
1477.8122052461597 739.7462737846272 20.0 4.04723483347334
1477.6173467450037 739.6792663969117 20.0 4.0641596333589405
1477.4216603044065 739.611955537782 20.0 4.080944133456796
1477.2251463124458 739.5443413392799 20.0 4.097617733292282
1477.0278051586406 739.4764239340052 20.0 4.114287633448839
1476.8296372339487 739.4082034551144 20.0 4.130959533387795
1476.6306429307638 739.3396800363189 20.0 4.147634333465248
1476.430822642913 739.2708538118834 20.0 4.164341333322227
1476.2301767656534 739.2017249166242 20.0 4.181016833288595
1476.02870569567 739.1322934859079 20.0 4.197693033376709
1475.8264098310722 739.0625596556495 20.0 4.214551033452153
1475.6232895713913 738.9925235623109 20.0 4.231218533357605
1475.4193453175776 738.9221853428999 20.0 4.247885933378711
1475.2145774719975 738.8515451349678 20.0 4.264564833370969
1475.0089864384302 738.7806030766087 20.0 4.281238033436239
1474.8025726220656 738.7093593064577 20.0 4.297914233291522
1474.5953364295003 738.6378139636893 20.0 4.314689733320847
1474.3872782687356 738.5659671880161 20.0 4.331506333313882
1474.178398549174 738.4938191196875 20.0 4.348182233283296
1473.9686976816165 738.421369899488 20.0 4.364857733249664
1473.7581760782589 738.3486196687361 20.0 4.381529333302751
1473.54683415269 738.2755685692824 20.0 4.3981961333192885
1473.3346723198877 738.202216743509 20.0 4.414875533431768
1473.1216909962159 738.1285643343272 20.0 4.431552133290097
1472.9078905994218 738.0546114851768 20.0 4.448227133369073
1472.693271548633 737.9803583400244 20.0 4.464903833344579
1472.4778342643542 737.9058050433623 20.0 4.481578833423555
1472.2615791684639 737.830951740207 20.0 4.498248733347282
1472.0445066842115 737.7557985760977 20.0 4.514919233275577
1471.8266172362141 737.6803456970954 20.0 4.53165373345837
1471.6079112504538 737.6045932497809 20.0 4.548331533325836
1471.3883891542737 737.5285413812544 20.0 4.565005533397198
1471.168051376376 737.4521902391332 20.0 4.581684533273801
1470.9468983468178 737.3755399715511 20.0 4.598407533252612
1470.724930497008 737.2985907271569 20.0 4.615081733325496
1470.5021482597047 737.221342655113 20.0 4.631754033267498
1470.2785520690118 737.143795905094 20.0 4.648477033479139
1470.0541423603754 737.0659506272858 20.0 4.665153733454645
1469.8289195705815 736.987806972384 20.0 4.68183353333734
1469.6028841377517 736.9093650915926 20.0 4.698516933480278
1469.3760365013406 736.830625136623 20.0 4.715186333283782
1469.1483771021326 736.7515872596923 20.0 4.731862633256242
1468.9199063822382 736.6722516135225 20.0 4.7486433333251625
1468.6906247850916 736.5926183513387 20.0 4.765315833268687
1468.4605327554464 736.5126876268686 20.0 4.781988233327866
1468.2296307393733 736.4324595943401 20.0 4.798658833373338
1467.997919184256 736.3519344084813 20.0 4.815487233456224
1467.7653985387883 736.2711122245181 20.0 4.832158533390611
1467.532069252971 736.1899931981739 20.0 4.8488280333112925
1467.2979317781085 736.1085774856674 20.0 4.865504033397883
1467.062986566805 736.0268652437123 20.0 4.882179533364251
1466.8272340729616 735.9448566295154 20.0 4.8988503334112465
1466.5906747517733 735.8625518007752 20.0 4.915523233357817
1466.3533090597252 735.7799509156815 20.0 4.932191633386537
1466.115137454589 735.6970541329133 20.0 4.948866033460945
1465.8761603954204 735.6138616116377 20.0 4.965540233300999
1465.6363783425545 735.5303735115091 20.0 4.982224133331329
1465.395791757604 735.4465899926674 20.0 4.998895833268762
1465.1544011034546 735.3625112157371 20.0 5.015562633285299
1464.912206844262 735.2781373418258 20.0 5.032235433347523
1464.669209445449 735.1934685325231 20.0 5.049119433388114
1464.4254093737013 735.1085049498994 20.0 5.065793333342299
1464.1808070969646 735.0232467565044 20.0 5.0824676332995296
1463.9354030844408 734.9376941153661 20.0 5.099136433331296
1463.6891978065855 734.8518471899894 20.0 5.115805333480239
1463.4421917351033 734.7657061443548 20.0 5.132502633379772
1463.1943853429455 734.6792711429174 20.0 5.149175433441997
1462.9457791043058 734.5925423506053 20.0 5.165843133348972
1462.6963734946173 734.5055199328185 20.0 5.182599833467975
1462.4461689905495 734.4182040554279 20.0 5.1994411332998425
1462.1951660700036 734.3305948847733 20.0 5.216111933346838
1461.9433652121104 734.2426925876632 20.0 5.2327856332995
1461.6907668972258 734.1544973313726 20.0 5.250094533432275
1461.437371606928 734.0660092836421 20.0 5.266788633307442
1461.1831798240141 733.9772286126768 20.0 5.283470533322543
1460.9281920324954 733.8881554871447 20.0 5.300153433345258
1460.6724087175958 733.7987900761758 20.0 5.317350533325225
1460.4158303657466 733.7091325493606 20.0 5.334021733375266
1460.1584574645842 733.6191830767488 20.0 5.350693633314222
1459.9002905029458 733.528941828848 20.0 5.3673642333596945
1459.6413299708663 733.4384089766229 20.0 5.384168533375487
1459.3815763595749 733.3475846914932 20.0 5.400849133264273
1459.121030161491 733.2564691453332 20.0 5.417522633448243
1458.8596918702215 733.1650625104699 20.0 5.434194533387199
1458.5975619805565 733.073364959682 20.0 5.451594233280048
1458.3346409884662 732.9813766661986 20.0 5.468267633346841
1458.070929391097 732.8890978036978 20.0 5.485027733258903
1457.8064276867685 732.7965285463058 20.0 5.501694633392617
1457.5411363749697 732.703669068595 20.0 5.518363733310252
1457.275055956355 732.6105195455832 20.0 5.535040633287281
1457.0081869327412 732.5170801527322 20.0 5.551717033376917
1456.7405298071037 732.4233510659465 20.0 5.568391933338717
1456.4720850835733 732.3293324615719 20.0 5.585060633253306
1456.2028532674321 732.2350245163944 20.0 5.601735333446413
1455.93283486511 732.1404274076391 20.0 5.618416833458468
1455.662030384181 732.0455413129681 20.0 5.635086833266541
1455.3904403333604 731.9503664104801 20.0 5.651760233333334
1455.1180652225005 731.8549028787088 20.0 5.668651033425704
1454.844905562587 731.7591508966215 20.0 5.685321433469653
1454.5709618657356 731.6631106436178 20.0 5.701991433277726
1454.2962346451886 731.5667822995284 20.0 5.718663833336905
1454.0207244153105 731.4701660446141 20.0 5.73552293330431
1453.7444316915853 731.3732620595638 20.0 5.752272833371535
1453.4673569906124 731.2760705254937 20.0 5.768942133290693
1453.189500830103 731.1785916239459 20.0 5.785705333342776
1452.9108637288766 731.0808255368872 20.0 5.802375333383679
1452.6314462068572 730.9827724467076 20.0 5.81913603330031
1452.3512487850699 730.884432536219 20.0 5.835802833316848
1452.0702719856372 730.7858059886541 20.0 5.8524764333851635
1451.788516331775 730.686892987665 20.0 5.869146933313459
1451.5059823477895 730.5876937173216 20.0 5.885818533366546
1451.2226705590733 730.4882083621109 20.0 5.902486633276567
1450.9385814921013 730.3884371069349 20.0 5.91915383329615
1450.653715674428 730.2883801371103 20.0 5.935825533466414
1450.368073634683 730.188037638366 20.0 5.952529633417726
1450.0816559025677 730.087409796843 20.0 5.969202833250165
1449.7944630088516 729.9864967990918 20.0 5.985870733391494
1449.5064954853685 729.8852988320723 20.0 6.002539833309129
1449.217753865013 729.7838160831517 20.0 6.0192077334504575
1448.928238681737 729.6820487401035 20.0 6.035927533404902
1448.637950470545 729.5799969911061 20.0 6.052623333409429
1448.346889767492 729.4776610247413 20.0 6.06929283333011
1448.0550571096785 729.3750410299934 20.0 6.085965433390811
1447.7624530352473 729.2721371962475 20.0 6.10263273329474
1447.46907808338 729.1689497132883 20.0 6.119321333477274
1447.174932794293 729.0654787712986 20.0 6.135988533264026
1446.8800177092337 728.9617245608583 20.0 6.1526649333536625
1446.5843333704772 728.857687272943 20.0 6.169331933371723
1446.2878803213225 728.7533670989226 20.0 6.186003033304587
1445.9906591060885 728.6487642305596 20.0 6.202670033322647
1445.6926702701103 728.5438788600084 20.0 6.219344633398578
1445.3939143597358 728.4387111798135 20.0 6.236017633462325
1445.0943919223218 728.3332613829085 20.0 6.2526937334332615
1444.7941035062304 728.2275296626146 20.0 6.269366833381355
1444.493049660825 728.1215162126391 20.0 6.286050133407116
1444.1912309364668 728.0152212270743 20.0 6.302726433379576
1443.8886478845113 727.9086449003961 20.0 6.319400833453983
1443.585301057304 727.8017874274625 20.0 6.336077933432534
1443.2811910081766 727.6946490035126 20.0 6.352747733471915
1442.9763182914444 727.587229824165 20.0 6.369415033375844
1442.6706834624015 727.4795300854164 20.0 6.386085933307186
1442.364287077317 727.3715499836404 20.0 6.402755733346567
1442.057129693432 727.2632897155862 20.0 6.419422433478758
1441.7492118689554 727.1547494783771 20.0 6.436092833289877
1441.4405341630602 727.0459294695091 20.0 6.4537500333972275
1441.1310971358796 726.9368298868499 20.0 6.47041753330268
1440.8209013485036 726.8274509286371 20.0 6.487124933395535
1440.509947362975 726.7177927934771 20.0 6.503793433308601
1440.1982357422858 726.6078556803438 20.0 6.520464033354074
1439.885767050373 726.4976397885773 20.0 6.537138633430004
1439.5725418521158 726.3871453178821 20.0 6.5538138332776725
1439.258560713331 726.2763724683261 20.0 6.570491033373401
1438.943824200769 726.1653214403394 20.0 6.587161633418873
1438.6283328821114 726.0539924347125 20.0 6.6038283333182335
1438.3120873259659 725.9423856525954 20.0 6.620495133334771
1437.9950881018626 725.8305012954957 20.0 6.637172433314845
1437.6773357802515 725.7183395652778 20.0 6.653848333284259
1437.358830932497 725.6059006641614 20.0 6.6705223333556205
1437.0395741308757 725.4931847947198 20.0 6.687195133417845
1436.7195659485715 725.3801921598789 20.0 6.703868533251807
1436.3988069596721 725.2669229629157 20.0 6.720535233383998
1436.077297739166 725.1533774074569 20.0 6.737206333316863
1435.7550388629375 725.0395556974777 20.0 6.753874333342537
1435.4320309077639 724.9254580373002 20.0 6.770545433275402
1435.1082744513112 724.8110846315924 20.0 6.787215733435005
1434.7837700721307 724.6964356853663 20.0 6.8038942334242165
1434.4585183496545 724.581511403977 20.0 6.820594233460724
1434.1325198641925 724.4663119931209 20.0 6.837265933398157
1433.8057751969286 724.3508376588352 20.0 6.853933933423832
1433.4782849299163 724.2350886074953 20.0 6.870604133466259
1433.1500496460753 724.1190650458144 20.0 6.887279333313927
1432.821069929188 724.0027671808417 20.0 6.903948533348739
1432.4913463638952 723.8861952199611 20.0 6.920738733373582
1432.1608795356924 723.7693493708899 20.0 6.937415333464742
1431.8296700309263 723.6522298416774 20.0 6.954090633429587
1431.4977184367908 723.5348368407034 20.0 6.970764533383772
1431.1650253413234 723.4171705766771 20.0 6.987438033334911
1430.831591333401 723.2992312586356 20.0 7.004109333269298
1430.4974170027372 723.1810190959422 20.0 7.020783933345228
1430.1625029398765 723.0625342982858 20.0 7.037460433319211
1429.8268497361926 722.9437770756784 20.0 7.054136033402756
1429.4904579838835 722.8247476384552 20.0 7.0708123333752155
1429.153328275968 722.7054461972716 20.0 7.087482633301988
1428.815461206282 722.5858729631032 20.0 7.104154033353552
1428.4768573694741 722.4660281472436 20.0 7.120821133255959
1428.137517361003 722.3459119613034 20.0 7.137490033404902
1427.797441777132 722.2255246172086 20.0 7.154166833264753
1427.4566312149273 722.1048663271996 20.0 7.170930533437058
1427.1150862722527 721.9839373038292 20.0 7.187600233359262
1426.772807547766 721.8627377599619 20.0 7.204270533286035
1426.429795640916 721.7412679087719 20.0 7.220941433450207
1426.0860511519375 721.6195279637423 20.0 7.237610933370888
1425.7415746818485 721.4975181386633 20.0 7.254281633300707
1425.3963668324466 721.3752386476311 20.0 7.270993533311412
1425.0504282063039 721.2526897050465 20.0 7.287665533367544
1424.7037594067642 721.1298715256131 20.0 7.304333633277565
1424.3563610379395 721.0067843243365 20.0 7.321003733435646
1424.0082337047054 720.8834283165227 20.0 7.337673333473504
1423.6593780126977 720.7598037177765 20.0 7.354569633258507
1423.3097945683087 720.6359107440006 20.0 7.3712394332978874
1422.959483978683 720.5117496113937 20.0 7.387909233337268
1422.6084468517142 720.3873205364495 20.0 7.404593333369121
1422.2566837960412 720.2626237359551 20.0 7.4212675334420055
1421.9041954210438 720.13765942699 20.0 7.437944933306426
1421.5509823368395 720.0124278269241 20.0 7.454615433467552
1421.1970451542793 719.8869291534168 20.0 7.471286833286285
1420.842384484944 719.7611636244154 20.0 7.487956833327189
1420.4870009411409 719.6351314581541 20.0 7.504629033384845
1420.1308951358997 719.508832873152 20.0 7.521302833454683
1419.774067682968 719.3822680882122 20.0 7.537976933410391
1419.416519196809 719.2554373224202 20.0 7.554646933451295
1419.0582502925968 719.1283407951429 20.0 7.571318333270028
1418.699261586212 719.0009787260266 20.0 7.588209433248267
1418.3395536942398 718.873351334996 20.0 7.60492223338224
1417.9791272339644 718.7454588422529 20.0 7.621589733287692
1417.617982823366 718.6173014682746 20.0 7.638263533357531
1417.256121081117 718.4888794338128 20.0 7.654932633275166
1416.8935426265784 718.3601929598918 20.0 7.671606033341959
1416.5302480797957 718.2312422678076 20.0 7.688278833404183
1416.1662380614953 718.1020275791262 20.0 7.704952933359891
1415.8015131930806 717.9725491156823 20.0 7.721622433280572
1415.4360740966288 717.8428070995781 20.0 7.7382911334279925
1415.069921394886 717.7128017531815 20.0 7.754969233414158
1414.7030557112648 717.5825332991252 20.0 7.7718080333434045
1414.3354776698393 717.4520019603052 20.0 7.788477333262563
1413.9671878953422 717.3212079598793 20.0 7.8051448334008455
1413.598187013161 717.1901515212658 20.0 7.8218225333839655
1413.2284756493334 717.058832868142 20.0 7.8384977334644645
1412.8580544305448 716.9272522244429 20.0 7.855168733280152
1412.4869239841235 716.7954098143603 20.0 7.871843933360651
1412.1150849380374 716.6633058623404 20.0 7.8885145334061235
1411.7425379208905 716.5309405930835 20.0 7.905181433307007
1411.3692835619188 716.398314231542 20.0 7.921849133446813
1410.9953224909862 716.2654270029192 20.0 7.9385253333020955
1410.6206553385816 716.1322791326678 20.0 7.955193433444947
1410.245282735815 715.9988708464888 20.0 7.971861233469099
1409.8692053144127 715.8652023703299 20.0 7.988538233330473
1409.4924237067153 715.7312739303845 20.0 8.00550033338368
1409.1149385456724 715.5970857530897 20.0 8.022175433347002
1408.73675046484 715.4626380651254 20.0 8.038849133299664
1408.357860098376 715.3279310934126 20.0 8.055523733375594
1407.9782680810367 715.1929650651128 20.0 8.072328533278778
1407.5979750481736 715.0577402076258 20.0 8.089001033455133
1407.2169816357286 714.9222567485883 20.0 8.105668933363631
1406.8352884802316 714.7865149158733 20.0 8.122358033433557
1406.4528962187958 714.6505149375882 20.0 8.139027933357283
1406.069805489114 714.5142570420736 20.0 8.155698933405802
1405.6860169294557 714.3777414579016 20.0 8.172368933446705
1405.3015311786623 714.2409684138748 20.0 8.189035633346066
1404.9163488761446 714.1039381390251 20.0 8.205706933280453
1404.530470661878 713.9666508626119 20.0 8.222406833432615
1404.1438971763996 713.829106814121 20.0 8.23908183327876
1403.7566290608036 713.691306223263 20.0 8.255750133423135
1403.3686669567387 713.5532493199725 20.0 8.272418333450332
1402.9800115064038 713.4149363344059 20.0 8.2896154334303
1402.5906633525444 713.2763674969408 20.0 8.306286533363163
1402.2006231384487 713.1375430381743 20.0 8.32295953342691
1401.8098915079443 712.9984631889216 20.0 8.340339833404869
1401.4184691053943 712.8591281802151 20.0 8.357011933345348
1401.0263565756934 712.7195382433022 20.0 8.373688533436507
1400.633554564265 712.5796936096447 20.0 8.390358933247626
1400.2400637170567 712.4395945109171 20.0 8.407030833419412
1399.845884680537 712.2992411790055 20.0 8.423700333340093
1399.4510181016915 712.158633846006 20.0 8.44036743347533
1399.0554646280195 712.0177727442233 20.0 8.457036533392966
1398.65922490753 711.8766581061698 20.0 8.473707333439961
1398.2622995887382 711.7352901645636 20.0 8.490380933275446
1397.864689320662 711.5936691523278 20.0 8.507048733299598
1397.4663947528177 711.4517953025888 20.0 8.52372243325226
1397.0674165352177 711.3096688486748 20.0 8.540396733442321
1396.6677553183654 711.167290024115 20.0 8.557070333277807
1396.2674117532522 711.0246590626376 20.0 8.573739433428273
1395.866386491354 710.8817761981692 20.0 8.590451933443546
1395.4646801846272 710.7386416648326 20.0 8.607120733475313
1395.0622934855057 710.5952556969462 20.0 8.623799433466047
1394.6592270468964 710.4516185290223 20.0 8.640476333443075
1394.255481522176 710.3077303957658 20.0 8.657145133474842
1393.8510575651878 710.163591532073 20.0 8.673818333307281
1393.4459558302374 710.0192021730303 20.0 8.69066183338873
1393.0401769720893 709.8745625539124 20.0 8.707332333317026
1392.6337216459633 709.7296729101814 20.0 8.72399983345531
1392.2265905075315 709.5845334774856 20.0 8.740671633277088
1391.8187842129132 709.4391444916577 20.0 8.757348133251071
1391.4103034186733 709.2935061887139 20.0 8.774019333301112
1391.001148781817 709.1476188048522 20.0 8.79072073334828
1390.591320959787 709.0014825764515 20.0 8.807390933390707
1390.18082061046 708.8550977400699 20.0 8.824061133433133
1389.7696483921425 708.7084645324435 20.0 8.840742933331057
1389.3578049635678 708.5615831904851 20.0 8.857418233295903
1388.9452909838924 708.4144539512829 20.0 8.874266833299771
1388.5321071126923 708.2670770520992 20.0 8.890952833462507
1388.118254009959 708.1194527303691 20.0 8.907629333436489
1387.7037323360967 707.9715812236988 20.0 8.924300633370876
1387.2885427519184 707.8234627698648 20.0 8.940977133344859
1386.8726859186422 707.6750976068125 20.0 8.957682033302262
1386.4561624978878 707.5264859726547 20.0 8.974354833364487
1386.0389731516734 707.3776281056702 20.0 8.991027433425188
1385.6211185424113 707.2285242443028 20.0 9.007704333402216
1385.2025993329053 707.0791746271598 20.0 9.024378533475101
1384.7834161863461 706.9295794930108 20.0 9.041055333334953
1384.3635697663092 706.7797390807863 20.0 9.057771333260462
1383.94306073675 706.6296536295762 20.0 9.074446433456615
1383.5218897620011 706.479323378629 20.0 9.091120833298191
1383.1000575067685 706.3287485673502 20.0 9.107792833354324
1382.6775646361277 706.1779294353007 20.0 9.124627933371812
1382.2544118155213 706.0268662221962 20.0 9.141296233283356
1381.8305997107543 705.8755591679052 20.0 9.157967433333397
1381.4061289879912 705.7240085124482 20.0 9.174637133255601
1380.9810003137525 705.5722144959963 20.0 9.191331633366644
1380.5552143549112 705.4201773588694 20.0 9.208003133302554
1380.128771778689 705.2678973415358 20.0 9.225201933411881
1379.701673252653 705.1153746846102 20.0 9.24187403335236
1379.2739194447129 704.9626096288528 20.0 9.258548533311114
1378.845511023116 704.8096024151675 20.0 9.275222333380952
1378.416448656445 704.6563532846016 20.0 9.291911033447832
1377.9867330136144 704.5028624783432 20.0 9.308579733362421
1377.5563647638667 704.3491302377212 20.0 9.325255833333358
1377.125344576769 704.195156804203 20.0 9.342089333338663
1376.6936731222097 704.0409424193938 20.0 9.358758733374998
1376.2613510703945 703.8864873250352 20.0 9.37542763329111
1375.8283790918442 703.7317917630038 20.0 9.392098633339629
1375.39475785739 703.5768559753101 20.0 9.408772033406422
1374.9604880381705 703.421680204097 20.0 9.425448733381927
1374.5255703056287 703.2662646916389 20.0 9.44211873342283
1374.0900053315079 703.1106096803398 20.0 9.458788233343512
1373.6537937878488 702.954715412733 20.0 9.475456933258101
1373.216936346986 702.7985821314786 20.0 9.49212763342075
1372.779433681544 702.6422100793634 20.0 9.508798333350569
1372.3412864644351 702.4855994992988 20.0 9.525468933396041
1371.9024953688543 702.32875063432 20.0 9.542136733420193
1371.4630610682773 702.1716637275847 20.0 9.559050933457911
1371.0229842364565 702.0143390223716 20.0 9.575728033436462
1370.582265547418 701.8567767620792 20.0 9.592402933398262
1370.1409056754578 701.6989771902249 20.0 9.609072733437642
1369.6989052951383 701.5409405504432 20.0 9.625746733276173
1369.2562650812856 701.3826670864848 20.0 9.642425033263862
1368.812985708986 701.2241570422154 20.0 9.65909973345697
1368.3690678535816 701.0654106616142 20.0 9.675771933281794
1367.9245121906686 700.9064281887728 20.0 9.692439733305946
1367.4793193960927 700.7472098678938 20.0 9.70911563327536
1367.0334901459466 700.58775594329 20.0 9.725788133451715
1366.5870251165659 700.4280666593824 20.0 9.742466033436358
1366.139924984526 700.2681422606997 20.0 9.759231133386493
1365.6921904266394 700.107982991877 20.0 9.77667873329483
1365.2438221199516 699.9475890976536 20.0 9.793355433270335
1364.7948207417382 699.7869608228732 20.0 9.810030333464965
1364.3451869695016 699.6260984124816 20.0 9.826704033417627
1363.894921480967 699.4650021115259 20.0 9.84337773337029
1363.4440249540805 699.3036721651532 20.0 9.860057633370161
1362.9924980670046 699.1421088186094 20.0 9.876733733341098
1362.5403414981151 698.9803123172378 20.0 9.893407033290714
1362.0875559259987 698.8182829064783 20.0 9.91008033347316
1361.6341420294484 698.6560208318657 20.0 9.926752533297986
1361.1801004874612 698.4935263390287 20.0 9.943428833270445
1360.7254319792346 698.3307996736886 20.0 9.960105033358559
1360.270137184163 698.1678410816584 20.0 9.976780633442104
1359.8142167818355 698.0046508088409 20.0 9.993448333349079
1359.357671452031 697.8412291012285 20.0 10.010514033259824
1358.900501874716 697.6775762049008 20.0 10.027181833283976
1358.4427087300417 697.5136923660244 20.0 10.043849033303559
1357.9842926983401 697.3495778308513 20.0 10.060528733301908
1357.525254460121 697.1852328457176 20.0 10.077195433434099
1357.0655946960685 697.0206576570421 20.0 10.093867833260447
1356.6053140870383 696.8558525113258 20.0 10.110538833308965
1356.1444133140544 696.6908176551502 20.0 10.127207233337685
1355.6828930583054 696.5255533351761 20.0 10.143877033377066
1355.2207540011418 696.3600597981426 20.0 10.160554833477363
1354.757996824073 696.1943372908656 20.0 10.177226933417842
1354.2946222087633 696.0283860602372 20.0 10.193896233337
1353.8306308370293 695.8622063532235 20.0 10.210582333384082
1353.366023390837 695.6957984168648 20.0 10.227252133423463
1352.900800552298 695.5291624982732 20.0 10.24392313347198
1352.434963003667 695.3622988446319 20.0 10.260597833432257
1351.9685114273377 695.1952077031941 20.0 10.277267733355984
1351.501446505841 695.0278893212817 20.0 10.29393853340298
1351.0337689218402 694.860343946284 20.0 10.310616733273491
1350.5654793581296 694.6925718256571 20.0 10.327292533358559
1350.09657849763 694.5245732069217 20.0 10.343963933410123
1349.6270670233864 694.3563483376629 20.0 10.360632633324713
1349.1569456185648 694.1878974655285 20.0 10.377300333464518
