1499.9998808064922 697.0 5.000017416492178 0.07953029999043792
1499.9995232526094 697.0 5.000070853406336 0.2977309334091842
1499.998927370365 697.0 5.000162045356794 0.337831033510156
1499.9980931889274 697.0 5.00029266673647 0.3544983334140852
1499.9970207345814 697.0 5.000464333848413 0.37117293349001557
1499.9957100306901 697.0 5.000678606963538 0.3878459334373474
1499.9941610976591 697.0 5.000936992307117 0.40451463346835226
1499.9923739529017 697.0 5.00124094397649 0.4211829334963113
1499.990348610805 697.0 5.001591865792386 0.4378526334185153
1499.988085082698 697.0 5.001991113086146 0.45452633348759264
1499.9855833768192 697.0 5.002439994425084 0.471201233449392
1499.9828434982871 697.0 5.0029397732781105 0.48787623341195285
1499.979865449071 697.0 5.003491669623701 0.5045489334734157
1499.976649227962 697.0 5.004096861502204 0.5212280334671959
1499.9731948305468 697.0 5.004756486514415 0.5379000334069133
1499.9695022491808 697.0 5.005471643268274 0.5545695334440097
1499.9655714729622 697.0 5.006243392775494 0.5712912334129214
1499.9614024877085 697.0 5.007072759799845 0.587965433485806
1499.956995275932 697.0 5.007960734158769 0.6046390334377065
1499.9523498168176 697.0 5.008908271979946 0.6213079334702343
1499.9474660861995 697.0 5.00991629691437 0.6379845334449783
1499.942344056541 697.0 5.010985701307437 0.6546548334881663
1499.9369836969138 697.0 5.012117347329504 0.6713230335153639
1499.9313849729767 697.0 5.01331206806732 0.687996533466503
1499.925547846958 697.0 5.014570668577683 0.7046665335074067
1499.9194722776351 697.0 5.0158939269046305 0.7213426334783435
1499.9131582203186 697.0 5.017282595061433 0.7381276334635913
1499.9066056268327 697.0 5.018737399978593 0.7548012334154919
1499.8998144454995 697.0 5.020259044419048 0.7714685334358364
1499.8927846211225 697.0 5.021848207861695 0.7881422335049137
1499.8855160949706 697.0 5.023505547354341 0.8048161334590986
1499.878008804763 697.0 5.025231698337135 0.8214926334330812
1499.8702626846543 697.0 5.0270272754375105 0.8381662335013971
1499.86227766522 697.0 5.028892873237614 0.8548359334236011
1499.8540536734426 697.0 5.030829067015177 0.8715030334424227
1499.8455906326988 697.0 5.032836413458758 0.888172933482565
1499.8368884627453 697.0 5.034915451358224 0.9048551334999502
1499.827947079707 697.0 5.03706670227135 0.9215244334191084
1499.8187663960648 697.0 5.0392906711673415 0.9381972334813327
1499.8093463206433 697.0 5.041587847048103 0.9548644335009158
1499.7996867585994 697.0 5.043958703547996 0.9721917334245518
1499.789787611411 697.0 5.046403699512856 0.9888592334464192
1499.779648776866 697.0 5.04892327955897 1.0055318335071206
1499.7692701490525 697.0 5.05151787461271 1.0222074334742501
1499.7586516183478 697.0 5.054187902431502 1.038879333413206
1499.7477930714085 697.0 5.056933768106769 1.055548733449541
1499.736694391161 697.0 5.05975586454947 1.0722238334128633
1499.7253554567924 697.0 5.0626545729588415 1.0888980334857479
1499.71377614374 697.0 5.065630263274922 1.1060475334525108
1499.7019563236843 697.0 5.068683294615425 1.1227835334138945
1499.6898958645384 697.0 5.07181401569749 1.1394591334974393
1499.6775946304408 697.0 5.075022765244849 1.1561288334196433
1499.665052481747 697.0 5.07830987238091 1.1727965334430337
1499.6522692750202 697.0 5.081675657008232 1.1894647334702313
1499.6392448630256 697.0 5.0851204301748885 1.2061334335012361
1499.6259790947204 697.0 5.08864449442814 1.2228146335110068
1499.6124718152478 697.0 5.0922481441558896 1.2394833334255964
1499.5987228659292 697.0 5.095931665916319 1.256340433494188
1499.5847320842568 697.0 5.099695338756122 1.273063333472237
1499.5704993038867 697.0 5.10353943451774 1.2897926334990188
1499.5560243546324 697.0 5.1074642181359575 1.3064621334197
1499.5413070624577 697.0 5.111469947924259 1.3231388335116208
1499.5263472494696 697.0 5.115556875851261 1.3398133334703743
1499.5111447339125 697.0 5.1197252478076045 1.356484433519654
1499.4956993301619 697.0 5.123975303863607 1.3731583334738389
1499.4800108487175 697.0 5.128307278518006 1.389829833409749
1499.4640790961973 697.0 5.132721400938108 1.4065005334559828
1499.4479038753323 697.0 5.137217895191626 1.4231766334269196
1499.4314849849588 697.0 5.141796980470511 1.4398439334472641
1499.4148222200142 697.0 5.146458871307036 1.456511733471416
1499.3979153715306 697.0 5.151203777782418 1.4731869334354997
1499.380764226629 697.0 5.156031905728224 1.5093126334249973
1499.3633685685136 697.0 5.160943456920817 1.525980633450672
1499.3457281764665 697.0 5.1659386292690845 1.542702833423391
1499.327842825842 697.0 5.171017616995671 1.559375333483331
1499.3097122880613 697.0 5.176180610811959 1.5760509334504604
1499.291336330607 697.0 5.181427798086991 1.5927178334677592
1499.2727147170178 697.0 5.1867593630105695 1.6093926334287971
1499.2538472068836 697.0 5.192175486750708 1.6261907335137948
1499.2347335558395 697.0 5.197676347605652 1.6428577334154397
1499.2153735155612 697.0 5.203262121150647 1.6595289334654808
1499.1957668337595 697.0 5.208932980379636 1.6762015334097669
1499.1759132541758 697.0 5.214689095842061 1.692870533443056
1499.1558125165764 697.0 5.22053063577495 1.709663133486174
1499.1354643567474 697.0 5.226457766230432 1.726333733415231
1499.1148685064904 697.0 5.232470651198856 1.7430128334090114
1499.0940246936168 697.0 5.23856945272766 1.7596847334643826
1499.072932641943 697.0 5.244754331036136 1.7771952335024253
1499.0515920712853 697.0 5.251025444626233 1.7938720334786922
1499.0300026974555 697.0 5.257382950389542 1.8105423335218802
1499.0081642322555 697.0 5.263827003710582 1.827218433492817
1498.9860763834722 697.0 5.27035775856653 1.8438947334652767
1498.963738854873 697.0 5.27697536762351 1.8605630334932357
1498.9411513462012 697.0 5.283679982329554 1.877233033417724
1498.9183135531698 697.0 5.290471753004373 1.8939070334890857
1498.895225167458 697.0 5.297350828926017 1.91071873344481
1498.8718858767056 697.0 5.30431735841456 1.9273869334720075
1498.8482953645082 697.0 5.3113714889128945 1.944065633462742
1498.824453310412 697.0 5.318513367064744 1.9607403334230185
1498.8003593899095 697.0 5.32574313878999 1.9774091334547848
1498.7760132744343 697.0 5.333060949357402 1.9941848334856331
1498.7514146313556 697.0 5.3404669434548655 2.010856733424589
1498.726563123974 697.0 5.34796126525719 2.027524833451025
1498.7014584115168 697.0 5.355544058491587 2.0443803335074335
1498.6761001491313 697.0 5.363215466500888 2.061049733427353
1498.6504879878821 697.0 5.370975632304597 2.077721133478917
1498.6246215747444 697.0 5.3788246986578345 2.094422933412716
1498.5985005525997 697.0 5.3867628081082595 2.1110996335046366
1498.5721245602303 697.0 5.394790103051033 2.127775033470243
1498.5454932323148 697.0 5.402906725781895 2.144447533413768
1498.5186061994227 697.0 5.411112818548414 2.1611210334813222
1498.491463088009 697.0 5.419408523599479 2.1779541334835812
1498.4640635204094 697.0 5.427793983233092 2.1946630334714428
1498.436407114835 697.0 5.436269339842516 2.211402933462523
1498.4084934853674 697.0 5.444834735960847 2.2280697334790602
1498.3803222419529 697.0 5.453490314304049 2.2447441334370524
1498.3518929903976 697.0 5.4622362178125154 2.2614113334566355
1498.3232053323618 697.0 5.47107258969121 2.2781159334117547
1498.2942588653552 697.0 5.479999573448425 2.294790033483878
1498.2650531827314 697.0 5.489017312933216 2.3114614334190264
1498.2355878736817 697.0 5.498125952371552 2.3281357334926724
1498.2058625232307 697.0 5.507325636401231 2.344810033449903
1498.1758767122305 697.0 5.516616510105596 2.361481233499944
1498.145630017355 697.0 5.5259987190461 2.3786847334122285
1498.1151220110944 697.0 5.535472409293761 2.3953536334447563
1498.08435226175 697.0 5.54503772745953 2.4120293334126472
1498.053320333428 697.0 5.5546948207236335 2.4291578334523365
1498.0220257860344 697.0 5.5644438368639095 2.4458348334301263
1497.990468175269 697.0 5.57428492428317 2.462511533522047
1497.9586470526194 697.0 5.584218232035637 2.4791866334853694
1497.926561965356 697.0 5.594243909852473 2.495861333445646
1497.8942124565258 697.0 5.60436210816644 2.5125313334865496
1497.8615980649458 697.0 5.61457297813572 2.529198133503087
1497.8287183251985 697.0 5.624876671666917 2.5458659334108233
1497.7955727676247 697.0 5.635273341437286 2.5625396334799007
1497.7621609183184 697.0 5.645763140916195 2.5792078335070983
1497.7284822991203 697.0 5.656346224385858 2.5958771334262565
1497.6945364276116 697.0 5.667022746961371 2.612821633461863
1497.6603228171086 697.0 5.67779286461005 2.6294952334137633
1497.6258409766558 697.0 5.688656734170128 2.646186933503486
1497.5910904110196 697.0 5.699614513368802 2.662861233460717
1497.5560706206827 697.0 5.710666360839676 2.679530233494006
1497.5207811018374 697.0 5.721812436139609 2.6967509334208444
1497.4852213463794 697.0 5.733052899764985 2.713423633482307
1497.449390841901 697.0 5.744387913167438 2.730148033471778
1497.4132890716853 697.0 5.75581763876904 2.7468155334936455
1497.3769155146988 697.0 5.767342239976968 2.763489133445546
1497.340269645586 697.0 5.778961881197683 2.7801566334674135
1497.303350934662 697.0 5.7906767278506175 2.796827233512886
1497.2661588479057 697.0 5.802486946381406 2.813494933419861
1497.228692846954 697.0 5.814392704274662 2.830298733431846
1497.1909523890938 697.0 5.826394170066324 2.8469664334552363
1497.1529369272566 697.0 5.838491513355577 2.8636372335022315
1497.1146459100107 697.0 5.850684904816376 2.8803078334312886
1497.0760787815545 697.0 5.862974516208576 2.896983133512549
1497.0372349817094 697.0 5.87536052038868 2.913650833419524
1496.9981139459132 697.0 5.887843091320228 2.9303198334528133
1496.958715105213 697.0 5.900422404083827 2.946993433521129
1496.9190378862577 697.0 5.9130986348868415 2.9636616334319115
1496.8790817112908 697.0 5.925871961072759 2.980338333407417
1496.838845998144 697.0 5.93874256113023 2.997006433433853
1496.7983301602292 697.0 5.951710614701802 3.0136806335067376
1496.757533606531 697.0 5.964776302592358 3.0303567334776744
1496.7164557416006 697.0 5.977939806777263 3.047031033434905
1496.6750959655465 697.0 5.991201310410234 3.0637036334956065
1496.6334536740283 697.0 6.00456099783094 3.0804014335153624
1496.5915282582491 697.0 6.018019054572345 3.097078833496198
1496.5493191049477 697.0 6.031575667367789 3.1137537334579974
1496.5068255963909 697.0 6.045231024157838 3.1304225334897637
1496.4640471103655 697.0 6.058985314096889 3.147132733487524
1496.4209830201712 697.0 6.072838727559549 3.1638083334546536
1496.3776326946124 697.0 6.086791456146793 3.1804770334856585
1496.3339954979908 697.0 6.100843692691912 3.1971444335067645
1496.2900707900967 697.0 6.114995631266245 3.2138199334731326
1496.2458579262016 697.0 6.129247467184719 3.230488733504899
1496.2013562570498 697.0 6.14359939701119 3.2471583334263414
1496.156565128851 697.0 6.158051618563601 3.26426433341112
1496.1114838832718 697.0 6.172604330918948 3.2809407335007563
1496.066111857427 697.0 6.187257734418081 3.297611233429052
1496.0204483838718 697.0 6.202012030670327 3.3142847334966063
1495.9744927905942 697.0 6.216867422557946 3.3309604334644973
1495.9282444010053 697.0 6.231824114240431 3.3476437334902585
1495.8817025339315 697.0 6.24688231115865 3.3643154334276915
1495.8348665036067 697.0 6.2620422200388335 3.380990333505906
1495.7877356196625 697.0 6.277304048896419 3.397664933465421
1495.7403091871206 697.0 6.292668007039753 3.4143353335093707
1495.6925865063838 697.0 6.308134305073648 3.431011733482592
1495.6445668732274 697.0 6.323703154902818 3.4476869334466755
1495.5962495787903 697.0 6.339374769735168 3.464353733463213
1495.5476339095662 697.0 6.355149364084968 3.4810253335162997
1495.4987191473951 697.0 6.3710271537758985 3.497703333501704
1495.4495045694541 697.0 6.387008355943976 3.51442463346757
1495.3999894482483 697.0 6.403093189040365 3.531412233482115
1495.350173051602 697.0 6.419281872834071 3.548081433516927
1495.3000546426495 697.0 6.435574628414528 3.5647537334589288
1495.249633479826 697.0 6.451971678194076 3.581472333520651
1495.1989088168582 697.0 6.468473245910332 3.59885063348338
1495.1478799027557 697.0 6.48507955662846 3.615533633506857
1495.0965459818008 697.0 6.501790836743344 3.63235323340632
1495.0449062935397 697.0 6.518607313981658 3.649024633457884
1494.992960072773 697.0 6.5355292174038455 3.6656932334881276
1494.940706549546 697.0 6.552556777406003 3.6823669334407896
1494.888144949139 697.0 6.569690225721675 3.699036233476363
1494.8352744920583 697.0 6.586929795423558 3.7157116334419698
1494.7820943940262 697.0 6.604275720925121 3.732378833461553
1494.7286038659713 697.0 6.621728237982137 3.749047833494842
1494.6748021140188 697.0 6.639287583694136 3.765780333429575
1494.6206883394805 697.0 6.656953996505771 3.7824491334613413
1494.5662617388448 697.0 6.674727716208109 3.7991253334330395
1494.5115215037672 697.0 6.692608983939839 3.8157932334579527
1494.45646682106 697.0 6.710598042188409 3.8324664334068075
1494.4010968726825 697.0 6.728695134791084 3.849141733488068
1494.3454108357303 697.0 6.746900506935925 3.8658105335198343
1494.2894078824254 697.0 6.765214405162706 3.8824843334732577
1494.2330871801066 697.0 6.783637077363748 3.8991541335126385
1494.1764478912185 697.0 6.8021687727846905 4.04178653343115
1494.1194891733007 697.0 6.8208097420251885 4.059270166908391
1494.0622101789788 697.0 6.839560237039542 4.077711866935715
1494.0046100559528 697.0 6.85842051113726 4.094389566918835
1493.9466879469867 697.0 6.877390818983553 4.111065766890533
1493.8884429898985 697.0 6.896471416599763 4.128021466895007
1493.829874317549 697.0 6.915662561363726 4.144695866852999
1493.770981057831 697.0 6.934964512010075 4.161368066910654
1493.7117623336596 697.0 6.954377528630468 4.178036966826767
1493.65221726296 697.0 6.973901872673766 4.19470696686767
1493.5923449586571 697.0 6.9935378069461365 4.211374866892584
1493.5321445286652 697.0 7.013285595611104 4.228049766854383
1493.4716150758761 697.0 7.033145504189533 4.244726666831411
1493.410755698149 697.0 7.053117799559548 4.26139766687993
1493.3495654882981 697.0 7.073202749956399 4.2780643668957055
1493.288043534083 697.0 7.093400624972263 4.2947360668331385
1493.2261889181962 697.0 7.11371169555598 4.311413066927344
1493.1640007182523 697.0 7.1341362340127406 4.3285708668408915
1493.101478006777 697.0 7.1546745140037 4.34524806693662
1493.0386198511947 697.0 7.175326810545543 4.361920166877098
1492.9754253138185 697.0 7.196093400009982 4.378590866923332
1492.9118934518376 697.0 7.2169745601232025 4.395260666846298
1492.848023317306 697.0 7.237970569965243 4.411937066935934
1492.7838139571304 697.0 7.259081709969316 4.428604466840625
1492.7192644130598 697.0 7.280308261921076 4.445271366857924
1492.6543737216728 697.0 7.3016505089578185 4.46194016688969
1492.5891409143655 697.0 7.3231087355676285 4.478615166852251
1492.5235650173408 697.0 7.344683227588463 4.495286466903053
1492.4576450515954 697.0 7.366374272207176 4.511953966924921
1492.391380032908 697.0 7.3881821579584885 4.529134466894902
1492.3247689718278 697.0 7.410107174723887 4.545878666918725
1492.257810873662 697.0 7.432149613730472 4.56254916684702
1492.190504738464 697.0 7.454309767549744 4.579219366889447
1492.12284956102 697.0 7.476587930096327 4.595887866918929
1492.0548443308392 697.0 7.49898439662663 4.612580366898328
1491.9864880321384 697.0 7.521499463737451 4.629255566862412
