1499.9998808125433 747.0 5.000021331830168 0.07829650002531707
1499.9995232808374 747.0 5.000086578667327 0.3393404334783554
1499.998927432089 747.0 5.000197488160211 0.38922843348700553
1499.998093289306 747.0 5.000355648762729 0.4090977334417403
1499.9970208714608 747.0 5.0005625043215955 0.42577463341876864
1499.9957101936375 747.0 5.0008193673322765 0.442449233494699
1499.994161267168 747.0 5.001127430984818 0.4591168335173279
1499.9923740997538 747.0 5.001487780110037 0.4757921334821731
1499.9903486955768 747.0 5.00190140112645 0.4924691334599629
1499.9880850554014 747.0 5.002369191079167 0.509138333494775
1499.9855831766654 747.0 5.002891965853637 0.5258122334489599
1499.9828430535642 747.0 5.0034704676395725 0.5424792334670201
1499.9798646771267 747.0 5.004105371713512 0.5591619334882125
1499.976648035284 747.0 5.004797292602206 0.5758895335020497
1499.9731931129315 747.0 5.005546789683356 0.5925684334943071
1499.9694998919874 747.0 5.006354372275067 0.6092373335268348
1499.9655683514432 747.0 5.007220504260695 0.6259145335061476
1499.9613984674108 747.0 5.008145608291492 0.6425817335257307
1499.9569902131661 747.0 5.009130069605591 0.6592588335042819
1499.9523435591868 747.0 5.010174239498364 0.675938333501108
1499.9474584731886 747.0 5.011278438475966 0.6926151334773749
1499.9423349201566 747.0 5.01244295912099 0.7092885334277526
1499.9369728623747 747.0 5.013668068696523 0.7259603334823623
1499.931372259452 747.0 5.0149540115124704 0.7426365334540606
1499.9255330683475 747.0 5.016301011075852 0.7593053334858268
1499.9194552433908 747.0 5.017709272044801 0.7759778334293514
1499.913138736303 747.0 5.0191789820041794 0.7926449334481731
1499.9065834962141 747.0 5.0207103130790856 0.8093183335149661
1499.89978946968 747.0 5.022303423401068 0.8260381334694102
1499.8927566006967 747.0 5.023958458440479 0.842715333448723
1499.8854848307142 747.0 5.025675552217194 0.8594378334237263
1499.8779740986488 747.0 5.027454828400802 0.8761703334748745
1499.8702243408943 747.0 5.029296401310345 0.8928460334427655
1499.862235491332 747.0 5.031200376822797 0.9095209335209802
1499.8540074813397 747.0 5.0331668531985905 0.9261958334827796
1499.8455402398008 747.0 5.035195921831782 0.9428638335084543
1499.836833693111 747.0 5.037287667931726 0.9595336334314197
1499.8278877651856 747.0 5.0394421711425075 0.976202433463186
1499.8187023774658 747.0 5.041659506105828 0.9928798334440216
1499.8092774489241 747.0 5.043939742972487 1.0095521335024387
1499.79961289607 747.0 5.0462829478671765 1.0262300334870815
1499.7897086329535 747.0 5.048689183310822 1.0429077334702015
1499.779564571171 747.0 5.051158508604369 1.05958533345256
1499.7691806198675 747.0 5.053690980177525 1.076255833497271
1499.758556685741 747.0 5.05628665190565 1.0929227335145697
1499.7476926730455 747.0 5.058945575397716 1.1095979334786534
1499.7365884835933 747.0 5.061667800257965 1.1263035334413871
1499.7252440167586 747.0 5.064453374323674 1.1429764335043728
1499.7136591694784 747.0 5.0673023438812015 1.159656833508052
1499.701833836256 747.0 5.070214753862305 1.1763365335064009
1499.6897679091617 747.0 5.073190648022523 1.1930066334316507
1499.6774612778356 747.0 5.0762300691032625 1.2097996334778145
1499.6649138294883 747.0 5.079333058979081 1.226468933513388
1499.6521254489026 747.0 5.082499658791511 1.2431440334767103
1499.639096018434 747.0 5.085729909070655 1.2598180334316567
1499.6258254180134 747.0 5.089023849845668 1.2764934335136786
1499.6123135251464 747.0 5.092381520745146 1.3034347334178165
1499.5985602149153 747.0 5.095802961088336 1.3201492334483191
1499.5845653599793 747.0 5.099288209968003 1.3370575334411114
1499.570328830575 747.0 5.102837306325723 1.3538591334363446
1499.5558504945175 747.0 5.106450289020291 1.3726679334649816
1499.541130217201 747.0 5.110127196889865 1.3893588334321976
1499.526167861599 747.0 5.113868068808427 1.4060331335058436
1499.5109632882643 747.0 5.117672943737076 1.4227067334577441
1499.4955163553298 747.0 5.121541860770621 1.4393831334309652
1499.479826918509 747.0 5.1254748591799055 1.456244533532299
1499.4638948310953 747.0 5.12947197845026 1.488179833511822
1499.4477199439636 747.0 5.133533258316416 1.5048514334484935
1499.4313021055693 747.0 5.13765873879423 1.5215244335122406
1499.4146411619488 747.0 5.141848460209485 1.5381960334489122
1499.3977369567194 747.0 5.146102463224052 1.5554804335115477
1499.3805893310798 747.0 5.150420788859644 1.572161533520557
1499.3631981238095 747.0 5.154803478519384 1.5888285334222019
1499.3455631712695 747.0 5.159250574007389 1.6054965334478766
1499.3276843074016 747.0 5.1637621175465425 1.622168233501725
1499.3095613637283 747.0 5.16833815179463 1.6388373334193602
1499.291194169354 747.0 5.1729787198589845 1.655506933457218
1499.272582550963 747.0 5.177683865309772 1.6721744334790856
1499.2537263328209 747.0 5.182453632192045 1.6888465334195644
1499.2346253367737 747.0 5.187288065036677 1.7055223335046321
1499.2152793822477 747.0 5.192187208870278 1.722198033472523
1499.1956882862498 747.0 5.197151109224183 1.7388736334396526
1499.175851863367 747.0 5.202179812142602 1.7555477335117757
1499.1557699257658 747.0 5.207273364189997 1.7722249334910884
1499.135442283193 747.0 5.2124318124577735 1.7888927335152403
1499.114868742975 747.0 5.21765520457033 1.8055637334473431
1499.0940491100168 747.0 5.222943588690539 1.8222311334684491
1499.072983186803 747.0 5.2282970135246964 1.8389035335276276
1499.0516707733968 747.0 5.2337155283270045 1.8555891334544867
1499.0301116674405 747.0 5.239199182903617 1.8722666334360838
1499.008305664154 747.0 5.244748027616287 1.8889341334579512
1498.986252556336 747.0 5.2503621133856635 1.9057362334569916
1498.9639521343627 747.0 5.256041491694258 1.9224047334864736
1498.9414041861876 747.0 5.2617862145891126 1.939081633463502
1498.9186084973417 747.0 5.267596334684202 1.9560281335143372
1498.895564850933 747.0 5.273471905162587 1.9726958334213123
1498.8722730276463 747.0 5.2794129797783445 1.9893634334439412
1498.8487328057424 747.0 5.285419612858293 2.006585533497855
1498.8249439610588 747.0 5.2914918593035365 2.0232799334917217
1498.800906267008 747.0 5.297629774590829 2.0411334334639832
1498.7766194945787 747.0 5.303833414773799 2.057806833530776
1498.752083412334 747.0 5.310102836484019 2.074481633491814
1498.7272977864125 747.0 5.316438096931955 2.091148733510636
1498.702262380527 747.0 5.322839253907798 2.107825833489187
1498.6769769559644 747.0 5.3293063657821875 2.124501033453271
1498.6514412715858 747.0 5.335839491506834 2.1411757335299626
1498.6256550838252 747.0 5.342438690615061 2.1578445334453136
1498.5996181466903 747.0 5.349104023222251 2.1745199335273355
1498.5733302117615 747.0 5.355835550026236 2.1911956334952265
1498.5467910281914 747.0 5.362633332307599 2.2078753334935755
1498.520000342705 747.0 5.369497431929929 2.2245557334972546
1498.4929578995993 747.0 5.376427911340011 2.2413803334347904
1498.4656634407422 747.0 5.383424833567962 2.258053833502345
1498.438116705573 747.0 5.390488262227323 2.274756633443758
1498.4103174311017 747.0 5.397618261515103 2.2914239334641024
1498.3822653519085 747.0 5.404814896211785 2.308099133428186
1498.3539602001438 747.0 5.412078231681286 2.3247755335178226
1498.3254017055274 747.0 5.419408333870895 2.3419768335297704
1498.2965895953485 747.0 5.426805269311167 2.358644433435984
1498.267523594465 747.0 5.434269105115792 2.375319633516483
1498.238203425304 747.0 5.4417999089814355 2.3919958334881812
1498.2086288078597 747.0 5.449397749187553 2.4087178334593773
1498.1787994596948 747.0 5.457062694596178 2.4255952334497124
1498.1487150959392 747.0 5.464794814651693 2.44226343347691
1498.11837542929 747.0 5.472594179380571 2.4589309334987774
1498.0877801700105 747.0 5.480460859391106 2.4756040334468707
1498.056929025931 747.0 5.488394925873117 2.492271533468738
1498.0258217024468 747.0 5.496396450597643 2.508939133491367
1497.9944579025196 747.0 5.504465505916609 2.5256722334306687
1497.9628373266755 747.0 5.512602164762488 2.542348133516498
1497.9309596730059 747.0 5.520806500647946 2.559024333488196
1497.8988246371662 747.0 5.529078587665461 2.575698933447711
1497.8664319123757 747.0 5.537418500486948 2.59237343352288
1497.8337811894178 747.0 5.54582631436335 2.6090445334557444
1497.8008721566387 747.0 5.554302105124238 2.625724633457139
1497.7677044999475 747.0 5.562845949177375 2.6424020334379748
1497.734277902816 747.0 5.57145792350829 2.659229733515531
1497.7005920462777 747.0 5.5801381056798265 2.675902133458294
1497.666646608928 747.0 5.588886573831686 2.6925714334938675
1497.6324412669235 747.0 5.597703406679959 2.709251233492978
1497.5979756939817 747.0 5.606588683516647 2.726000533439219
1497.5632495613806 747.0 5.615542484209171 2.7426777334185317
1497.5282625379587 747.0 5.624564889199871 2.75953323347494
1497.4930142901137 747.0 5.633655979505502 2.7762002334930003
1497.4575044818032 747.0 5.642815836716704 2.7928775334730744
1497.4217327745432 747.0 5.6520445429974835 2.8095480335177854
1497.385698827409 747.0 5.661342181084668 2.826225633500144
1497.3494022970335 747.0 5.670708834287359 2.842895133420825
1497.3128428376078 747.0 5.6801445864863735 2.859566733473912
1497.2760201008805 747.0 5.6896495221336805 2.87623843352776
1497.238933736157 747.0 5.699223726251817 2.8929838334443048
1497.2015833902997 747.0 5.708867284433308 2.909699133480899
1497.1639687077275 747.0 5.718580282840068 2.9263776334701106
1497.1260893304147 747.0 5.728362808202799 2.9430496335262433
1497.0879448978917 747.0 5.738214947820371 2.9597880335059017
1497.049535047244 747.0 5.7481367895592035 2.9764645334798843
1497.0108594131118 747.0 5.758128421852631 2.993618833483197
1496.9719176276901 747.0 5.76818993370026 3.021436933428049
1496.9327093207278 747.0 5.778321414667317 3.03810673346743
1496.8932341195275 747.0 5.788522954883992 3.054781533428468
1496.8534916489455 747.0 5.798794645044758 3.071450333460234
1496.8134815313908 747.0 5.809136576407701 3.088120333501138
1496.7732033868256 747.0 5.819548840793823 3.105699833482504
1496.7326568327637 747.0 5.830031530586347 3.1223902334459126
1496.6918414842717 747.0 5.840584738730005 3.1390602334868163
1496.6507569539672 747.0 5.851208558730318 3.1557364334585145
1496.6094028520195 747.0 5.8619030846528695 3.1724105335306376
1496.5677787861487 747.0 5.872668411122565 3.189082533470355
1496.5258843616255 747.0 5.883504633322884 3.205759833450429
1496.483719181271 747.0 5.894411846995118 3.222434133524075
1496.441282845456 747.0 5.905390148437605 3.2391086334828287
1496.3985749521014 747.0 5.916439634504945 3.255777833517641
1496.3555950966768 747.0 5.927560402607215 3.272448933450505
1496.3123428722013 747.0 5.938752550709164 3.2891240335302427
1496.2688178692422 747.0 5.950016177329404 3.305795133463107
1496.2250196759155 747.0 5.961351381539589 3.322462533484213
1496.180947877885 747.0 5.972758262963578 3.3391359334345907
1496.1366020583625 747.0 5.9842369217765965 3.355815733433701
1496.0919817981069 747.0 5.99578745870438 3.3725999335292727
1496.0470866754242 747.0 6.007409975022307 3.3892760335002095
1496.0019162661679 747.0 6.019104572554524 3.405951233464293
1495.956470143737 747.0 6.030871353673057 3.422621733509004
1495.9107478790777 747.0 6.0427104212969125 3.439299433492124
1495.8647490406815 747.0 6.054621878891163 3.456666933489032
1495.8184731945862 747.0 6.066605830466031 3.4733751334715635
1495.7719199043745 747.0 6.078662380575947 3.490044033504091
1495.7250887311745 747.0 6.090791634318611 3.506779433460906
1495.6779792336595 747.0 6.1029936973340275 3.5234522335231304
1495.6305909680468 747.0 6.11526867580354 3.5401217334438115
1495.5829234880987 747.0 6.127616676448845 3.5569434334756806
1495.5349763451215 747.0 6.1400378065310015 3.5741185335209593
1495.4867490879653 747.0 6.152532173849419 3.5907947334926575
1495.438241263024 747.0 6.165099886740842 3.608028333517723
1495.3894524142352 747.0 6.177741054078314 3.624835133436136
1495.3403820830792 747.0 6.190455785270135 3.6415089335059747
1495.2910298085799 747.0 6.203244190258802 3.658179833437316
1495.2413951273036 747.0 6.216106379519938 3.6748484334675595
1495.1914775733596 747.0 6.229042464061207 3.691526733455248
1495.1412766783997 747.0 6.2420525554212185 3.7082047334406525
1495.0907919716176 747.0 6.255136765668414 3.7248766334960237
1495.0400229797494 747.0 6.268295207399943 3.7415496334433556
1494.9889692270729 747.0 6.281527993740524 3.758222233504057
1494.9376302354078 747.0 6.294835238341294 3.774898433475755
1494.8860055241153 747.0 6.308217055378641 3.7915659334976226
1494.8340946100982 747.0 6.321673559553024 3.8084688334492967
1494.7818970078004 747.0 6.335204866087777 3.8259584334446117
1494.7294122292071 747.0 6.348811090727902 3.842633233522065
1494.6766397838446 747.0 6.3624923497388455 3.8593575335107744
1494.62357917878 747.0 6.376248759905259 3.8760332334786654
1494.5702299186212 747.0 6.390080438529747 3.8927176335128024
1494.516591505517 747.0 6.403987503431598 3.909396133502014
1494.4626634391566 747.0 6.417970072945503 3.926086633466184
1494.40844521677 747.0 6.432028265920258 3.9427682334790006
1494.3539363331274 747.0 6.446162201717447 3.9594380335183814
1494.2991362805396 747.0 6.460372000210118 3.9778030334273353
1494.2440445488576 747.0 6.474657781781431 3.994488433469087
1494.1886606254727 747.0 6.489019667323307 4.022133533493616
1494.1329839953169 747.0 6.503457778235041 4.038810733472928
1494.0770141408616 747.0 6.517972236421919 4.055508633493446
1494.020750542119 747.0 6.532563164293802 4.072185733471997
1493.9641926766412 747.0 6.547230684763706 4.088863933458924
1493.907340019521 747.0 6.561974921246355 4.1055401334306225
1493.8501920433907 747.0 6.576795997656725 4.122207733453251
1493.7927482184234 747.0 6.59169403840857 4.138880433514714
1493.7350080123322 747.0 6.606669168412926 4.1555647334316745
1493.6769708903703 747.0 6.621721513076606 4.172278533456847
1493.6186363153317 747.0 6.636851198300666 4.188950133509934
1493.5600037475506 747.0 6.652058350478866 4.205628033494577
1493.5010726449016 747.0 6.667343096496107 4.2223032334586605
1493.4418424628 747.0 6.682705563726848 4.239990233443677
1493.3823126542018 747.0 6.698145880033509 4.256659133476205
1493.3224826696035 747.0 6.713664173764858 4.273333433433436
1493.262351957043 747.0 6.72926057375437 4.290039233514108
1493.2019199620986 747.0 6.744935209318579 4.306711333454587
1493.1411861278905 747.0 6.760688210255403 4.323380833491683
1493.0801498950796 747.0 6.776519706842455 4.340052233426832
1493.0188107018685 747.0 6.792429829835332 4.356721533462405
1492.9571679840014 747.0 6.808418710465887 4.373391733504832
1492.8952211747646 747.0 6.824486480440479 4.390060133533552
1492.8329697049862 747.0 6.840633271938206 4.406733233481646
1492.770413003037 747.0 6.856859217609117 4.423403333523311
1492.7075504948298 747.0 6.873164450572407 4.44037813344039
1492.6443816038204 747.0 6.889549104414584 4.457202433492057
1492.5809057510075 747.0 6.906013313187626 4.475011133472435
1492.5171223549335 747.0 6.922557211407108 4.491679433500394
1492.453030831684 747.0 6.939180934050318 4.508349433424883
1492.3886305948884 747.0 6.955884616554344 4.525093133444898
1492.3239210557206 747.0 6.972668394814141 4.541769533418119
1492.2589016228987 747.0 6.989532405180586 4.558442533481866
1492.193571702686 747.0 7.006476784458496 4.575111433514394
1492.1279306988909 747.0 7.023501669904639 4.591783833457157
1492.0619780128668 747.0 7.040607199225716 4.608454333501868
1491.9957130435141 747.0 7.057793510576321 4.625635733478703
1491.9291351872787 747.0 7.07506074255688 4.642600933439098
1491.8622438381537 747.0 7.092409034211568 4.65927633352112
1491.7950383876796 747.0 7.109838525026205 4.675943933427334
1491.7275182249439 747.0 7.127349354926124 4.692623033421114
1491.6596827365827 747.0 7.144941664274024 4.709291433449835
1491.5915313067808 747.0 7.162615593867794 4.726443533436395
1491.5230633172716 747.0 7.18037128493831 4.743112133466639
1491.4542781473385 747.0 7.198208879147222 4.760094333440065
1491.385175173815 747.0 7.216128518584702 4.776820533443242
1491.3157537710852 747.0 7.234130345767177 4.7934955335222185
1491.2460133110842 747.0 7.252214503635039 4.81017543352209
1491.1759531632995 747.0 7.2703811355503225 4.827849333523773
1491.1055726947702 747.0 7.288630385294365 4.854211333440617
1491.034871270089 747.0 7.306962397065438 4.873888133442961
1490.9638482514024 747.0 7.3253773154763575 4.890570233459584
1490.8925029984105 747.0 7.343875285552065 4.90820463350974
1490.8208348683688 747.0 7.362456452727186 4.924879233469255
1490.7488432160885 747.0 7.38112096284356 4.941559533472173
1490.6765273939368 747.0 7.399868962147748 4.958237533457577
1490.6038867518382 747.0 7.418700597288512 4.974909833515994
1490.5309206372751 747.0 7.437616015314268 4.991582233458757
1490.457628395288 747.0 7.4566153636705135 5.008257933426648
1490.3840093684773 747.0 7.475698790197226 5.024925533449277
1490.310062897003 747.0 7.494866443126241 5.041604533442296
1490.2357883185864 747.0 7.514118471078589 5.05839823349379
1490.1611849685103 747.0 7.533455023061826 5.0750689334236085
1490.0862521796203 747.0 7.552876248467314 5.091738133458421
1490.0109892823252 747.0 7.572382297067489 5.108405033475719
1489.9353956045986 747.0 7.591973319013097 5.125072333496064
1489.8594704719792 747.0 7.611649464830397 5.141747833462432
1489.7832132075716 747.0 7.631410885418342 5.158414833480492
1489.7066231320482 747.0 7.6512577320457265 5.1750879334285855
1489.629699563649 747.0 7.671190156348308 5.191773633472621
1489.5524418181835 747.0 7.691208310325895 5.208536333520897
1489.4748492090312 747.0 7.711312346339413 5.225204933434725
1489.3969210471428 747.0 7.73150241710793 5.242093233508058
1489.3186566410413 747.0 7.7517786757056655 5.258819033508189
1489.2400552968231 747.0 7.772141275558954 5.275491133448668
1489.1611163181587 747.0 7.79259037044319 5.292238333495334
1489.0818390062948 747.0 7.813126114479736 5.308917333488353
1489.0022226600543 747.0 7.833748662132806 5.325765033485368
1488.922266575838 747.0 7.854458168206305 5.342915433458984
1488.841970047626 747.0 7.875254787840652 5.35978943342343
1488.7613323669789 747.0 7.896138676509561 5.37645643344149
1488.6803528230382 747.0 7.917109990016793 5.393126433482394
1488.5990307025286 747.0 7.938168884492879 5.40995243343059
1488.5173652897588 747.0 7.959315516391803 5.426621233462356
1488.435355866623 747.0 7.980550042487661 5.443289433489554
1488.353001712602 747.0 8.00187261987128 5.4599633334437385
1488.2703021047648 747.0 8.023283405946804 5.476637833518907
1488.1872563177697 747.0 8.044782558428253 5.493315233499743
1488.1038636238657 747.0 8.06637023533604 5.510242233518511
1488.0201232928946 747.0 8.088046594993461 5.52691713348031
1487.9360345922917 747.0 8.109811796023145 5.543593533453532
1487.8515967870874 747.0 8.13166599734347 5.560279033496045
1487.766809139909 747.0 8.153609358164948 5.587935633491725
1487.681670910982 747.0 8.175642037986568 5.605898333480582
1487.5961813581316 747.0 8.197764196592116 5.622572433436289
1487.5103397367848 747.0 8.21997599404644 5.6392499334178865
1487.424145299971 747.0 8.242277590691698 5.655921633471735
1487.3375972983251 747.0 8.264669147143557 5.672598033444956
1487.2506949800877 747.0 8.287150824287364 5.689936633454636
1487.1634375911074 747.0 8.30972278327427 5.7066118334187195
1487.0758243748428 747.0 8.332385185517326 5.723292233422399
1486.9878545723636 747.0 8.355138192687543 5.73996623349376
1486.8995274223532 747.0 8.377981966709894 5.7566422334639356
1486.8108421611098 747.0 8.400916669759313 5.773495233501308
1486.7217980225485 747.0 8.423942464256621 5.790169033454731
1486.6323942382028 747.0 8.447059512864435 5.806844033533707
1486.5426300372274 747.0 8.470267978483026 5.823511833441444
1486.452504646399 747.0 8.493568024246152 5.840182333486155
1486.3620172901187 747.0 8.51695981351683 5.856852533528581
1486.2711671904144 747.0 8.540443509883094 5.873717133421451
1486.1799535669422 747.0 8.564019277153685 5.890398033428937
1486.0883756369888 747.0 8.587687279353725 5.907077433425002
1485.996432615473 747.0 8.611447680720339 5.923752233502455
1485.9041237149484 747.0 8.635300645698232 5.940422433428466
1485.8114481456055 747.0 8.659246338935235 5.957093633478507
1485.718405115273 747.0 8.683284925277798 5.974047433468513
1485.6249938294216 747.0 8.70741656976645 5.990719433524646
1485.5312134911642 747.0 8.731641437631215 6.007528233458288
1485.4370633012597 747.0 8.755959694286979 6.024203433422372
1485.3425424581146 747.0 8.780371505328825 6.040982133476064
1485.2476501577853 747.0 8.80487703652731 6.057788433507085
1485.1523855939809 747.0 8.829476453823716 6.074464533478022
1485.0567479580648 747.0 8.854169923325239 6.0911393334390596
1484.9607364390577 747.0 8.87895761130015 6.108175633475184
1484.8643502236396 747.0 8.903839684172898 6.124968633521348
1484.7675884961527 747.0 8.928816308519178 6.141637833439745
1484.670450438604 747.0 8.953887651060947 6.158472833456472
1484.5729352306666 747.0 8.9790538786614 6.175140833482146
1484.4750420496841 747.0 9.004315158319892 6.191813533427194
1484.376770070672 747.0 9.029671657166826 6.208482533460483
1484.2781184663197 747.0 9.05512354245848 6.225156033528037
1484.1790864069953 747.0 9.080670981571798 6.241939833504148
1484.0796730607462 747.0 9.10631414199913 6.258606633520685
1483.979877593303 747.0 9.132053191342925 6.275278133456595
1483.8796991680815 747.0 9.15788829731037 6.291954833432101
1483.7791369461863 747.0 9.183819627707994 6.308874333510175
1483.6781900864132 747.0 9.20984735043621 6.32559763349127
1483.5768577452518 747.0 9.235971633483812 6.342271933448501
1483.4751390768888 747.0 9.262192644922433 6.358942633494735
1483.3730332332107 747.0 9.288510552900929 6.375614433432929
1483.270539363807 747.0 9.314925525639744 6.392292933422141
1483.1676566159733 747.0 9.341437731425195 6.408973633428104
1483.0643841347137 747.0 9.36804733860373 6.425650733523071
1482.9607210627446 747.0 9.39475451557612 6.442330233519897
1482.8566665404974 747.0 9.421559430791602 6.459008933510631
1482.7522197061217 747.0 9.448462252741978 6.475750733516179
1482.6473796954886 747.0 9.47546314995565 6.4925173334777355
1482.5421456421939 747.0 9.50256229099161 6.509196133469231
1482.4365166775613 747.0 9.529759844433382 6.525869433418848
1482.3304919306456 747.0 9.55705597888289 6.542546633514576
1482.2240705282368 747.0 9.584450862954297 6.5592191334581
1482.117251594862 747.0 9.611944665267776 6.575886333477683
1482.01003425279 747.0 9.63953755444323 6.592556833522394
1481.9024176220346 747.0 9.667229699093955 6.6092330334940925
1481.7944008203576 747.0 9.69502126782025 6.6259015335235745
1481.685982963273 747.0 9.72291242920297 6.642577433492988
1481.57716316405 747.0 9.750903351797024 6.659246533527039
1481.4679405337167 747.0 9.77899420412482 6.675928533426486
1481.358314181064 747.0 9.80718515466964 6.692598433466628
1481.2482832126493 747.0 9.835476371868976 6.709274233435281
1481.1378467327995 747.0 9.8638680241078 6.726169333443977
1481.027003843616 747.0 9.892360279711767 6.742958733462729
1480.915753644978 747.0 9.920953306940373 6.7596413334831595
1480.8040952345452 747.0 9.949647273980053 6.776317933457904
1480.6920277077638 747.0 9.978442348937211 6.792984633473679
1480.5795501578689 747.0 10.007338699831198 6.809777133516036
1480.4666616758886 747.0 10.036336494587227 6.838793933507986
1480.353361350649 747.0 10.065435901029229 6.855496833450161
1480.239648268777 747.0 10.094637086872645 6.8721963334828615
1480.1255215147055 747.0 10.123940219717165 6.888871633447707
1480.0109801706765 747.0 10.153345467039392 6.905547933420166
1479.896023316746 747.0 10.182852996185458 6.922228533425368
1479.7806500307886 747.0 10.21246297436357 6.9388957334449515
1479.6648593885006 747.0 10.242175568636489 6.955563733470626
1479.5486504634052 747.0 10.27199094591396 6.972231533494778
1479.4320223268564 747.0 10.30190927294506 6.989112333511002
1479.314974048044 747.0 10.331930716310504 7.005785233457573
1479.1975046939972 747.0 10.362055442414858 7.022460133419372
1479.07961332959 747.0 10.392283617478716 7.039697433472611
1478.9612990175451 747.0 10.42261540753079 7.056371333426796
1478.8425608184386 747.0 10.453050978399949 7.073039733455516
1478.723397790705 747.0 10.483590495707181 7.089716733433306
1478.603808990641 747.0 10.514234124857497 7.106389833497815
1478.4837934724117 747.0 10.544982031031756 7.123348533525132
1478.3633502880537 747.0 10.575834379178442 7.140016233432107
1478.2424784874809 747.0 10.606791334005349 7.156694233533926
1478.1211771184892 747.0 10.63785305997122 7.173365333466791
1477.9994452267615 747.0 10.669019721277301 7.190033033490181
1477.8772818558723 747.0 10.700291481858834 7.206702633528039
1477.7546860472928 747.0 10.731668505376476 7.223452233476564
1477.6316568403963 747.0 10.763150955207653 7.240471133496612
1477.508193272463 747.0 10.79473899443784 7.25714313343633
1477.384294378685 747.0 10.826432785851765 7.2738988334313035
1477.259959192172 747.0 10.858232491924555 7.290920333471149
1477.135186743956 747.0 10.890138274812797 7.307589233503677
1477.0099760629967 747.0 10.92215029634553 7.324258533422835
1476.8843261761872 747.0 10.954268718015168 7.341439233510755
1476.758236108359 747.0 10.98649370096835 7.359163033426739
1476.6317048822875 747.0 11.018825405996706 7.375836833496578
1476.5047315186978 747.0 11.051263993527566 7.392567633418366
1476.3773150362697 747.0 11.083809623614576 7.409241033485159
1476.2494544516437 747.0 11.11646245592825 7.42591603344772
1476.1211487794264 747.0 11.149222649746447 7.4425938334316015
1475.9923970321965 747.0 11.182090363944766 7.459267733502202
1475.8631982205102 747.0 11.215065756986869 7.476092033437453
1475.7335513529072 747.0 11.248148986914723 7.49276363349054
1475.6034554359162 747.0 11.281340211338767 7.509433633531444
1475.4729094740615 747.0 11.314639587428006 7.526101133436896
1475.341912469868 747.0 11.348047271900013 7.542782433447428
1475.2104634238683 747.0 11.381563421010867 7.559453633497469
1475.0785613346077 747.0 11.415188190545004 7.576122633530758
1474.9462051986507 747.0 11.448921735804989 7.592896033427678
1474.8133940105872 747.0 11.482764211601207 7.609577733441256
1474.6801267630392 747.0 11.516715772241477 7.626253833528608
1474.546402446666 747.0 11.55077657152058 7.64292683347594
1474.4122200501713 747.0 11.584946762709706 7.659682233468629
1474.2775785603094 747.0 11.619226498545824 7.676362433470786
1474.1424769618914 747.0 11.653615931220966 7.693043033475988
1474.006914237792 747.0 11.68811521237142 7.709724033484235
1473.8708893689559 747.0 11.722724493066856 7.726393033517525
1473.7344013344043 747.0 11.757443923799352 7.743134933523834
1473.5974491112418 747.0 11.792273654472345 7.759805633453652
1473.4600316746623 747.0 11.827213834389491 7.776591733447276
1473.3221479979572 747.0 11.862264612243447 7.79363663343247
1473.183797052521 747.0 11.897426136104555 7.810359733528458
1473.0449778078582 747.0 11.93269855340945 7.827029233449139
1472.9056892315912 747.0 11.968082010949582 7.843700333498418
1472.765930289466 747.0 12.003576654859637 7.860886033507995
1472.6256999453606 747.0 12.039182630605884 7.877557533443905
1472.484997161291 747.0 12.074900082974427 7.894224433461204
1472.3438208974185 747.0 12.110729156059367 7.921583033516072
1472.2021701120575 747.0 12.146669993250882 7.939495133468881
1472.0600437616822 747.0 12.182722737223202 7.956270333495922
1471.9174408009342 747.0 12.218887529922512 7.973077033529989
1471.7743601826298 747.0 12.255164512554748 7.989757633418776
1471.6308008577678 747.0 12.291553825573313 8.006437433417886
1471.4867617755363 747.0 12.328055608666693 8.023114133509807
1471.3422418833204 747.0 12.364670000745985 8.039782633422874
1471.1972401267108 747.0 12.401397139932328 8.056456333491951
1471.05175544951 747.0 12.438237163544246 8.073123033507727
1470.9057867937413 747.0 12.47519020808489 8.089847033494152
1470.7593330996558 747.0 12.512256409229192 8.106515033519827
1470.6123933057406 747.0 12.549435901810922 8.123191733495332
1470.4649663487269 747.0 12.586728819809643 8.139865533448756
1470.3170511635974 747.0 12.624135296337583 8.156536433496512
1470.168646683595 747.0 12.661655463626396 8.173207633430138
1470.0197518402306 747.0 12.699289453013833 8.18988303351216
1469.8703655632912 747.0 12.73703739493032 8.206553233438171
1469.7204867808484 747.0 12.77489941888543 8.223260033526458
1469.5701144192665 747.0 12.812875653454258 8.239936833502725
1469.4192474032106 747.0 12.850966226263695 8.256778633454815
1469.267884655656 747.0 12.889171263978616 8.273452633526176
1469.1160250978953 747.0 12.927490892287945 8.290125333471224
1468.9636676495481 747.0 12.965925235890639 8.306799133424647
1468.810811228569 747.0 13.004474418481559 8.323468133457936
1468.6574547512566 747.0 13.043138562737248 8.340148533461615
1468.5035971322623 747.0 13.081917790301597 8.356815433478914
1468.3492372845985 747.0 13.12081222177142 8.373482333496213
1468.1943741196483 747.0 13.159821976681911 8.39015773346182
1468.0390065471738 747.0 13.198947173492018 8.406895833439194
1467.8831334753256 747.0 13.238187929569685 8.423572033527307
1467.7267538106514 747.0 13.27754436117702 8.440244333469309
1467.5698664581057 747.0 13.31701658345533 8.456922533456236
1467.4124703210584 747.0 13.356604710410071 8.473599433433264
1467.2545643013048 747.0 13.396308854895683 8.490474733524024
1467.096147299074 747.0 13.43612912860031 8.50716903351713
1466.937218213039 747.0 13.476065642030434 8.523837333428673
1466.7777759403261 747.0 13.516118504495381 8.540660333470441
1466.6178193765247 747.0 13.556287824091726 8.557328833499923
1466.457347415696 747.0 13.596573707687591 8.5739955335157
1466.2963589503834 747.0 13.636976260906838 8.590665633440949
1466.1348528716226 747.0 13.677495588113135 8.607381333480589
1465.9728280689503 747.0 13.718131792393937 8.624091633479111
1465.8102834304152 747.0 13.75888497554433 8.640759033500217
1465.6472178425872 747.0 13.799755238050786 8.657427433528937
1465.483630190568 747.0 13.84074267907479 8.674118533497676
1465.319519358001 747.0 13.881847396436363 8.690786633524112
1465.1548842270809 747.0 13.923069486597475 8.707466833526269
1464.9897236785653 747.0 13.964409044645334 8.724146933527663
1464.8240365917836 747.0 14.00586616427557 8.740841233520769
1464.6578218446482 747.0 14.047440937775304 8.75783993350342
1464.4910783136647 747.0 14.0891334560061 8.774516633478925
1464.3238048739427 747.0 14.130943808386801 8.791329533443786
1464.156000399206 747.0 14.172872082876252 8.808517633471638
1463.9876637618036 747.0 14.214918365955905 8.825191533425823
1463.8187938327203 747.0 14.257082742612312 8.84200963343028
1463.6493894815876 747.0 14.299365296319491 8.858684833510779
1463.4794495766946 747.0 14.341766109021187 8.875356833450496
1463.308972984999 747.0 14.384285261113 8.89203543344047
1463.1379585721381 747.0 14.426922831424413 8.9087100335164
1462.96640520244 747.0 14.469678897200685 8.925381133449264
1462.794311738935 747.0 14.512553534084631 8.942050333484076
1462.6216770433662 747.0 14.555546816098284 8.958759633474983
1462.4484999762017 747.0 14.598658815624432 8.975440233480185
1462.2747793966453 747.0 14.641889603388043 8.992126133525744
1462.1005141626488 747.0 14.685239248437549 9.008795633446425
1461.9257031309228 747.0 14.72870781812604 9.025462733465247
1461.750345156949 747.0 14.772295378092302 9.042137033422478
1461.5744390949915 747.0 14.816001992241757 9.058812933508307
1461.397983798109 747.0 14.85982772272727 9.075488933478482
1461.2209781181662 747.0 14.90377262992983 9.092155633494258
1461.0434209058462 747.0 14.947836772439114 9.10910983348731
1460.865311010663 747.0 14.992020207033926 9.125780233531259
1460.686647280972 747.0 15.036322988662507 9.142459833528847
1460.5074285639844 747.0 15.080745170422718 9.159132433473133
1460.3276537057777 747.0 15.125286803542108 9.175802133511752
1460.1473215513092 747.0 15.169947937357847 9.192469833418727
1459.9664309444279 747.0 15.214728619296535 9.209145233500749
1459.7849807278874 747.0 15.259628894853885 9.225817333441228
1459.602969743358 747.0 15.30464880757428 9.242496333434246
1459.42039683144 747.0 15.349788399030198 9.259182133479044
1459.2372608316766 747.0 15.395047708801515 9.27586513350252
1459.0535605825658 747.0 15.44042677445468 9.29254933341872
1458.8692949215742 747.0 15.485925631521752 9.309219333459623
1458.6844626851503 747.0 15.53154431347932 9.325890333508141
1458.4990627087363 747.0 15.577282851727281 9.342605833429843
1458.3130938267832 747.0 15.623141275567512 9.359284833422862
1458.1265548727622 747.0 15.669119612182378 9.375964233418927
1457.9394446791796 747.0 15.715217886613136 9.392633433453739
1457.7517620775893 747.0 15.761436121738202 9.409303133492358
1457.563505898607 747.0 15.80777433825128 9.42608083342202
1457.3746749719232 747.0 15.854232554639369 9.442758033517748
1457.1852681263176 747.0 15.900810787160632 9.459435633500107
1456.9952841896722 747.0 15.947509049822136 9.476116833509877
1456.804721988986 747.0 15.994327354357461 9.492789533454925
1456.6135803503887 747.0 16.041265710204172 9.50945693347603
1456.4218580991542 747.0 16.088324124481165 9.526131433434784
1456.2295540597156 747.0 16.135502601965875 9.542802133481018
1456.0366670556791 747.0 16.182801145071352 9.559472933528014
1455.8431959098382 747.0 16.230219753823203 9.5761455334723
1455.6491394441887 747.0 16.2777584258364 9.592913333442993
1455.4544964799425 747.0 16.325417156291962 9.609580433461815
1455.2592658375427 747.0 16.37319593791349 9.63762873352971
1455.0634463366785 747.0 16.421094760943575 9.654761333484203
1454.867036796299 747.0 16.469113613120072 9.671536833513528
1454.67003603463 747.0 16.51725247965224 9.688411033479497
1454.4724428691864 747.0 16.565511343196732 9.705203433521092
1454.2742561167897 747.0 16.613890183833487 9.721885433420539
1454.0754745935822 747.0 16.662388979041438 9.738556333468296
1453.8760971150418 747.0 16.711007703674127 9.755232433439232
1453.676122495998 747.0 16.759746329935158 9.77190473349765
1453.4755495506477 747.0 16.808604827353523 9.788578733452596
1453.2743770925695 747.0 16.857583162758804 9.805247833486646
1453.0726039347408 747.0 16.90668130025621 9.822523533483036
1452.8702288895527 747.0 16.955899201201518 9.839200633461587
1452.667250768826 747.0 17.005236824175835 9.856221533496864
1452.4636683838278 747.0 17.054694124960264 9.872897433466278
1452.2594805452861 747.0 17.104271056510402 9.889573733438738
1452.0546860634074 747.0 17.153967568930724 9.90624223346822
1451.8492837478923 747.0 17.203783609448823 9.923019633512013
1451.643272407952 747.0 17.253719122389505 9.939928033505566
1451.4366508523249 747.0 17.303774049148767 9.956595633528195
1451.2294178892926 747.0 17.35394832816763 9.973268733476289
1451.0215723266972 747.0 17.40424189490582 9.989935733494349
1450.813112971958 747.0 17.454654681815345 10.006612733472139
1450.6040386320874 747.0 17.505186618313918 10.023281733505428
1450.3943481137094 747.0 17.555837630758234 10.039950433420017
1450.1840402230757 747.0 17.606607642417135 10.056619733455591
1449.973113766083 747.0 17.65749657344463 10.073298933450133
1449.7615675482905 747.0 17.708504340852766 10.089969733497128
1449.549400374937 747.0 17.759630858484392 10.106637433520518
1449.3366110509585 747.0 17.810876036985764 10.123314133496024
1449.123198381006 747.0 17.862239783779025 10.139985533431172
1448.909161169463 747.0 17.91372200303455 10.156654733465984
1448.6944982204636 747.0 17.96532259564316 10.173829433508217
1448.4792083379098 747.0 18.017041459188192 10.190504733473063
1448.26329032549 747.0 18.06887848791746 10.207184133469127
1448.0467429866976 747.0 18.12083357271504 10.223853033501655
1447.8295651248482 747.0 18.17290660107297 10.240549733513035
1447.6117555430985 747.0 18.225097457062787 10.257222433458082
1447.393313044465 747.0 18.277406021306945 10.273895633523352
1447.1742364318425 747.0 18.329832170950084 10.290567533462308
1446.9545245080221 747.0 18.3823757796302 10.307237733504735
1446.7341760757113 747.0 18.435036717449645 10.323917933506891
1446.5131899375517 747.0 18.48781485094604 10.340591933461837
1446.2915648961389 747.0 18.540710043063022 10.357262833509594
1446.0692997540411 747.0 18.593722153120872 10.374138533486985
1445.846393313819 747.0 18.646851036787023 10.390806733514182
1445.6228443780442 747.0 18.70009654604644 10.407489033532329
1445.3986517493197 747.0 18.753458529171855 10.424166333512403
1445.1738142302993 747.0 18.806936830693903 10.44084243348334
1444.9483306237069 747.0 18.860531291371103 10.457510033505969
1444.7221997323568 747.0 18.914241748159743 10.474176933523268
1444.4954203591735 747.0 18.968068034183606 10.490844333427958
1444.267991307212 747.0 19.02200997870361 10.507612533518113
1444.039911379678 747.0 19.076067407087297 10.524289833498187
1443.8111793799478 747.0 19.13024014077821 10.540963133447804
1443.5817941115897 747.0 19.184527997265143 10.557631633477286
1443.351754378384 747.0 19.238930790051292 10.574302933528088
1443.121058984343 747.0 19.293448328623256 10.590976533479989
1442.8897067337339 747.0 19.348080418419936 10.607916133478284
1442.6576964310975 747.0 19.402826860801323 10.624592433450744
1442.425026881271 747.0 19.457687453017147 10.641268333420157
1442.1916968894081 747.0 19.512661988175438 10.65794303349685
1441.9577052610014 747.0 19.567750255210953 10.674642933532596
1441.723050801903 747.0 19.6229520388535 10.691325733438134
1441.4877323183464 747.0 19.678267119596146 10.708149433485232
1441.2517486169688 747.0 19.73369527366331 10.7248262334615
1441.0150985048324 747.0 19.78923627297876 10.741495233494788
1440.7777807894463 747.0 19.844889885133483 10.758169433451258
1440.539794278789 747.0 19.90065587335348 10.7748393334914
1440.3011377813311 747.0 19.956533996467407 10.791517133475281
1440.0618101060566 747.0 20.01252400887416 10.808195033459924
1439.8218100624865 747.0 20.068625660510328 10.82486793352291
1439.5811364607014 747.0 20.124838696817562 10.841551333433017
1439.3397881113633 747.0 20.181162858709833 10.8582268335158
1439.0977638257402 747.0 20.237597882540594 10.875006533460692
1438.8550624157278 747.0 20.294143500069858 10.891676533501595
1438.6116826938737 747.0 20.35079943843116 10.908615233493038
1438.3676234734005 747.0 20.40756542009845 10.925292833475396
1438.1228835682289 747.0 20.46444116285288 10.94196353352163
1437.877461793002 747.0 20.5214263797495 10.958638233481906
1437.6313569631095 747.0 20.578520779083888 10.975308733526617
1437.3845678947102 747.0 20.63572406435867 10.992231433512643
1437.1370934047577 747.0 20.693035934249963 11.008909333497286
1436.8889323110238 747.0 20.750456082573756 11.025596333434805
1436.6400834321234 747.0 20.80798419825219 11.042270233505405
1436.3905455875386 747.0 20.865619965279766 11.05894683348015
1436.1403175976436 747.0 20.92336306268949 11.075623533455655
1435.8893982837299 747.0 20.981213164518923 11.092300033429638
1435.637786468031 747.0 21.0391699397762 11.108974333503284
1435.3854809737477 747.0 21.097233052405937 11.125655333511531
1435.1324806250734 747.0 21.155402161255097 11.142340633436106
1434.8787842472198 747.0 21.2136769200388 11.15902893349994
1434.624390666442 747.0 21.272056977306057 11.175916633452289
1434.369298710065 747.0 21.33054197640546 11.192590733524412
1434.1135072065094 747.0 21.389131555450803 11.209265833487734
1433.8570149853174 747.0 21.447825347286663 11.22615123342257
1433.5998208771791 747.0 21.506622979453937 11.242820033454336
1433.3419237139592 747.0 21.565524074155313 11.259490233496763
1433.0833223287234 747.0 21.624528248220724 11.276166633469984
1432.8240155557655 747.0 21.683635113072736 11.292843133443967
1432.5640022306338 747.0 21.742844274691922 11.309517333516851
1432.303281190159 747.0 21.802155333582192 11.326186533435248
1432.0418512724802 747.0 21.861567884736093 11.343200433533639
1431.779711317074 747.0 21.921081517600083 11.360485833487473
1431.5168601647813 747.0 21.980695816039784 11.377159333438613
1431.2532966578344 747.0 22.04041035830521 11.393839033436961
1430.9890196398865 747.0 22.100224716995978 11.410510133486241
1430.7240279560385 747.0 22.16013845902653 11.427185833454132
1430.458320452868 747.0 22.220151145591306 11.44385613349732
1430.1918959784582 747.0 22.28026233212994 11.460529133444652
1429.9247533824253 747.0 22.34047156829245 11.49082443350926
1429.6568915159482 747.0 22.400778397904425 11.50750073348172
1429.388309231798 747.0 22.46118235893222 11.524177833460271
1429.1190053843666 747.0 22.521682983448176 11.540928433532827
1428.8489788296954 747.0 22.58227979759583 11.557603133493103
1428.5782284255065 747.0 22.642972321555163 11.574278633459471
1428.3067530312312 747.0 22.703760069507876 11.59110373351723
1428.0345515080407 747.0 22.76464254960267 11.607783433515579
1427.7616227188757 747.0 22.82561926392059 11.62445573345758
1427.4879655284772 747.0 22.886689708440386 11.641133233439177
1427.2135788034166 747.0 22.94785337300392 11.658292233478278
1426.9384614121268 747.0 23.009109741281627 11.674965833430178
1426.662612224933 747.0 23.070458290738024 11.691634933464229
1426.3860301140835 747.0 23.131898492597276 11.708304133499041
1426.1087139537817 747.0 23.193429811808826 11.724981133476831
1425.8306626202168 747.0 23.2550517070131 11.741656533442438
1425.5518749915964 747.0 23.316763630507264 11.758326933486387
1425.2723499481774 747.0 23.37856502821109 11.775319233420305
1424.9920863722987 747.0 23.440455339632873 11.791997033520602
1424.7110831484138 747.0 23.502433997835478 11.80867733352352
1424.4293391631224 747.0 23.56450042940244 11.825347933452576
1424.1468533052043 747.0 23.6266540544042 11.84202143352013
1423.8636244656511 747.0 23.688894286364423 11.859124933485873
1423.5796515377003 747.0 23.75122053222646 11.875802233465947
1423.2949334168682 747.0 23.81363219231989 11.892494733445346
1423.0094690009835 747.0 23.876128660327232 11.909175833454356
1422.7232571902211 747.0 23.938709323250755 11.925844033481553
1422.4362968871365 747.0 24.001373561379445 11.942514333524741
1422.1485869966991 747.0 24.06412074825612 11.959182633436285
1421.8601264263277 747.0 24.12695025064468 11.975855733500794
1421.5709140859242 747.0 24.189861428497537 11.992529633454978
1421.2809488879088 747.0 24.252853634923213 12.00921853352338
1420.9902297472559 747.0 24.315926216154082 12.0258975335164
1420.6987555815276 747.0 24.37907851151434 12.042571533471346
1420.4065253109113 747.0 24.442309853388117 12.059248533449136
1420.113537858254 747.0 24.50561956718782 12.089051733491942
1419.8197921490987 747.0 24.56900697132267 12.105753733427264
1419.5252871117214 747.0 24.63247137716742 12.122427833499387
1419.230021677166 747.0 24.696012089031363 12.139103333465755
1418.9339947792823 747.0 24.759628404127497 12.155790533521213
1418.6372053547627 747.0 24.823319612541958 12.172464433475398
1418.3396523431788 747.0 24.887084997203697 12.189539033453912
1418.0413346870193 747.0 24.95092383385441 12.206213033525273
1417.7422513317276 747.0 25.014835391018718 12.222884433460422
1417.4424012257396 747.0 25.078818929974624 12.240025733481161
1417.1417833205214 747.0 25.142873704724256 12.256711333524436
1416.8403965706086 747.0 25.20699896196489 12.273619533516467
1416.5382399336443 747.0 25.27119394106026 12.29029603349045
1416.235312370418 747.0 25.335457874012207 12.306975333485752
1415.9316128449047 747.0 25.399789985432587 12.323658133507706
1415.6271403243045 747.0 25.464189492515576 12.34087923343759
1415.3218937790818 747.0 25.528655605010247 12.35755453351885
1415.015872183006 747.0 25.593187525193525 12.374330333434045
1414.7090745131902 747.0 25.65778444784349 12.391453833435662
1414.4014997501333 747.0 25.72244556021304 12.408454233431257
1414.0931468777592 747.0 25.787170042003932 12.425136633450165
1413.7840148834584 747.0 25.851957065341214 12.441811133525334
1413.4741027581292 747.0 25.916805794748033 12.458497633459046
1413.163409496219 747.0 25.98171538712088 12.475166833493859
1412.8519340957655 747.0 26.04668499170522 12.49184113345109
1412.5396755584395 747.0 26.111713750071583 12.508513533510268
1412.2266328895867 747.0 26.176800796092067 12.525184933445416
1411.9128050982702 747.0 26.2419452559173 12.541858133510686
1411.598191197313 747.0 26.307146247953877 12.55852913344279
1411.282790203342 747.0 26.37240288284225 12.5751996334875
1410.96660113683 747.0 26.43771426343511 12.592375333420932
1410.64962302214 747.0 26.503079484776297 12.609043833450414
1410.3318548875693 747.0 26.568497634080156 12.625719133531675
1410.0132957653932 747.0 26.63396779071148 12.642614833428524
1409.6939446919093 747.0 26.699489026165942 12.6592828334542
1409.3738007074828 747.0 26.765060404051095 12.675949633470736
1409.0528628565908 747.0 26.83068098006793 12.69287843350321
1408.7311301878678 747.0 26.896349801992987 12.709550433442928
1408.4086017541522 747.0 26.962065909661085 12.726220433483832
1408.0852766125302 747.0 27.027828334948612 12.74290213349741
1407.7611538243837 747.0 27.093636101757458 12.759575333446264
1407.4362324554359 747.0 27.15948822599955 12.776253833435476
1407.110511575798 747.0 27.225383715582037 12.792926033493131
1406.7839902600165 747.0 27.291321570393126 12.809709433466196
1406.4566675871204 747.0 27.357300782288576 12.826428433530964
1406.1285426406687 747.0 27.423320335078877 12.843154833419248
1405.7996145087982 747.0 27.489379204517128 12.860284533468075
1405.4698822842718 747.0 27.55547635828761 12.876963033457287
1405.1393450645273 747.0 27.621610755995096 12.905469633522443
1404.8080019517256 747.0 27.68778134915489 12.922139633446932
1404.4758520528003 747.0 27.753987081183606 12.939372933469713
1404.1428944795066 747.0 27.820226887390742 12.956048733438365
1403.8091283484716 747.0 27.886499694971015 12.972731933463365
1403.4745527812438 747.0 27.95280442299749 12.989411133457907
1403.1391669043435 747.0 28.019139982415542 13.00610533345025
1402.8029698493133 747.0 28.085505276037615 13.023611933458596
1402.4659607527697 747.0 28.151899198538853 13.040287233423442
1402.1281387564532 747.0 28.218320636453573 13.05695823347196
1401.789503007281 747.0 28.28476846817262 13.073627133504488
1401.450052657398 747.0 28.351241563941596 13.090300333453342
1401.1097868642291 747.0 28.417738785860035 13.106970733497292
1400.7687047905324 747.0 28.484258987881447 13.124361933441833
1400.4268056044507 747.0 28.550801015814343 13.141202633501962
1400.084088479566 747.0 28.617363707324202 13.157876233453862
1399.7405525949516 747.0 28.6839458919364 13.174543933477253
1399.3961971352269 747.0 28.750546391040142 13.191814133431762
1399.0510212906108 747.0 28.817164017893397 13.208486333489418
1398.7050242569762 747.0 28.883797577628847 13.225236533442512
1398.358205235905 747.0 28.950445867260886 13.241910433513112
1398.0105634347426 747.0 29.017107675693666 13.258593233418651
1397.6620980666535 747.0 29.083781783730227 13.275266033480875
1397.312808350677 747.0 29.15046696408271 13.29194333346095
1396.9626935117826 747.0 29.217161981383683 13.308610233478248
1396.6117527809274 747.0 29.283865592198584 13.325280533521436
1396.2599853951115 747.0 29.350576545039328 13.34194883343298
1395.9073905974353 747.0 29.41729358037905 13.358625333523378
1395.5539676371573 747.0 29.484015430668048 13.375292433425784
1395.1997157697506 747.0 29.55074082035091 13.392026333487593
1394.8446342569619 747.0 29.617468465884865 13.408698633429594
1394.4887223668688 747.0 29.68419707575935 13.425369933480397
1394.1319793739387 747.0 29.750925350516855 13.442044233437628
1393.7744045590875 747.0 29.817651982775008 13.45871133345645
1393.415997209739 747.0 29.884375657249972 13.475386433419771
1393.056756619884 747.0 29.951095050781127 13.492087333463132
1392.6966820901403 747.0 30.017808832357087 13.508761233533733
1392.3357729278127 747.0 30.084515663143055 13.525434933486395
1391.9740284469535 747.0 30.15121419650954 13.542110733455047
1391.6114479684231 747.0 30.217903078062445 13.558791033457965
1391.2480308199515 747.0 30.284580945674566 13.57547183346469
1390.8837763361987 747.0 30.35124642951849 13.59261043346487
1390.5186838588174 747.0 30.41789815210093 13.609279033495113
1390.1527527365147 747.0 30.484534728298517 13.625952133443207
1389.7859823251138 747.0 30.551154765395065 13.642623633495532
1389.418371987617 747.0 30.617756863120306 13.65929323353339
1389.0499210942696 747.0 30.684339613690153 13.67598723352421
1388.6806290226211 747.0 30.75090160184846 13.69265933346469
1388.3104951575906 747.0 30.817441404910372 13.709334433428012
1387.9395188915294 747.0 30.88395759280717 13.726006233482622
1387.567699624286 747.0 30.950448728132756 13.742674033506773
1387.19503676327 747.0 31.01691336619169 13.759385733515956
1386.8215297235172 747.0 31.083350055048882 13.78885333344806
1386.447177927754 747.0 31.149757335580873 13.80552513350267
1386.0719808064634 747.0 31.216133741528804 13.822199533460662
1385.6959377979506 747.0 31.282477799553025 13.8388743334217
1385.3190483484086 747.0 31.348788029289413 13.855542233446613
1384.9413119119845 747.0 31.41506294340737 13.872260333504528
1384.562727950846 747.0 31.48130104766957 13.888927533524111
1384.1832959352482 747.0 31.547500840993408 13.905594533425756
1383.8030153436007 747.0 31.613660815514223 13.922269133501686
1383.4218856625346 747.0 31.67977945665031 13.93894093343988
1383.0399063869709 747.0 31.74585524316968 13.955612233490683
1382.6570770201874 747.0 31.811886647258657 13.9727696335176
1382.2733970738875 747.0 31.87787213459228 13.989445733488537
1381.8888660682685 747.0 31.943810164406546 14.00612083345186
1381.5034835320898 747.0 32.0096991895725 14.023624633438885
1381.1172490027427 747.0 32.075537656672225 14.040703133447096
1380.7301620263188 747.0 32.14132400607665 14.057413833448663
1380.3422221576795 747.0 32.20705667202533 14.074264933471568
1379.9534289605265 747.0 32.2727340827081 14.090949433506466
1379.5637820074703 747.0 32.33835466034865 14.10762043343857
1379.1732808801016 747.0 32.40391682129008 14.12472003349103
1378.7819251690612 747.0 32.46941897608239 14.141390733420849
1378.3897144741106 747.0 32.534859529571904 14.158061433467083
1377.9966484042027 747.0 32.60023688099278 14.174733433523215
1377.602726577553 747.0 32.6655494240604 14.192000633454882
1377.207948621711 747.0 32.730795547066855 14.20868103345856
1376.8123141736312 747.0 32.795973632978395 14.225356233422644
1376.4158228797455 747.0 32.86108205953498 14.24202493345365
1376.0184743960342 747.0 32.92611919935181 14.258697633515112
1375.6202683880983 747.0 32.991083420022946 14.275827533449046
1375.2212045312324 747.0 33.055973084227006 14.293653133441694
1374.8212825104963 747.0 33.12078654983492 14.322784433490597
1374.4205020207878 747.0 33.18552217001978 14.339717133436352
1374.0188627669154 747.0 33.25017829336882 14.356384733458981
1373.6163644636713 747.0 33.31475326399744 14.373057633521967
1373.2130068359043 747.0 33.37924542166541 14.389833233435638
1372.8087896185932 747.0 33.44365310189516 14.406507533509284
1372.4037125569198 747.0 33.50797463609221 14.423175833420828
1371.9977754063427 747.0 33.57220835166775 14.439849233487621
