1499.9992137387055 747.0 29.999312752983496 0.07485480001196265
1499.9968552723426 747.0 29.996605084238492 0.33487743337173015
1499.992924407013 747.0 29.992228657182206 0.37557833339087665
1499.9874207586033 747.0 29.985966608876467 0.39224713342264295
1499.9803446207948 747.0 29.978168367705095 0.4089138334384188
1499.9716960807605 747.0 29.968614257290294 0.4255879333941266
1499.9614754638283 747.0 29.95708965652485 0.4422639333643019
1499.9496833326632 747.0 29.94394559711113 0.4589314333861694
1499.9363200754462 747.0 29.92897019516402 0.47560633334796876
1499.9213867296212 747.0 29.91249704401391 0.49227823340334
1499.9048841387787 747.0 29.894315887813708 0.5091359333600849
1499.8868137831118 747.0 29.874758292657543 0.5258102334337309
1499.8671769337466 747.0 29.85361142068325 0.5424870334099978
1499.8459750780949 747.0 29.830667509048965 0.5591622333740816
1499.82320991931 747.0 29.806259643365834 0.5758294333936647
1499.7988829825001 747.0 29.780182787131256 0.5925051333615556
1499.7729964025343 747.0 29.75275342278963 0.6091745333978906
1499.7455521181225 747.0 29.723768174592546 0.6258499333634973
1499.716552665658 747.0 29.693541666022067 0.6425373334204778
1499.6860003712495 747.0 29.661868136236887 0.6592141333967447
1499.653897757133 747.0 29.628546982038866 0.6758907333714887
1499.6202475414666 747.0 29.593894157916075 0.6925649334443733
1499.5850522620658 747.0 29.557711752930924 0.7092416334198788
1499.548315029093 747.0 29.520299899582934 0.7259472333826125
1499.51003875553 747.0 29.481462360647804 0.742623733356595
1499.4702269150914 747.0 29.441497547950046 0.7592968334211037
1499.4288827712933 747.0 29.400207010421177 0.7759723333874717
1499.3860097651689 747.0 29.357397595649356 0.7926573334261775
1499.341611515465 747.0 29.313368767362462 0.8093314333818853
1499.295691459528 747.0 29.26744675331154 0.8260038334410638
1499.248252915857 747.0 29.22021116138851 0.8426722333533689
1499.1992993635795 747.0 29.17113926100077 0.8593484334414825
1499.1488344287745 747.0 29.12080021260957 0.876023133401759
1499.0968618913948 747.0 29.06867918502034 0.8927585333585739
1499.0433856719915 747.0 29.015335035200557 0.9094316334230825
1498.9884098384587 747.0 28.960260805659452 0.92609913344495
1498.9319385931624 747.0 28.904005184749177 0.9427660333458334
1498.8739762794974 747.0 28.846069066736113 0.9594434334430844
1498.8145273694238 747.0 28.786991097656696 0.976115933386609
1498.753596469827 747.0 28.726280005238053 0.9927856334252283
1498.6911883104656 747.0 28.66446451136906 1.009459933382459
1498.6273077501228 747.0 28.60106116248651 1.0261270334012806
1498.5619597649709 747.0 28.536588866786857 1.0428955333773047
1498.495149454506 747.0 28.470571978099294 1.0595633334014565
1498.4268820303291 747.0 28.40351969406243 1.0762336334446445
1498.3571628218567 747.0 28.334964167897304 1.092908533406444
1498.2859972655228 747.0 28.265404982867647 1.1095825333613902
1498.2133909102547 747.0 28.194382086780518 1.1262639333726838
1498.1393490507187 747.0 28.122093012877734 1.1429336334113032
1498.0638773737517 747.0 28.04873198680411 1.1596051333472133
1497.9869819239311 747.0 27.973966771595887 1.1762766333995387
1497.908668719313 747.0 27.898499264019947 1.1929522333666682
1497.8289441154461 747.0 27.821489444125955 1.2097275333944708
1497.7478140444512 747.0 27.74362700983501 1.2263952334178612
1497.6652847916923 747.0 27.664094866978118 1.2430726333986968
1497.581362242988 747.0 27.583580978944784 1.2597475333604962
1497.4960526514174 747.0 27.501775328052837 1.2764236334478483
1497.4093622413366 747.0 27.418856386568454 1.293100833427161
1497.3212975826857 747.0 27.33500026591192 1.3097702333470806
1497.2318655611145 747.0 27.249900126034216 1.326447033439763
1497.1410730243663 747.0 27.1641964263735 1.3431171333650127
1497.0489271171034 747.0 27.07665358353092 1.3754032334545627
1496.9554339426925 747.0 26.988125181544405 1.392868333379738
1496.8606001937937 747.0 26.898427892517304 1.4095354333985597
1496.764432729013 747.0 26.80737759738143 1.4262069334508851
1496.6669385794562 747.0 26.7157850942867 1.442880633403547
1496.5681252885609 747.0 26.622481481483685 1.4595530333463103
1496.467999446208 747.0 26.52827165308616 1.4762209333712235
1496.3665681908924 747.0 26.4329816316314 1.492889333399944
1496.2638388110329 747.0 26.336436187594177 1.5095618333434686
1496.1598187496593 747.0 26.2393990298806 1.5262312333798036
1496.0545159260903 747.0 26.140767169089674 1.5429039334412664
1495.9479370076854 747.0 26.040978568833538 1.5595731333596632
1495.8400893963867 747.0 25.940463468049973 1.576248933444731
1495.7309811752327 747.0 25.838167238754316 1.592920433380641
1495.6206192729544 747.0 25.735000247165072 1.6095916334306821
1495.5090113226277 747.0 25.630895138521716 1.6262791333720088
1495.3961652548974 747.0 25.525312986631576 1.6429806334199384
1495.2820885972283 747.0 25.419114906101044 1.6597939333878458
1495.16678952225 747.0 25.311775675174097 1.6764674334554002
1495.0502757927534 747.0 25.202825814899953 1.6931394333951175
1494.93255489753 747.0 25.093260992730244 1.7098129333462566
1494.8136351412134 747.0 24.982621580458467 1.726488633430563
1494.6935245293294 747.0 24.870458055556373 1.7431597333634272
1494.5722308000065 747.0 24.757720852543493 1.7598354334477335
1494.4497624658359 747.0 24.643970702813302 1.7765076333889738
1494.326127749623 747.0 24.52833215835308 1.7931802334496751
1494.20133398939 747.0 24.411877181259996 1.8098519333871081
1494.075389468154 747.0 24.29470388324711 1.8265236334409565
1493.948302995614 747.0 24.175975347718975 1.8431973333936185
1493.8200821699318 747.0 24.05624321241945 1.859872933360748
1493.6907354740133 747.0 23.936049535710204 1.87654213339556
1493.5602722156484 747.0 23.814594769786645 1.8932127334410325
1493.428700528343 747.0 23.69157480489036 1.9098804333480075
1493.2960284905905 747.0 23.568061097439955 1.9265560334315524
1493.1622651400942 747.0 23.443754390467866 1.943225433351472
1493.0274194139672 747.0 23.31792266775516 1.959896633401513
1492.8914991919476 747.0 23.190781692019527 1.976570333354175
1492.7545130798364 747.0 23.063452816876314 1.9932398333912715
1492.6164706903635 747.0 22.935233950505676 2.0099068334093317
1492.4773809267842 747.0 22.80545480204645 2.0265836333855987
1492.3372517290893 747.0 22.674375698500672 2.0432615333702415
1492.196091822194 747.0 22.54314556104984 2.0599373334553093
1492.0539109881431 747.0 22.411121393937655 2.076607233379036
1491.910718375913 747.0 22.277690299273857 2.093282233341597
1491.7665222474247 747.0 22.142272508337285 2.1099519333802164
1491.6213304079308 747.0 22.006139265771278 2.1266231334302574
1491.475151928453 747.0 21.869628896249356 2.1436750333523378
1491.3279967263293 747.0 21.732183570349658 2.1603444333886728
1491.1798738854131 747.0 21.593274505195673 2.177016533445567
1491.030791731509 747.0 21.452404849388458 2.1936957334401086
1490.8807582453414 747.0 21.310872321829812 2.2103640333516523
1490.7297827284624 747.0 21.169068329109763 2.2270412334473804
1490.577875391118 747.0 21.026513587210967 2.2437216334510595
1490.4250457166206 747.0 20.882755164434514 2.260398133425042
1490.2713025280368 747.0 20.73736890752388 2.277066233451478
1490.1166540566453 747.0 20.589961643923182 2.2937342333607376
1489.961108346157 747.0 20.441928208329998 2.3104082334320992
1489.8046749060634 747.0 20.293756940091757 2.3270822333870456
1489.6473642916578 747.0 20.145065043316958 2.344050233368762
1489.489186462446 747.0 19.995492681877405 2.3607193334028125
1489.3301508380764 747.0 19.844704845865948 2.3774336334317923
1489.1702663554868 747.0 19.692393027622042 2.394109533401206
1489.009541526894 747.0 19.53827669946319 2.410807733424008
1488.847984498252 747.0 19.382104586593183 2.427588333375752
1488.6856034360474 747.0 19.225377501847422 2.444256433402188
1488.5224081392362 747.0 19.06870335304532 2.460927133448422
1488.3584096155191 747.0 18.91183162657307 2.4775998333934695
1488.1936184570454 747.0 18.7545299661558 2.494266933412291
1488.0280448815622 747.0 18.59658527940485 2.5109403333626688
1487.8616987740293 747.0 18.437804701387037 2.5276097333990037
1487.6945897284343 747.0 18.278016411248757 2.5442788334330544
1487.5267270895547 747.0 18.117070298920567 2.5609464334556833
1487.358119994408 747.0 17.954838479929258 2.5776213334174827
1487.1887774131455 747.0 17.791215657347774 2.5951428334228694
1487.0187081891474 747.0 17.626119330913404 2.6118096334394068
1486.847921078089 747.0 17.4594898543348 2.6287761334097013
1486.6764247857554 747.0 17.291290342782762 2.6454465334536508
1486.504228004397 747.0 17.12150643351183 2.662123133428395
1486.3313394474276 747.0 16.950145903483683 2.678794633364305
1486.1577678822837 747.0 16.777238148752414 2.6954706334508955
1485.983522161275 747.0 16.602833531220526 2.7121613334165886
1485.808611250276 747.0 16.427002599176717 2.7288357333745807
1485.6330442551207 747.0 16.249835188776668 2.7455110334558412
1485.4568304455815 747.0 16.071439414321087 2.7621808333788067
1485.2799792768321 747.0 15.891940555816099 2.7788556333398446
1485.1025004083087 747.0 15.711479852865688 2.795557033387013
1484.9244037199037 747.0 15.530213214440094 2.8122299334499985
1484.7456993254457 747.0 15.34830985448508 2.8289036334026605
1484.566397583434 747.0 15.165950863681918 2.8455734334420413
1484.3865091050186 747.0 14.983327727935093 2.8622442333726212
1484.2060447592278 747.0 14.80064080435293 2.8792641334002838
1484.0250156754723 747.0 14.618097765595028 2.895932033425197
1483.843433243362 747.0 14.435912023490024 2.912607033387758
1483.6613091098952 747.0 14.254301142778656 2.9292754334164783
1483.4786551740924 747.0 14.073485255712049 2.9459449334535748
1483.2954835791625 747.0 13.893685488036091 2.962619133410044
1483.111806702304 747.0 13.715122406622552 2.9792954333825037
1482.9276371422582 747.0 13.538014498669783 2.9959647334180772
1482.7429877047398 747.0 13.362576691994633 3.012639933382161
1482.5578713858872 747.0 13.189018925476915 3.0296404333785176
1482.3723013538818 747.0 13.017544778203487 3.046315033454448
1482.1862909288939 747.0 12.84835016529579 3.0629852333804592
1481.9998535615246 747.0 12.681622107798173 3.0796584334457293
1481.8130028099154 747.0 12.51753758335995 3.096327133360319
1481.6257523157064 747.0 12.356262463767832 3.113243833417073
1481.438115779027 747.0 12.197950544682842 3.129918233375065
1481.2501069327036 747.0 12.042742672212785 3.146585833397694
1481.0617395158765 747.0 11.890765970213723 3.1632569334469736
1480.8730272472114 747.0 11.742133171467026 3.179934533429332
1480.6839837978966 747.0 11.596942055128173 3.1966045333538204
1480.4946227646105 747.0 11.455274992094512 3.2132732333848253
1480.3049576426433 747.0 11.317198599197043 3.22995263338089
1480.1150017993534 747.0 11.182763502390337 3.246622933424078
1479.924768448129 747.0 11.052004208399907 3.2639147334266454
1479.7342706230256 747.0 10.92493908359156 3.2805893333861604
1479.5435211542374 747.0 10.801570438156665 3.2972580334171653
1479.3525326445547 747.0 10.68188471306447 3.31393193337135
1479.1613174469508 747.0 10.56585276662084 3.330605533439666
1478.9698876434297 747.0 10.453430256895203 3.3472733333474025
1478.778255025258 747.0 10.344558115736788 3.3639471334172413
1478.5864310746913 747.0 10.239163109599739 3.380621633375995
1478.3944269482956 747.0 10.137158481936607 3.397301133372821
1478.202253461949 747.0 10.038444671502823 3.4139684333931655
1478.0099210776007 747.0 9.942910100542434 3.4306352334097028
1477.8174398918468 747.0 9.85043202649903 3.4473108333768323
1477.6248196263757 747.0 9.760877450616087 3.4641895333770663
1477.4320696203154 747.0 9.674104076558693 3.4808576334035024
1477.2391988245088 747.0 9.589961312003995 3.4975307333515957
1477.0462157977263 747.0 9.508291306010872 3.514204033417627
1476.8531287048131 747.0 9.428930014889998 3.530879433383234
1476.6599453167573 747.0 9.351708289253128 3.5476368333911523
1476.4666730126523 747.0 9.276452974924494 3.5643087334465235
1476.2733187835129 747.0 9.202988020446472 3.5811660334002227
1476.0798892378973 747.0 9.131135584005152 3.5978394333506003
1475.8863906092743 747.0 9.060717132737505 3.6145164334448054
1475.6928287650633 747.0 8.991554527559014 3.6311885333852842
1475.4992092172695 747.0 8.923471086866945 3.6478598334360868
1475.3055371346222 747.0 8.85629262272791 3.665116233401932
1475.1118173561229 747.0 8.789848443446855 3.6825637334259227
1474.9180544058936 747.0 8.723972316735662 3.699265233357437
1474.7242525092204 747.0 8.65850338805078 3.716007733368315
1474.5304156096702 747.0 8.593287049048032 3.7326790334191173
1474.3365473871634 747.0 8.528175751506202 3.749354033381678
1474.142651276873 747.0 8.463029762496552 3.766023433418013
1473.9487304888257 747.0 8.39771785701984 3.782695733360015
1473.7547880280695 747.0 8.332117944793067 3.7993724334519356
1473.56082671528 747.0 8.266117628341751 3.816266633453779
1473.3668492076697 747.0 8.199614690037178 3.8329366333782673
1473.1728580200684 747.0 8.132517506208526 3.849605533410795
1472.9788555460439 747.0 8.064745386954069 3.866278333356604
1472.784844078933 747.0 7.9962288407706605 3.882956533343531
1472.5908258326585 747.0 7.926909763613307 3.8996269333874807
1472.3968029622047 747.0 7.856741552483955 3.916294133407064
1472.2027775836377 747.0 7.785689144127507 3.932966533349827
1472.0087517935533 747.0 7.713728979880835 3.9496362333884463
1471.814727687846 747.0 7.640848898174247 3.96640263334848
1471.620707379696 747.0 7.567047956621893 3.9830820333445445
1471.4266930166789 747.0 7.492336186055353 3.999750233371742
1471.232686796912 747.0 7.416734279250753 4.016423433437012
1471.0386909841532 747.0 7.340273217471935 4.033091733348556
1470.8447079217826 747.0 7.262993838298383 4.049772433354519
1470.6507400456023 747.0 7.1849463485249006 4.066439533373341
1470.4567898953974 747.0 7.106189786208733 4.0831097334157676
1470.2628601252134 747.0 7.026791436197515 4.099779033451341
1470.068953512311 747.0 6.946826203696741 4.116446733358316
1469.87507296477 747.0 6.866375950627574 4.133123833453283
1469.6812215277214 747.0 6.785528799683714 4.149800733430311
1469.4874023882003 747.0 6.70437841111949 4.166757833445445
1469.2936188786136 747.0 6.623023237389755 4.18342553335242
1469.0998744788326 747.0 6.541565760815808 4.200095633394085
1468.9061728169254 747.0 6.4601117194703885 4.216772033367306
1468.7125176685531 747.0 6.3787693264594525 4.233439433388412
1468.518912955061 747.0 6.297648487729507 4.250114033347927
1468.3253627403076 747.0 6.216860023447715 4.266791133442894
1468.1318712262732 747.0 6.1365148978888975 4.283464333391748
1467.9384427475086 747.0 6.056723462620286 4.300152233452536
1467.7450817644792 747.0 5.977594717602923 4.316821533371694
1467.5517928558731 747.0 5.89923559462964 4.333492533420213
1467.358580709945 747.0 5.821750267295433 4.350165433366783
1467.165450114972 747.0 5.7452394914487295 4.366840133443475
1466.972405948901 747.0 5.669799979803616 4.383511633379385
1466.7794531682766 747.0 5.595523814105752 4.400180133408867
1466.586596796531 747.0 5.522497897940694 4.416847933433019
1466.3938419117303 747.0 5.450803452955045 4.4335178333567455
1466.2011936338681 747.0 5.380515560930557 4.450185333378613
1466.0086571117988 747.0 5.311702753811515 4.466859433450736
1465.8162375099048 747.0 5.244426653438755 4.483543933369219
1465.6239399945912 747.0 5.178741662391991 4.500219533452764
1465.4317697207014 747.0 5.114694706988046 4.516895933425985
1465.2397318179449 747.0 5.0523250331285325 4.533567633363418
1465.0478313774279 747.0 4.991664055338673 4.550238733412698
1464.8560734383743 747.0 4.932735258991669 4.566910833353177
1464.6644629751222 747.0 4.875554155372306 4.5836300334194675
1464.4730048844765 747.0 4.820128288901478 4.6002997333416715
1464.2817039734978 747.0 4.766457295521947 4.617048233398236
1464.0905649477988 747.0 4.714533010936767 4.633722133352421
1463.8995924004182 747.0 4.664339627097129 4.6504081333987415
1463.7087908013368 747.0 4.615853895057507 4.667075433419086
1463.5181644876934 747.0 4.569045372054419 4.683747033355758
1463.3277176547535 747.0 4.523876710422107 4.700420033419505
1463.137454347681 747.0 4.480303985735272 4.717278633383103
1462.947378454149 747.0 4.4382770613666205 4.733981633442454
1462.757493697831 747.0 4.397739986466317 4.750650633359328
1462.5678036327968 747.0 4.358631424212228 4.767326433444396
1462.3783116388372 747.0 4.320885107044607 4.784000833402388
1462.1890209177348 747.0 4.284430315487124 4.800671933451667
1461.9999344904888 747.0 4.249192377068032 4.817359033389948
1461.8110551954999 747.0 4.215093181790978 4.834034833358601
1461.6223856877086 747.0 4.182051710564463 4.850707933423109
1461.433928438683 747.0 4.149984572981967 4.867374633438885
1461.2456857376383 747.0 4.1188065508510645 4.88404993340373
1461.0576596933677 747.0 4.08843114389886 4.900722233345732
1460.869852237061 747.0 4.058771114132279 4.917538533452898
1460.682265125977 747.0 4.029739025404343 4.9342138334177434
1460.4948999479366 747.0 4.001247774830721 4.950882333447225
1460.3077581265932 747.0 3.9732111128135905 4.967552133370191
1460.1208409274382 747.0 3.945544148561131 4.984219533391297
1459.934149464491 747.0 3.9181638381395776 5.000887933420017
1459.7476847076216 747.0 3.890989452259503 5.017673733411357
1459.5614474904519 747.0 3.8639430211774703 5.034350333386101
1459.3754385187751 747.0 3.8369497542870694 5.051042233360931
1459.1896583794357 747.0 3.8099384321781167 5.067710833391175
1459.0041075496051 747.0 3.782841769157976 5.084381133434363
1458.818786406391 747.0 3.755596744453011 5.101053933380172
1458.6336952367153 747.0 3.728144900539526 5.11773153336253
1458.4488342473965 747.0 3.700432607290601 5.134402933414094
1458.264203575368 747.0 3.672411290866408 5.1510749333538115
1458.0798032979706 747.0 3.6440376265192844 5.167749133426696
1457.8956334432535 747.0 3.6152736947294737 5.184421433368698
1457.7116940002202 747.0 3.586087100331468 5.201093933428638
1457.527984928957 747.0 3.5564510545327295 5.217770133400336
1457.3445061705856 747.0 3.526344419964806 5.234442533343099
1457.16125765698 747.0 3.495751719139968 5.251115733408369
1456.978239320194 747.0 3.464663106913149 5.267786833341233
1456.7954511015455 747.0 3.4330743077678076 5.28466643334832
1456.6128929603085 747.0 3.4009865189541078 5.301342033431865
1456.4305648819677 747.0 3.3684062807073407 5.3180142333731055
1456.2484668859906 747.0 3.3353453149627184 5.334681833395734
1456.066599033082 747.0 3.301820334158508 5.351350833429024
1455.8849614318824 747.0 3.26785282188208 5.368018733453937
1455.703554245083 747.0 3.23346878726196 5.384694433421828
1455.5223776949288 747.0 3.1986984951427377 5.401370533392765
1455.3414320680874 747.0 3.1635761741980466 5.418044533347711
1455.1607177198694 747.0 3.1281397052393256 5.43472043343354
1454.9802350777823 747.0 3.0924302920643147 5.451390833361074
1454.7999846444131 747.0 3.0564921172589434 5.468064133427106
1454.6199669996333 747.0 3.0203719854192843 5.484738233382814
1454.4401828021269 747.0 2.9841189562965202 5.501422033412382
1454.2606327902456 747.0 2.947783970387468 5.5180927333422005
1454.0813177822008 747.0 2.9114194694962716 5.534762033377774
1453.902238675603 747.0 2.875079014779718 5.551437533344142
1453.7233964463671 747.0 2.838816904759585 5.568271433352493
1453.5447921470022 747.0 2.8026877957409924 5.5849452334223315
1453.366426904311 747.0 2.7667463270164343 5.601617533364333
1453.1883019165255 747.0 2.731046753161716 5.6182903334265575
1453.0104184499082 747.0 2.6956425856430486 5.634963533375412
1452.8327778348541 747.0 2.6605862458549705 5.6516354334307835
1452.655381461526 747.0 2.625928731597365 5.668308233376592
1452.4782307750643 747.0 2.5917192988775772 5.685420133406296
1452.3013272704075 747.0 2.5580051607915126 5.702096933382563
1452.1246724867697 747.0 2.524831205096611 5.718765433412045
1451.9482680018139 747.0 2.492239731940841 5.735439033363946
1451.7721154255678 747.0 2.4602702130564134 5.752110833418556
1451.596216394126 747.0 2.428959073565933 5.768787033390254
1451.4205725631848 747.0 2.398339497383277 5.785455233417451
1451.2451856014557 747.0 2.3684412570228037 5.802373533369973
1451.0700571840016 747.0 2.3392905684596705 5.819047933444381
1450.8951889855439 747.0 2.3109099715121917 5.835725033422932
1450.7205826737825 747.0 2.2833182360454773 5.852399933384731
1450.5462399027745 747.0 2.256530294125088 5.869076533359475
1450.372162306412 747.0 2.230557198081242 5.885753333452158
1450.1983514920441 747.0 2.2054061042792314 5.902425533393398
1450.0248090342773 747.0 2.181080282231132 5.919825333403423
1449.8515364689965 747.0 2.157579148528612 5.936494033434428
1449.6785352876407 747.0 2.1348983249274966 5.953163233352825
1449.5058069317645 747.0 2.1130297197726144 5.970346333342604
1449.3333527879206 747.0 2.09196163181713 5.98701853340026
1449.161174182887 747.0 2.0716788753646895 6.003765233443119
1448.989272379267 747.0 2.05216292554604 6.020450233365409
1448.8176485714846 747.0 2.0333920824347946 6.037125033442862
1448.646303882193 747.0 2.0153416526102936 6.053791933343746
1448.4752393591157 747.0 1.997984146689424 6.070462433388457
1448.3044559723305 747.0 1.9812894912742085 6.087348533445038
1448.1339546120103 747.0 1.9652252536982107 6.104023233405314
1447.9637360866247 747.0 1.9497568779025234 6.120699833380058
1447.7938011216102 747.0 1.9348479297314554 6.137367933406495
1447.6241503585065 747.0 1.9204603499090354 6.154042633366771
1447.4547843545602 747.0 1.9065547129400864 6.170714233419858
1447.285703582789 747.0 1.893090490173794 6.187388433376327
1447.1169084325006 747.0 1.8800263152732106 6.2040581334149465
1446.948399210254 747.0 1.8673202503507709 6.220724833430722
1446.7801761412506 747.0 1.8549300510573277 6.23741103336215
1446.6122393711426 747.0 1.8428134289500786 6.254087933455594
1446.4445889682338 747.0 1.830928309512607 6.27075983339455
1446.2772249260613 747.0 1.819233084257624 6.287430533440784
1446.1101471663283 747.0 1.807686855409325 6.304103933391161
1445.9433555421688 747.0 1.7962496717369796 6.320771933416836
1445.7768498417167 747.0 1.7848827541938304 6.337445233366452
1445.6106297919512 747.0 1.773548710104914 6.354116333415732
1445.4446950627914 747.0 1.7622117347433364 6.370799733442254
1445.2790452714107 747.0 1.7508377992361095 6.387511233449914
1445.1136799867386 747.0 1.7393948238471426 6.404181633377448
1444.9485987341204 747.0 1.7278528357955876 6.42085223342292
1444.7838010001033 747.0 1.716184110881726 6.437521033454686
1444.6192862373157 747.0 1.7043632983091241 6.454196433420293
1444.4550538694089 747.0 1.692367528210116 6.470874533406459
1444.2911032960294 747.0 1.6801765015010004 6.487544233445078
1444.1274338977905 747.0 1.6677725618128862 6.504219633410685
1443.9640450412123 747.0 1.6551407493631183 6.52089563338086
1443.8009360835988 747.0 1.6422688367499259 6.53756333340425
1443.6381063778258 747.0 1.629147346768625 6.554235533345491
1443.47555527701 747.0 1.61576955246067 6.570908933412284
1443.3132821390311 747.0 1.60213145971643 6.587787433410995
1443.1512863308847 747.0 1.588231772858116 6.604462933377363
1442.9895672328398 747.0 1.574071843730204 6.621129633393139
1442.8281242423795 747.0 1.559655604920436 6.6378035333473235
1442.6669567779052 747.0 1.5449894878245054 6.654473133385181
1442.5060642821838 747.0 1.530082326351391 6.671140933409333
1442.3454462255247 747.0 1.5149452471435494 6.687815833371133
1442.1851021086684 747.0 1.4995915472564532 6.7044863334158435
1442.0250314653763 747.0 1.4840365603049395 6.721153033431619
1441.865233864712 747.0 1.4682975121392396 6.737821433343925
1441.7057089130046 747.0 1.4523933671611788 6.754493333399296
1441.5464562554869 747.0 1.4363446664307027 6.77117203339003
1441.3874755776085 747.0 1.420173358744491 6.788515133433975
1441.2287666060188 747.0 1.4039026258919007 6.80518243345432
1441.070329109221 747.0 1.3875567033088458 6.821852233377285
1440.9121628978996 747.0 1.3711606973574935 6.8385201334021986
1440.754267824928 747.0 1.3547404004589751 6.855229633394629
1440.5966437850595 747.0 1.3383221052977763 6.8719014334492385
1440.4392907143113 747.0 1.3219324193003166 6.8885782334255055
1440.2822085890534 747.0 1.3055980805666776 6.905252233380452
1440.1253974248123 747.0 1.289345776403779 6.921920833410695
1439.968857274802 747.0 1.273201965570856 6.938591833342798
1439.812588228202 747.0 1.2571927053042253 6.9552673334255815
1439.6565904081915 747.0 1.2413434841384379 6.971939533366822
1439.5008639697642 747.0 1.2256790614854192 6.98861263343133
1439.3454090973382 747.0 1.2102233148725776 7.005282933358103
1439.1902260021818 747.0 1.1949990956755603 7.021958733443171
1439.0353149196749 747.0 1.1800280941118975 7.038930533453822
1438.8806761064293 747.0 1.1653307141886837 7.055600433377549
1438.7263098372857 747.0 1.1509259592212575 7.072268033400178
1438.5722164022138 747.0 1.1368313284610885 7.088940633344464
1438.418396103133 747.0 1.1230627252903234 7.105621033348143
1438.2648492506805 747.0 1.1096343773582213 7.122291733394377
1438.111576160945 747.0 1.096558768951591 7.1389682333683595
1437.9585771521918 747.0 1.083846585807858 7.155644133454189
1437.8058525415963 747.0 1.0715066724961069 7.172317233402282
1437.6534026420134 747.0 1.0595460024088508 7.1889856334310025
1437.501227758796 747.0 1.0479696603259425 7.205656733363867
1437.3493281866886 747.0 1.0367808374324068 7.222330333432183
1437.1977042068122 747.0 1.025980838594563 7.238998633343726
1437.0463560837584 747.0 1.0155691016240433 7.255671233404428
1436.8952840628108 747.0 1.005543228187644 7.2723473333753645
1436.74448836731 747.0 0.9958990259527719 7.289118833374232
1436.5939691961746 747.0 0.9866305614939314 7.3057955333497375
1436.4437267215947 747.0 0.9777302234255907 7.32246473338455
1436.293761086907 747.0 0.9691887951711717 7.339131533401087
1436.144072404665 747.0 0.9609955367270954 7.355801933445036
1435.9946607549123 747.0 0.9531382747350303 7.372478633420542
1435.8455261836657 747.0 0.9456035001349307 7.38915343338158
1435.6966687016159 747.0 0.9383764726362736 7.406548233353533
1435.5480882830504 747.0 0.9314413312152532 7.423223633435555
1435.3997848650017 747.0 0.9247812098216284 7.43990033341106
1435.2517583466224 747.0 0.9183783574605269 7.4565765333827585
1435.1040085887873 747.0 0.9122142618017759 7.473601033445448
1434.9565354139222 747.0 0.9062697754622486 7.4902685333509
1434.8093386060557 747.0 0.9005252441052221 7.50694313342683
1434.6624179110913 747.0 0.8949606355047444 7.523612033342943
1434.515773037293 747.0 0.8895556687323856 7.54028573341202
1434.3694036559789 747.0 0.8842899426383284 7.556960033369251
1434.223309402415 747.0 0.8791430628183671 7.573628733400255
1434.0774898768998 747.0 0.8740947662827985 7.590301033342257
1433.9319446460293 747.0 0.8691250430721664 7.606979733449407
1433.7866732441328 747.0 0.8642142540980934 7.623654533410445
1433.6416751748661 747.0 0.8593432445247089 7.64032913336996
1433.4969499129509 747.0 0.8544934520471502 7.657001133426093
1433.3524969060452 747.0 0.8496470094679406 7.673717333353125
1433.2083155767334 747.0 0.8447868410193963 7.690389633411542
1433.0644053246185 747.0 0.8398967519302227 7.707059333450161
1432.9207655285043 747.0 0.834961510786758 7.7237318333936855
1432.7773955486496 747.0 0.8299669242935414 7.74040573334787
1432.6342947290825 747.0 0.8248999040936349 7.757105033379048
1432.4914623999568 747.0 0.8197485253660315 7.773772033397108
1432.348897879935 747.0 0.8145020769751552 7.7904419334372506
1432.2066004785838 747.0 0.8091511030055165 7.807119033415802
1432.0645694987663 747.0 0.8036874355726515 7.823787233442999
1431.9228042390164 747.0 0.7981042188591754 7.840460633393377
1431.78130399588 747.0 0.7923959243817609 7.857136933365837
1431.6400680662102 747.0 0.7865583575507552 7.873813733342104
1431.4990957494022 747.0 0.7805886556386391 7.890491033438593
1431.3583863495544 747.0 0.7744852773262916 7.9073146333685145
1431.2179391775464 747.0 0.76824798404674 7.923987633432262
1431.077753553019 747.0 0.7618778133944689 7.9406566333491355
1430.9378288062464 747.0 0.7553770449141589 7.957327033393085
1430.7981642798948 747.0 0.7487491586256917 7.973997733439319
1430.6587593306515 747.0 0.7419987866821559 7.990668433369137
1430.5196133307236 747.0 0.7351316585942329 8.007341033429839
1430.380725669195 747.0 0.7281545404875485 8.024008033447899
1430.2420957532386 747.0 0.7210751688892003 8.04071753344033
1430.1037230091754 747.0 0.713902179565588 8.05738973338157
1429.9656068833817 747.0 0.70664503195578 8.074059133417904
1429.827746843038 747.0 0.6993139297628868 8.090780333383009
1429.6901423767185 747.0 0.691919738280213 8.107456433353946
1429.552792994821 747.0 0.6844738990393278 8.124129733419977
1429.4156982298389 747.0 0.6769883423736122 8.140800133347511
1429.278857636475 747.0 0.6694753984933629 8.157471533399075
1429.1422707915995 747.0 0.6619477076671872 8.17414233344607
1429.0059372940564 747.0 0.6544181300993156 8.190813433378935
1428.8698567643228 747.0 0.6468996560836675 8.207483933423646
1428.734028844025 747.0 0.6394053170031686 8.224157533375546
1428.5984531953184 747.0 0.6319480977270708 8.240878133452497
1428.4631295001373 747.0 0.6245408509400353 8.257546833367087
1428.328057459322 747.0 0.6171962139146813 8.274222233449109
1428.193236791632 747.0 0.6099265282143789 8.290894833393395
1428.0586672326524 747.0 0.6027437627854834 8.307564833434299
1427.9243485336044 747.0 0.5956594408681917 8.324240233399905
1427.7902804600687 747.0 0.5886845711229945 8.340912233456038
1427.656462790631 747.0 0.5818295833355349 8.357582833385095
1427.5228953154606 747.0 0.575104269026826 8.374253733432852
1427.3895778348337 747.0 0.5685177272584886 8.390927533386275
1427.2565101576095 747.0 0.5620783158842004 8.407601333456114
1427.1236920996723 747.0 0.5557936084591805 8.42426913336385
1426.9911234823492 747.0 0.5496703569795209 8.440936933388002
1426.8588041308137 747.0 0.5437144605828046 8.457609033444896
1426.7267338724878 747.0 0.5379309403009617 8.474291233345866
1426.5949125354505 747.0 0.5323239199159959 8.490964333410375
1426.4633399468648 747.0 0.5268966129292927 8.50763163343072
1426.3320159314324 747.0 0.5216513156159687 8.524299133452587
1426.200940309885 747.0 0.5165894060973621 8.540983533370309
1426.0701128975238 747.0 0.5117113493275315 8.55765613343101
1425.9395335028119 747.0 0.5070167078537436 8.574330633389764
1425.8092019260316 747.0 0.5025041581765922 8.59100153343752
1425.679117958012 747.0 0.4981715125027904 8.60767643339932
1425.5492813789342 747.0 0.4940157456529988 8.624346633441746
1425.4196919572216 747.0 0.4900330268584481 8.641019633389078
1425.2903494485192 747.0 0.4862187561537343 8.657687133410946
1425.1612535947684 747.0 0.4825676050491361 8.67435443343129
1425.032404123381 747.0 0.4790735611442373 8.691027533379383
1424.903800746517 747.0 0.4757299763256246 8.707698933430947
1424.7754431604667 747.0 0.47252961817504857 8.724371533375233
1424.6473310451424 747.0 0.46946472420074153 8.741038533393294
1424.519464063679 747.0 0.4665270584936126 8.757706733420491
1424.3918418621438 747.0 0.4637079704018172 8.774379433365539
1424.2644640693588 747.0 0.4609984548117199 8.791067733429372
1424.1373302968304 747.0 0.458389213620524 8.807735333452001
1424.0104401387878 747.0 0.45587071798579765 8.824409933411516
1423.8837931723276 747.0 0.4534332709397328 8.841108033433557
1423.7573889576622 747.0 0.4510670699611647 8.857784033403732
1423.6312270384665 747.0 0.44876226910608 8.874456433346495
1423.5053069423227 747.0 0.44650904030744953 8.891126933391206
1423.3796281812552 747.0 0.44429763346763246 8.907799333450384
1423.254190252353 747.0 0.4421184349811921 8.924476333428174
1423.1289926384736 747.0 0.43996202434260084 8.941147033357993
1423.0040348090206 747.0 0.4378192285118569 8.95782003342174
1422.8793162207928 747.0 0.43568117373132736 8.974488833453506
1422.7548363188948 747.0 0.43353933450901677 8.991163833416067
1422.630594537703 747.0 0.431385579506761 9.007836033357307
1422.5065903018813 747.0 0.429212214096396 9.025372433359735
1422.382823027438 747.0 0.42701201937256367 9.042047933442518
1422.2592921228165 747.0 0.4247782874373135 9.058717233361676
1422.1359969900136 747.0 0.422504852798852 9.07538793340791
1422.0129370257152 747.0 0.4201861197544969 9.092062033363618
1421.890111622446 747.0 0.4178170856559203 9.108731333399191
1421.7675201697216 747.0 0.41539335998293536 9.12540553335566
1421.6451620551984 747.0 0.4129111791802039 9.142073933384381
1421.5230366658136 747.0 0.41036741723914855 9.158742333413102
1421.4011433889066 747.0 0.40775959203485806 9.175414033350535
1421.2794816133178 747.0 0.40508586745472 9.192081933375448
1421.158050730457 747.0 0.40234505138173005 9.208757033455186
1421.036850135334 747.0 0.3995365896207651 9.225556433433667
1420.9158792275477 747.0 0.396660555880417 9.24252973345574
1420.7951374122283 747.0 0.3937176379461318 9.259198633371852
1420.674624100924 747.0 0.390709120202258 9.275865933392197
1420.5543387124326 747.0 0.38763686268105996 9.292538233450614
1420.4342806735715 747.0 0.3845032768356947 9.309210733394139
1420.3144494198805 747.0 0.38131129825148996 9.325881833443418
1420.1948443962574 747.0 0.37806435652551396 9.342556733405218
1420.0754650575227 747.0 0.3747663425583251 9.359665933414362
1419.95631086891 747.0 0.3714215735138782 9.376342433388345
1419.8373813064813 747.0 0.3680347557137947 9.393016233341768
1419.7186758574676 747.0 0.3646109457405467 9.40969293343369
1419.600194020529 747.0 0.36115551003054613 9.426565033383667
1419.4819353059418 747.0 0.357674083242652 9.443231733399443
1419.3638992357055 747.0 0.3541725256902301 9.459904833347537
1419.2460853435753 747.0 0.3506568801256285 9.476580733433366
1419.1284931750192 747.0 0.34713332816480374 9.493256933405064
1419.0111222871024 747.0 0.3436081466368862 9.50992953334935
1418.8939722483 747.0 0.34008766413876135 9.526825333363377
1418.777042638243 747.0 0.3365782180683261 9.54349253338296
1418.6603330473963 747.0 0.3330861124020345 9.56016573344823
1418.5438430766762 747.0 0.32961757647274653 9.576840333407745
1418.4275723370106 747.0 0.3261787249928372 9.593515033368021
1418.3115204488415 747.0 0.3227755195550995 9.61019193334505
1418.1956870415804 747.0 0.3194137318302944 9.626915633445606
1418.0800717530158 747.0 0.31609890866536916 9.643590333405882
1417.9646742286807 747.0 0.312836339270502 9.660265933373012
1417.8494941211839 747.0 0.30963102466635545 9.676938733435236
1417.7345310895084 747.0 0.3064876495453523 9.693614033400081
1417.6197847982864 747.0 0.30341055668256106 9.710290433373302
1417.5052549170512 747.0 0.30040372401301474 9.726959033403546
1417.3909411194736 747.0 0.2974707444731194 9.743636033381335
1417.2768430825893 747.0 0.2946148086843675 9.760303033399396
1417.162960486019 747.0 0.29183869053798445 9.776972033432685
1417.0492930111898 747.0 0.28914473571953175 9.793669233447872
1416.9358403405602 747.0 0.2865348531929952 9.810355533380061
1416.8226021568564 747.0 0.28401050964462027 9.82702443341259
1416.7095781423222 747.0 0.28157272686784135 9.844111233367585
1416.5967679779874 747.0 0.2792220820522012 9.860780733404681
1416.4841713429607 747.0 0.2769587109212781 9.877449933439493
1416.3717879137507 747.0 0.2747823136474384 9.894125033402815
1416.2596173636168 747.0 0.27269216345480823 9.910802833386697
1416.1476593619564 747.0 0.27068711780629734 9.927490933449008
1416.03591357373 747.0 0.26876563205589943 9.944158933358267
1415.9243796589294 747.0 0.26692577543390966 9.96082893339917
1415.8130572720868 747.0 0.26516524922020906 9.977505533373915
1415.7019460618337 747.0 0.2634814069494294 9.994178333436139
1415.5910456705074 747.0 0.2618712764816801 10.010846633347683
1415.4803557338062 747.0 0.2603315837636358 10.02752373344265
1415.3698758804985 747.0 0.258858778097179 10.044193333364092
1415.2596057321832 747.0 0.2574490587264998 10.060868733446114
1415.1495449031036 747.0 0.2560984025495804 10.077539133373648
1415.039693000014 747.0 0.2548025927563521 10.094206033390947
1414.9300496221013 747.0 0.2535572481935017 10.110881533357315
1414.8206143609573 747.0 0.25235785325491283 10.127550533390604
1414.7113868006056 747.0 0.2511997880970396 10.144221833441406
1414.6023665175776 747.0 0.2500783589800995 10.160898933419958
1414.4935530810392 747.0 0.24898882853880377 10.177571833366528
1414.3849460529655 747.0 0.2479264457903771 10.194239033386111
1414.2765449883611 747.0 0.24688647569281003 10.210911833448336
1414.1683494355257 747.0 0.24586422807257546 10.227580433362164
1414.0603589363582 747.0 0.24485508574837095 10.24424713337794
1413.9525730267032 747.0 0.24385453168575358 10.260919533437118
1413.8449912367312 747.0 0.24285817502674156 10.277830233448185
1413.7376130913515 747.0 0.24186177584849297 10.294500833377242
1413.6304381106556 747.0 0.2408612685159571 10.311170333414339
1413.5234658103875 747.0 0.2398527835048453 10.327847633394413
1413.4166957024345 747.0 0.23883266758330018 10.34451783343684
1413.31012729534 747.0 0.23779750225316873 10.361186433350667
1413.2037600948304 747.0 0.2367441203647139 10.377861533430405
1413.0975936043549 747.0 0.23566962083184534 10.3945333333686
1412.9916273256333 747.0 0.23457138138841765 10.411210233345628
1412.8858607592092 747.0 0.23344706933974804 10.42788423341699
1412.780293405004 747.0 0.23229465027715218 10.44455433334224
1412.6749247628684 747.0 0.231112394736901 10.461229033418931
1412.5697543331296 747.0 0.22989888279847606 10.477902733371593
1412.4647816171278 747.0 0.22865300663026122 10.49457783345133
1412.3600061177412 747.0 0.22737397100377674 10.511250433395617
1412.2554273398962 747.0 0.2260612918101558 10.527923033339903
1412.1510447910573 747.0 0.22471479262471533 10.544595833402127
1412.0468579816984 747.0 0.22333459937710695 10.561269033350982
1411.9428664257484 747.0 0.22192113319559081 10.57793653337285
1411.839069641012 747.0 0.22047510150439048 10.594606233411469
1411.7354671495614 747.0 0.21899748746280875 10.611275533447042
1411.6320584780983 747.0 0.21748953784376152 10.627946433378384
1411.5288431582837 747.0 0.21595274945757661 10.64462073345203
1411.425820727034 747.0 0.21438885423426832 10.661294833407737
1411.3229907267832 747.0 0.21279980308400423 10.677967033348978
1411.220352705708 747.0 0.21118774866110387 10.694719733437523
1411.1179062179178 747.0 0.20955502716162724 10.711423133383505
1411.015650823607 747.0 0.20790413928841367 10.728098733350635
1410.91358608917 747.0 0.20623773052030822 10.74497443344444
1410.8117115872785 747.0 0.20455857082426435 10.761644133366644
1410.710026896923 747.0 0.2028695339500406 10.778317233431153
1410.6085316034157 747.0 0.20117357644732706 10.794991533388384
1410.507225298359 747.0 0.19947371654435925 10.811665933346376
1410.406107579578 747.0 0.19777301302542535 10.82880173344165
1410.3051780510193 747.0 0.19607454424217224 10.845476933405735
1410.2044363226169 747.0 0.19438138739029995 10.862152133369818
1410.1038820101264 747.0 0.19269659817913717 10.878821533406153
1410.0035147349304 747.0 0.191023191016754 10.8954942333512
1409.9033341238155 747.0 0.18936411982773615 10.912170433439314
1409.8033398087232 747.0 0.1877222596145655 10.928885133354925
1409.7035314264776 747.0 0.186100388866776 10.945552333374508
1409.6039086184912 747.0 0.18450117291473642 10.962224533432163
1409.5044710304508 747.0 0.18292714831710913 10.978897533379495
1409.405218311987 747.0 0.18138070836280318 10.99557033344172
1409.30615011633 747.0 0.1798640897596459 11.012245933408849
1409.2072660999509 747.0 0.17837936057309545 11.028915233444422
1409.1085659221958 747.0 0.1769284094691747 11.045590133406222
1409.0100492449126 747.0 0.1755129363064851 11.06226043344941
1408.9117157320716 747.0 0.1741344441127199 11.07893533341121
1408.813565049386 747.0 0.17279423247160453 11.09560513345059
1408.7155968639318 747.0 0.17149339233670607 11.112283033435233
1408.6178108437718 747.0 0.17023280227913723 11.129012733348645
1408.5202066575835 747.0 0.16901312616689035 11.145686833420768
1408.4227839742946 747.0 0.16783481226443062 11.16235913336277
1408.3255424627303 747.0 0.16669809373231115 11.179031433421187
1408.22848179127 747.0 0.16560299049799607 11.195706433383748
1408.131601627519 747.0 0.1645493124608432 11.21237563341856
1408.0349016379962 747.0 0.1635366639863491 11.229050933383405
1407.9383814878383 747.0 0.16256444963734187 11.245720033417456
1407.8420408405236 747.0 0.16163188108285798 11.262387133436278
1407.7458793576166 747.0 0.16073798511899787 11.279053833452053
1407.649896698533 747.0 0.15988161273014864 11.295722733368166
1407.554092520329 747.0 0.15906144911362277 11.312392833409831
1407.4584664775136 747.0 0.15827602458601148 11.32921833335422
1407.3630182218847 747.0 0.15752372628540892 11.345897333347239
1407.2677474023917 747.0 0.1568028105801464 11.362570733414032
1407.1726536650233 747.0 0.15611141609179263 11.379241833346896
1407.0777366527202 747.0 0.1554475772379368 11.395915633416735
1406.9829960053144 747.0 0.15480923819867415 11.41258683335036
1406.8884313594947 747.0 0.15419426720976245 11.42925513337832
1406.7940423487967 747.0 0.15360047108510227 11.445923833409324
1406.699828603619 747.0 0.1530256098715057 11.462613233365119
1406.605789751263 747.0 0.15246741153964677 11.479289933340624
1406.5119254159983 747.0 0.15192358661660937 11.495957233360969
1406.418235219149 747.0 0.15139184266755065 11.512631133431569
1406.3247187792033 747.0 0.15086989853664984 11.529314333340153
1406.2313757119443 747.0 0.1503554982606926 11.545991233433597
1406.1382056306004 747.0 0.1498464245723145 11.562702633440495
1406.0452081460132 747.0 0.1493405119140653 11.579372533364221
1405.952382866824 747.0 0.14883565888902167 11.596039233379997
1405.859729399675 747.0 0.14832984007863256 11.61271193344146
1405.7672473494238 747.0 0.14782111716379118 11.62938823341392
1405.6749363193726 747.0 0.14730764929074874 11.646056733443402
1405.5827959115054 747.0 0.14678770262937735 11.662729333387688
1405.4908257267355 747.0 0.14625965907740845 11.679401033441536
1405.3990253651605 747.0 0.14572202407057822 11.696076333406381
1405.307394426322 747.0 0.14517343346505565 11.712755833403207
1405.2159325094692 747.0 0.14461265946507199 11.72948523343075
1405.1246392138255 747.0 0.14403861557526546 11.746315133408643
1405.0335141388534 747.0 0.14345036056386218 11.762985433451831
1404.94255688452 747.0 0.14284710142938764 11.779654333367944
1404.8517670515573 747.0 0.14222819537010492 11.79632663342636
1404.7611442417199 747.0 0.14159315076176263 11.812996533350088
1404.6706880580348 747.0 0.14094162715547082 11.829866733402014
1404.5803981050437 747.0 0.14027343431356912 11.846543733379804
1404.4902739890376 747.0 0.13958853030717178 11.863210733397864
1404.400315318278 747.0 0.13888701870463865 11.879883433342911
1404.3105217032094 747.0 0.1381691448854957 11.896556133404374
1404.2208927566567 747.0 0.13743529151928682 11.913437833427452
1404.1314280940105 747.0 0.13668597325345452 11.930107633350417
1404.042127333396 747.0 0.13592183065859537 11.946784333442338
1403.9529900958266 747.0 0.13514362348330017 11.963451033341698
1403.8640160053426 747.0 0.13435222327424634 11.980119333369657
1403.7752046891308 747.0 0.1335486054202506 11.996795533341356
1403.686555777628 747.0 0.13273384068159869 12.013470733421855
1403.598068904607 747.0 0.13190908626813894 12.030143833369948
1403.5097437072438 747.0 0.13107557653135116 12.04693123337347
1403.4215798261669 747.0 0.13023461333687789 12.06360513344407
1403.3335769054893 747.0 0.12938755618483402 12.08034943335224
1403.245734592822 747.0 0.1285358121455935 12.09701853338629
1403.1580525392692 747.0 0.12768082567869474 12.113687233417295
1403.0705303994077 747.0 0.1268240684020192 12.130360833369195
1402.9831678312482 747.0 0.12596702887748917 12.147040333366022
1402.8959644961806 747.0 0.125111202478216 12.163713933434337
1402.8089200589034 747.0 0.12425808140032484 12.180384033359587
1402.722034187339 747.0 0.12340914488060273 12.197052933392115
1402.6353065525334 747.0 0.12256584967868635 12.213731333380565
1402.5487368285442 747.0 0.1217296208797431 12.230407833354548
1402.4623246923152 747.0 0.12090184307053031 12.24708643334452
1402.3760698235403 747.0 0.12008385193836627 12.263762433431111
1402.2899719045167 747.0 0.11927692633894005 12.28043383336626
1402.2040306199897 747.0 0.11848228087505361 12.297128533362411
1402.1182456569886 747.0 0.11770105902435603 12.313804033445194
1402.0326167046574 747.0 0.11693432684992766 12.330475433380343
1401.9471434540778 747.0 0.11618306732322947 12.347150633344427
1401.8618255980903 747.0 0.11544817528448137 12.363821133389138
1401.77666283111 747.0 0.11473045306100295 12.380987133365124
1401.6916548489419 747.0 0.11403060675947124 12.397653933381662
1401.6068013485954 747.0 0.11334924324345258 12.414329233346507
1401.5221020280985 747.0 0.11268686780298005 12.431006333441474
1401.4375565863152 747.0 0.11204388251840239 12.447685233433731
1401.3531647227635 747.0 0.11142058531625355 12.464759833412245
1401.2689261374398 747.0 0.11081716971051185 12.481426733429544
1401.1848405306466 747.0 0.1102337252183589 12.49809483345598
1401.100907602827 747.0 0.10967023843543833 12.514771433430724
1401.0171270544056 747.0 0.10912659475167374 12.53144063334912
1400.9334985856376 747.0 0.10860258068495894 12.548316933447495
1400.8500218964664 747.0 0.10809788680649929 12.56498803338036
1400.7666966863903 747.0 0.10761211122828215 12.581657733418979
1400.68352265434 747.0 0.10714476362010131 12.598325233440846
1400.6004994985658 747.0 0.10669526972077177 12.614998133387417
1400.5176269165368 747.0 0.10626297630565973 12.631946633453481
1400.434904604851 747.0 0.10584715657042816 12.648618933395483
1400.3523322591577 747.0 0.10544701588897186 12.665294533362612
1400.2699095740923 747.0 0.10506169790189218 12.681963633396663
1400.187636243223 747.0 0.10469029089054709 12.698634733445942
1400.1055119590108 747.0 0.10433183439070864 12.715311033418402
1400.0235364127807 747.0 0.10398532599916872 12.731984633370303
1399.941709294707 747.0 0.1036497283262531 12.748659833450802
1399.8600302938098 747.0 0.10332397604713107 12.765334033407271
1399.7784990979644 747.0 0.10300698300503698 12.782006733352318
1399.6971153939216 747.0 0.10269764932004485 12.798825533362105
1399.6158788673404 747.0 0.10239486845784863 12.8154963334091
1399.534789202831 747.0 0.10209753421408804 12.83216533344239
1399.4538460840097 747.0 0.10180454757111194 12.848840033402666
1399.373049193562 747.0 0.10151482338567382 12.865509533439763
1399.2923982133166 747.0 0.10122729686789218 12.882185833412223
1399.2118928243272 747.0 0.10094092981386747 12.898855633451603
1399.1315327069633 747.0 0.10065471655660786 12.915530633414164
1399.0513175410076 747.0 0.10036768960236235 12.932203133357689
1398.971247005761 747.0 0.10007892492207057 12.948873533401638
1398.891320780151 747.0 0.099787546870396 12.965545933344401
1398.8115385428496 747.0 0.09949273270769193 12.982218733406626
1398.7318999723893 747.0 0.09919371670323722 12.99888883344829
1398.6524047472883 747.0 0.09888979380115004 13.015555533347651
1398.5730525461743 747.0 0.09858032283352235 13.032228133408353
1398.493843047911 747.0 0.09826472926849304 13.048896033433266
1398.414775931726 747.0 0.09794250748417435 13.065574433421716
1398.3358508773379 747.0 0.09761322256254143 13.08224173344206
1398.2570675650825 747.0 0.09727651160057052 13.098913533380255
1398.1784256760382 747.0 0.0969320845390454 13.116245433455333
1398.099924892147 747.0 0.09657972451252629 13.133141733356752
1398.0215648963351 747.0 0.09621928772697162 13.149812633404508
1397.9433453726265 747.0 0.09585070287440266 13.16648313344922
1397.8652660062546 747.0 0.09547397009678824 13.183150833356194
1397.787326483767 747.0 0.09508915951398472 13.199822233407758
1397.709526493125 747.0 0.09469640933308136 13.216495533357374
1397.6318657237969 747.0 0.09429592355885918 13.233166933408938
1397.5543438668442 747.0 0.09388796932726066 13.24984203337226
1397.4769606150007 747.0 0.09347287388577667 13.266517133451998
1397.3997156627438 747.0 0.09305102124647664 13.28318733337801
1397.322608706358 747.0 0.09262284853903041 13.299859733437188
1397.2456394439903 747.0 0.09218884209248752 13.316529433359392
1397.168807575696 747.0 0.09174953327578807 13.333207533345558
1397.0921128034781 747.0 0.09130549412797347 13.349877933389507
1397.0155548313157 747.0 0.09085733280984405 13.366796133341268
1396.9391333651854 747.0 0.09040568890937153 13.383471633424051
1396.8628481130725 747.0 0.08995122863351918 13.400148133398034
1396.7866987849748 747.0 0.08949463991925219 13.416819133446552
1396.7106850928976 747.0 0.0890366274964385 13.434404833358712
1396.63480675084 747.0 0.08857790793505074 13.45107163337525
1396.5590634747725 747.0 0.08811920470858878 13.468091133399867
1396.483454982609 747.0 0.08766124330495541 13.484761933446862
1396.407980994168 747.0 0.08720474641514499 13.501432733377442
1396.3326412311303 747.0 0.08675042922905274 13.518115733400919
1396.2574354169872 747.0 0.08629899486649314 13.534811033401638
1396.182363276983 747.0 0.08585112997013913 13.55148403334897
1396.107424538053 747.0 0.0854075004855713 13.568158533424139
1396.0326189287543 747.0 0.084968747651971 13.584829333354719
1395.9579461791932 747.0 0.0845354842252155 13.601502933423035
1395.8834060209472 747.0 0.08410829095325129 13.618179233395495
1395.8089981869848 747.0 0.08368771332164654 13.635311133344658
1395.734722411581 747.0 0.08327425858517074 13.651985533419065
1395.66057843023 747.0 0.0828683930991324 13.66866213339381
1395.5865659795572 747.0 0.0824705399620399 13.685337233357131
1395.5126847972288 747.0 0.08208107697894992 13.702009833417833
1395.438934621861 747.0 0.08170033495264802 13.718695133342408
1395.3653151929298 747.0 0.08132859630758071 13.735371733433567
1395.2918262506792 747.0 0.08096609404924256 13.752074133371934
1395.2184675360324 747.0 0.08061301105952873 13.768749833339825
1395.145238790504 747.0 0.08026947972640791 13.785426733433269
1395.0721397561128 747.0 0.0799355819041641 13.802103933412582
1394.9991701752995 747.0 0.07961134919841216 13.818776533356868
1394.9263297908453 747.0 0.0792967635681228 13.835446333396249
1394.8536183457957 747.0 0.07899175823500895 13.852117133443244
1394.7810355833865 747.0 0.07869621888883754 13.868787933373824
1394.7085812469754 747.0 0.0784099851755493 13.885455633397214
1394.6362550799777 747.0 0.07813285245350099 13.902128433343023
1394.5640568258068 747.0 0.0778645738017004 13.918798233382404
1394.4919862278202 747.0 0.07760486226258813 13.935466233408079
1394.4200430292713 747.0 0.07735339330074077 13.952133833430707
1394.3482269732651 747.0 0.07710980745783048 13.968804933363572
1394.276537802723 747.0 0.07687371318328094 13.98548253334593
1394.2049752603498 747.0 0.07664468981931295 14.002149633364752
1394.1335390886095 747.0 0.0764222907184755 14.018822833430022
1394.062229029706 747.0 0.07620604647131168 14.035500133410096
1393.9910448255698 747.0 0.0759954682215134 14.177205133368261
1393.9199862178511 747.0 0.07579005104577365 14.19638526684139
1393.849052947919 747.0 0.07558927737554784 14.213199966819957
1393.7782447568663 747.0 0.07539262043808441 14.229868966853246
1393.7075613855195 747.0 0.07519954769437523 14.246539266780019
1393.637002574455 747.0 0.07500952425210437 14.263213466852903
1393.5665680640209 747.0 0.07482201623223414 14.279882466769777
1393.4962575943628 747.0 0.07463649406855347 14.296565566794015
1393.4260709054554 747.0 0.07445243572032023 14.313234766828828
1393.3560077371376 747.0 0.074269329779047 14.329904466867447
1393.2860678291531 747.0 0.0740866784515025 14.346578566823155
1393.2162509211935 747.0 0.07390400040211968 14.363254166790284
1393.1465567529456 747.0 0.07372083343920638 14.379921366809867
1393.076985064142 747.0 0.07353673703063827 14.396592266857624
1393.007535594614 747.0 0.07335129463606449 14.414566066814587
1392.9382080843463 747.0 0.07316411584406608 14.431237966869958
1392.8690022735352 747.0 0.0729748383041649 14.4479171668645
1392.7999179026465 747.0 0.07278312944507594 14.464587566792034
1392.7309547124755 747.0 0.0725886879721194 14.481264066766016
1392.6621124442083 747.0 0.07239124513824932 14.497937266831286
1392.5933908394816 747.0 0.07219056578470344 14.514623366761953
1392.5247896404437 747.0 0.0719864491488242 14.531297466834076
1392.4563085898149 747.0 0.07177872943813328 14.547966266865842
1392.387947430946 747.0 0.0715672761712526 14.564634666778147
1392.3197059078773 747.0 0.07135199428774362 14.582076566759497
1392.2515837653941 747.0 0.07113282403037588 14.59875066683162
1392.183580749081 747.0 0.07090974060472541 14.61542626679875
1392.1156966053748 747.0 0.07068275362233743 14.632094966829754
1392.047931081613 747.0 0.07045190633495681 14.648809766862541
1391.9802839260803 747.0 0.07021727466852765 14.66547836677637
1391.9127548880535 747.0 0.06997896606678432 14.682151066837832
1391.8453437178398 747.0 0.06973711815529332 14.698824666789733
1391.7780501668144 747.0 0.06949189723775452 14.715605666860938
1391.710873987453 747.0 0.06924349663722651 14.732277466799133
1391.6438149333605 747.0 0.06899213489570054 14.748952566762455
1391.5768727592965 747.0 0.06873805384610744 14.765625666826963
1391.5100472211952 747.0 0.06848151657139995 14.782298666774295
1391.443338076183 747.0 0.06822280526580707 14.798970366828144
1391.3767450825897 747.0 0.0679622190137065 14.81564056687057
1391.3102679999581 747.0 0.06770007150180565 14.832316566840746
1391.243906589047 747.0 0.0674366886804612 14.848989966791123
1391.1776606118306 747.0 0.06717240639000327 14.865657966816798
1391.1115298314958 747.0 0.06690756796786422 14.882325366837904
1391.0455140124322 747.0 0.066642521852146 14.898998866789043
1390.9796129202211 747.0 0.06637761919699749 14.915679666795768
1390.9138263216187 747.0 0.06611321151481696 14.93234886683058
1390.848153984537 747.0 0.06584964835984947 14.951025566784665
1390.782595678021 747.0 0.06558727506721795 14.96769906685222
1390.717151172222 747.0 0.06532643056081686 14.985428266809322
1390.651820238369 747.0 0.06506744524281137 15.002113066846505
1390.586602648737 747.0 0.06481063897673146 15.018794766860083
1390.5214981766112 747.0 0.06455631917533307 15.035469266818836
1390.4565065962522 747.0 0.06430477900352494 15.052142566768453
1390.391627682856 747.0 0.06405629570573679 15.068816866842099
1390.3268612125146 747.0 0.06381112906613778 15.085484066861682
1390.2622069621727 747.0 0.0635695200091121 15.10215956682805
1390.1976647095867 747.0 0.06333168934636682 15.118831166764721
1390.1332342332792 747.0 0.06309783667599399 15.135499766794965
1390.0689153124952 747.0 0.06286813943774075 15.152168866829015
1390.0047077271577 747.0 0.06264275212766554 15.168838366866112
1389.9406112578224 747.0 0.06242180567428184 15.185851966845803
1389.8766256856336 747.0 0.06220540697722098 15.202526566805318
1389.8127507922802 747.0 0.06199363860838798 15.219203466782346
1389.7489863599526 747.0 0.06178655867454686 15.235873166820966
1389.6853321713004 747.0 0.061584200839259605 15.25254566676449
1389.6217880093916 747.0 0.061386574501122934 15.269217666820623
1389.5583536576737 747.0 0.06119366512430391 15.285885566845536
1389.495028899936 747.0 0.061005434716475564 15.30255866679363
1389.4318135202736 747.0 0.06082182244840124 15.319228766835295
1389.3687073030542 747.0 0.06064274540861642 15.335900466772728
1389.305710032887 747.0 0.06046809948591323 15.352568666799925
1389.2428214945935 747.0 0.06029776037164939 15.369246966787614
1389.1800414731815 747.0 0.06013158467328369 15.385982166859321
1389.1173697538218 747.0 0.059969411129986154 15.402658466831781
1389.054806121827 747.0 0.05981106192068635 15.419332766789012
1388.9923503626333 747.0 0.059656344054508356 15.43600166682154
1388.930002261786 747.0 0.05950505083319839 15.452675666776486
1388.8677616049272 747.0 0.0593569633748808 15.469724566792138
1388.805628177786 747.0 0.05921185218828113 15.486405066796578
1388.7436017661735 747.0 0.059069478786430936 15.50307626684662
1388.6816821559778 747.0 0.058929597328817425 15.519750866806135
1388.6198691331647 747.0 0.05879195628096086 15.536418466828763
1388.5581624837798 747.0 0.058656300080492635 15.553408366860822
1388.4965619939535 747.0 0.05852237079896495 15.570081266807392
1388.4350674499083 747.0 0.058389909788847075 15.586758266785182
1388.3736786379698 747.0 0.05825865930545058 15.60343126684893
1388.3123953445788 747.0 0.05812836409387328 15.620106666814536
1388.2512173563068 747.0 0.05799877293145653 15.637044266797602
1388.1901444598725 747.0 0.057869640116708185 15.653717666864395
1388.1291764421615 747.0 0.05774072689615107 15.67152756685391
1388.0683130902466 747.0 0.057611802821109385 15.688200166798197
1388.0075541914111 747.0 0.05748264702703917 15.704877466778271
1387.9468995331722 747.0 0.057353049428638926 15.721546866814606
1387.8863489033067 747.0 0.057222811824638314 15.738225166802295
1387.8259020898772 747.0 0.05709174890685133 15.754894666839391
1387.7655588812595 747.0 0.05695968916879121 15.77156816679053
1387.70531906617 747.0 0.056826475709871906 15.789527366869152
1387.645182433695 747.0 0.05669196693196082 15.806196766789071
1387.5851487733187 747.0 0.0565560371257946 15.822866066824645
1387.5252178749524 747.0 0.05641857694551885 15.839612366864458
1387.465389528963 747.0 0.0562794937703594 15.856282466789708
1387.4056635262014 747.0 0.05613871195317224 15.872952666832134
1387.3460396580303 747.0 0.05599617295634644 15.889625866780989
1387.286517716352 747.0 0.05585183537624586 15.906294866814278
1387.227097493634 747.0 0.05570567485806583 15.922969366773032
1387.1677787829349 747.0 0.055557683903647036 15.939640766824596
1387.1085613779287 747.0 0.05540787157542653 15.956316966796294
1387.0494450729277 747.0 0.05525626310031123 15.97298366681207
1386.9904296629043 747.0 0.05510289937782979 15.990867366781458
1386.9315149435104 747.0 0.054947836397450774 16.007541766855866
1386.8727007110965 747.0 0.05479114457044621 16.024220066843554
1386.813986762728 747.0 0.05463290798212754 16.041475366801023
1386.7553728962005 747.0 0.054473223570683224 16.058151666773483
1386.6968589100516 747.0 0.05431220023920259 16.07482476683799
1386.638444603573 747.0 0.054149957907777324 16.091498466790654
1386.5801297768191 747.0 0.05398662651282876 16.108170966850594
1386.5219142306141 747.0 0.05382234496101615 16.12484626681544
1386.4637977665566 747.0 0.053657260045236736 16.141522966790944
1386.4057801870224 747.0 0.05349152533033365 16.15819246682804
1386.347861295166 747.0 0.05332530001618208 16.17486226686742
1386.290040894919 747.0 0.053158747785828755 16.191536766826175
1386.2323187909867 747.0 0.05299203564631483 16.208211566787213
1386.1746947888437 747.0 0.05282533276972009 16.224885466857813
1386.1171686947264 747.0 0.05265880934182697 16.241606566822156
1386.0597403156246 747.0 0.052492635425619286 16.258274966850877
1386.002409459271 747.0 0.052326979846603894 16.274943666765466
1385.945175934129 747.0 0.052162009106676586 16.29161926684901
1385.88803954938 747.0 0.05199788633294822 16.308288066764362
1385.8310001149066 747.0 0.051834770267606675 16.32496106682811
1385.774057441278 747.0 0.05167281430451698 16.341632166760974
1385.717211339732 747.0 0.05151216557785915 16.3583036668133
1385.6604616221564 747.0 0.051352964107674134 16.374973866855726
1385.6038081010688 747.0 0.05119534200673553 16.391642066766508
1385.5472505895978 747.0 0.051039422752692236 16.408319766866043
1385.490788901461 747.0 0.05088532052893827 16.424991466803476
1385.434422850944 747.0 0.05073313963716342 16.441664366866462
1385.3781522528782 747.0 0.050582973984026704 16.45835186680779
1385.3219769226191 747.0 0.050434906643876294 16.475020866841078
1385.2658966760239 747.0 0.050289009498918506 16.491696866811253
1385.2099113294294 747.0 0.050145342957718 16.50836916686967
1385.15402069963 747.0 0.05000395575239472 16.525045766844414
1385.0982246038566 747.0 0.04986488481437362 16.541719166794792
1385.0425228597537 747.0 0.04972815522804386 16.55839016684331
1384.9869152853603 747.0 0.04959378026119814 16.575072566862218
1384.931401699089 747.0 0.04946176147065296 16.591743866796605
1384.875981919707 747.0 0.049332088880999304 16.608421366778202
1384.8206557663177 747.0 0.04920474123400344 16.625088666798547
1384.7654230583425 747.0 0.04907968630577156 16.64176376676187
1384.7102836155052 747.0 0.04895688128841156 16.658435366814956
1384.6552372578162 747.0 0.04883627323257291 16.675110366777517
1384.6002838055583 747.0 0.048717799546922694 16.691781266825274
1384.5454230792743 747.0 0.04860138855032402 16.708452666760422
1384.4906548997546 747.0 0.04848696007222378 16.725122466799803
1384.4359790880278 747.0 0.048374426096530594 16.741789666819386
1384.3813954653513 747.0 0.048263691444072186 16.758457966847345
1384.326903853204 747.0 0.04815465448856467 16.775125666870736
1384.2725040732803 747.0 0.048047207900904616 16.791794166783802
1384.2181959474858 747.0 0.047941239416508616 16.80847056687344
1384.1639792979333 747.0 0.04783663262037423 16.82513866678346
1384.1098539469422 747.0 0.04773326774452017 16.84180836682208
1384.0558197170367 747.0 0.04763102247248218 16.85848066676408
1384.0018764309482 747.0 0.04752977274559314 16.875147366779856
1383.9480239116165 747.0 0.047429393565860956 16.891841866774485
1383.894261982194 747.0 0.04732975979037419 16.908510066801682
1383.8405904660501 747.0 0.04723074691231223 16.925185066764243
1383.7870091867776 747.0 0.047132231823812265 16.941853766795248
1383.733517968199 747.0 0.04703409355614808 16.95945056679193
1383.6801166343753 747.0 0.04693621399290365 16.97612616675906
1383.6268050096146 747.0 0.04683847855207602 16.99279466678854
1383.573582918482 747.0 0.04674077683331458 17.00946576683782
1383.5204501858107 747.0 0.04664300322679629 17.02613996679429
1383.467406636712 747.0 0.04654505748054505 17.042813566862606
1383.414452096589 747.0 0.046446845223327614 17.059482466778718
1383.3615863911477 747.0 0.046348278440594644 17.076158866868354
1383.3088093464103 747.0 0.046249275901281556 17.092827166779898
1383.2561207887281 747.0 0.04614976353363812 17.10950256686192
1383.2035205447953 747.0 0.04604967474861462 17.12617476680316
1383.1510084416618 747.0 0.04594895070969454 17.142847066861577
1383.0985843067474 747.0 0.04584754054842627 17.159727766760625
1383.0462479678547 747.0 0.04574540152526681 17.17639586678706
1382.9939992531822 747.0 0.045642499135707185 17.193122666794807
1382.941837991338 747.0 0.04553880716199936 17.209796966868453
1382.8897640113514 747.0 0.045434307671146194 17.22647376684472
1382.8377771426863 747.0 0.04532899096014744 17.24315086682327
1382.785877215252 747.0 0.04522285544981349 17.259823266766034
1382.7340640594148 747.0 0.045115907528763446 17.27649686683435
1382.6823375060085 747.0 0.04500816134951275 17.29317376681138
1382.630697386344 747.0 0.044899638578827096 17.30985306680668
1382.5791435322187 747.0 0.04479036810477166 17.326524266856723
1382.527675775924 747.0 0.04468038570311727 17.34319356677588
1382.476293950254 747.0 0.04456973366597596 17.35986746684648
1382.4249978885111 747.0 0.04445846039572754 17.37654016679153
1382.3737874245116 747.0 0.04434661996746438 17.39321556687355
1382.3226623925905 747.0 0.04423427166332415 17.409888666821644
1382.2716226276052 747.0 0.04412147948219802 17.426563666784205
1382.2206679649385 747.0 0.04400831162839581 17.443233566824347
1382.1697982404994 747.0 0.04389483998291832 17.459909866796806
1382.1190132907252 747.0 0.04378113956103184 17.476580966846086
1382.06831295258 747.0 0.043667287959859614 17.49324826686643
1382.0176970635541 747.0 0.04355336479970113 17.50991976680234
1381.9671654616614 747.0 0.043439451162762474 17.5265973667847
1381.916717985437 747.0 0.043325629032930045 17.543809866765514
1381.8663544739325 747.0 0.04321198074014711 17.560482566826977
1381.8160747667116 747.0 0.043098588412858206 17.5771576667903
1381.7658787038445 747.0 0.04298553344187155 17.593830666854046
1381.7157661259012 747.0 0.04287289595885544 17.610503366799094
1381.665736873944 747.0 0.04276075433253246 17.62717706686817
1381.6157907895206 747.0 0.04264918468546624 17.64384836680256
1381.5659277146551 747.0 0.04253826043415103 17.660734666860662
1381.5161474918389 747.0 0.04242805185491595 17.677402166766115
1381.4664499640212 747.0 0.04231862567794509 17.694071966805495
1381.4168349745999 747.0 0.04221004471149269 17.710748166777194
1381.3673023674098 747.0 0.04210236749814208 17.72741626680363
1381.3178519867135 747.0 0.04199564800471807 17.744091666769236
1381.2684836771898 747.0 0.041889935347218646 17.7607617668109
1381.2191972839225 747.0 0.041785273551882496 17.777429766836576
1381.1699926523902 747.0 0.04168170135325811 17.794104666798376
1381.1208696284539 747.0 0.041579252029887645 17.81079616677016
1381.0718280583471 747.0 0.041477953277967335 17.82746646681335
1381.0228677886641 747.0 0.04137782712309698 17.844135966850445
1380.9739886663494 747.0 0.04127888986998555 17.860807366785593
1380.925190538687 747.0 0.04118115208973983 17.877477266825736
1380.87647325329 747.0 0.041084618644129885 17.89415596681647
1380.8278366580905 747.0 0.040989288745999636 17.910828366759233
1380.7792806013306 747.0 0.04089515605477541 17.92749926680699
1380.730804931552 747.0 0.040802208805819876 17.944247166858986
1380.6824094975884 747.0 0.04071042997218571 17.960917866788805
1380.6340941485569 747.0 0.04061979745714246 17.977590966853313
1380.5858587338498 747.0 0.0405302843156833 17.99426566681359
1380.5377031031285 747.0 0.04044185900306598 18.010940266773105
1380.4896271063162 747.0 0.04035448564830502 18.027614666847512
1380.441630593593 747.0 0.040268124350410786 18.044291366823018
1380.393713415389 747.0 0.040182731495066126 18.06096996681299
1380.3458754223818 747.0 0.04009826008934281 18.077643266762607
1380.298116465492 747.0 0.040014660111988454 18.094311666791327
1380.2504363958794 747.0 0.03993187887676041 18.110980566823855
1380.2028350649414 747.0 0.03984986140624564 18.127655466785654
1380.1553123243107 747.0 0.0397685508135856 18.144325166824274
1380.107868025855 747.0 0.039687888689521604 18.16100056678988
1380.0605020216756 747.0 0.03960781549218949 18.177669466822408
1380.0132141641084 747.0 0.03952827093712177 18.1943451667903
1379.9660043057245 747.0 0.039449194384960605 18.211017966852523
1379.9188722993322 747.0 0.03937052522444504 18.227686166763306
1379.871817997978 747.0 0.03929220324831097 18.24435356678441
1379.8248412549508 747.0 0.039214169019830276 18.261025466839783
1379.7779419237834 747.0 0.03913636422781748 18.277694466873072
1379.7311198582572 747.0 0.03905873202804504 18.294365266803652
1379.6843749124064 747.0 0.03898121736913342 18.31104086677078
1379.6377069405216 747.0 0.03890376730111622 18.32770976680331
1379.5911157971561 747.0 0.03882633126502446 18.344379066838883
1379.5446013371295 747.0 0.038748861361985486 18.361053566797636
1379.498163415534 747.0 0.03867131260049055 18.377813066821545
1379.4518018877404 747.0 0.03859364312064904 18.39451066683978
1379.4055166094035 747.0 0.03851581439441606 18.411190766841173
1379.3593074364683 747.0 0.0384377914009521 18.427862266777083
1379.3131742251758 747.0 0.03835954277644782 18.44453866686672
1379.2671168320699 747.0 0.038281040937922325 18.461212466820143
1379.221135114003 747.0 0.03820226218067854 18.477886066772044
1379.1752289281417 747.0 0.03812318674927354 18.494559366838075
1379.1293981319743 747.0 0.03804379888203336 18.5112331667915
1379.0836425833154 747.0 0.03796408682931052 18.527901166817173
1379.037962140312 747.0 0.03788404284584643 18.54459636681713
1378.9923566614489 747.0 0.03780366315775998 18.561265166848898
1378.9468260055546 747.0 0.03772294790483592 18.577935666777194
1378.9013700318053 747.0 0.03764190105893246 18.594602566794492
1378.8559885997304 747.0 0.03756053031946494 18.611273666843772
1378.8106815692163 747.0 0.03747884698705159 18.6279505668208
1378.7654488005107 747.0 0.0373968658165269 18.64462756679859
1378.7202901542264 747.0 0.03731460485063827 18.66129586682655
1378.6752054913434 747.0 0.03723208523584056 18.677966566872783
1378.6301946732126 747.0 0.037149331021692204 18.694636966800317
1378.585257561558 747.0 0.03706636894543349 18.711310766870156
1378.5403940184779 747.0 0.03698322820339363 18.727985466830432
1378.495603906447 747.0 0.036899940210927254 18.744659366784617
1378.4508870883167 747.0 0.03681653835262326 18.761331166839227
1378.4062434273153 747.0 0.03673305772455914 18.777999866870232
1378.361672787049 747.0 0.03664953487039254 18.794678566860966
1378.3171750314998 747.0 0.03656600751308831 18.81135506683495
1378.2727500250257 747.0 0.036482514284074424 18.828023366862908
1378.228397632359 747.0 0.036399094451603727 18.844694466795772
1378.1841177186036 747.0 0.0363157876500713 18.86136876686942
1378.1399101492336 747.0 0.03623263361199886 18.878054066793993
1378.0957747900902 747.0 0.03614967190434962 18.894725266844034
1378.0517115073785 747.0 0.03606694167077871 18.911400866811164
1378.0077201676638 747.0 0.035984481381357285 18.928067766828462
1377.963800637868 747.0 0.035902328591232324 18.94473666686099
1377.9199527852652 747.0 0.03582051970960056 18.961409066803753
1377.8761764774779 747.0 0.03573908978028374 18.97808376676403
1377.8324715824715 747.0 0.03565807227509485 18.994754566811025
1377.7888379685494 747.0 0.035577498901081486 19.011425766861066
1377.7452755043485 747.0 0.035497399422624 19.028097766800784
1377.701784058833 747.0 0.035417801499253256 19.04476586682722
1377.6583635012896 747.0 0.03533873053993677 19.061442666803487
1377.6150137013217 747.0 0.035260209574462756 19.07811786676757
1377.5717345288435 747.0 0.0351822591424313 19.095145566854626
1377.528525854075 747.0 0.03510489720023964 19.111816366785206
1377.4853875475355 747.0 0.0350281390463268 19.128487966838293
1377.4423194800386 747.0 0.034951997264821226 19.145160366781056
1377.399321522686 747.0 0.034876481687614716 19.161830166820437
1377.3563935468626 747.0 0.03480159937476803 19.178514166851528
1377.3135354242306 747.0 0.03472735461303793 19.195186066790484
1377.2707470267246 747.0 0.03465374893220357 19.21185496682301
1377.228028226546 747.0 0.03458078113876239 19.228533066809177
1377.1853788961587 747.0 0.03450844736646223 19.2452068667626
1377.142798908284 747.0 0.034436741143039 19.26212746684905
1377.100288135896 747.0 0.03436565347243671 19.278802166809328
1377.0578464522182 747.0 0.0342951729317015 19.29546936682891
1377.0154737307182 747.0 0.03422528578166172 19.312144066789187
1376.9731698451058 747.0 0.03415597609043481 19.32881116680801
1376.9309346693278 747.0 0.034087225868736866 19.34548626677133
1376.8887680775667 747.0 0.034019015215914356 19.362159666838124
1376.8466699442367 747.0 0.033951322475568486 19.378830366767943
1376.8046401439822 747.0 0.03388412439960222 19.39550476684235
1376.7626785516748 747.0 0.03381739631948739 19.41218166681938
1376.7207850424127 747.0 0.033751112323525206 19.428853266872466
1376.6789594915185 747.0 0.033685245438857696 19.44552576681599
1376.6372017745387 747.0 0.03361976781697972 19.462199866771698
1376.5955117672424 747.0 0.033554650921501956 19.47887676686514
1376.5538893456217 747.0 0.03348986571692349 19.495544466772117
1376.5123343858907 747.0 0.03342538285718897 19.51222296676133
1376.4708467644864 747.0 0.03336117287282899 19.528892566799186
1376.4294263580691 747.0 0.03329720635551351 19.54639546677936
1376.388073043523 747.0 0.03323345413888579 19.563063066801988
1376.3467866979577 747.0 0.033169887474589 19.57973946677521
1376.3055671987088 747.0 0.03310647820244818 19.59641616686713
1376.26441442334 747.0 0.033043198913826406 19.61308966681827
1376.2233282496447 747.0 0.03298002310723586 19.630364366807044
1376.1823085556484 747.0 0.03291692533535043 19.647041566786356
1376.1413552196097 747.0 0.03285388134263723 19.663717466872185
1376.100468120024 747.0 0.03279086819289873 19.6804096668493
1376.0596471356248 747.0 0.03272786438609425 19.697095866780728
1376.0188921453866 747.0 0.032664849963890075 19.713775966782123
1375.9782030285278 747.0 0.032601806603469195 19.73045166686643
1375.9375796645127 747.0 0.03253871769921539 19.747162066865712
1375.897021933055 747.0 0.03247556843197087 19.763828966766596
1375.8565297141197 747.0 0.03241234582565169 19.780505666858517
1375.8161028879267 747.0 0.03234903879108963 19.79717876680661
1375.7757413349527 747.0 0.032285638157053605 19.813848366844468
1375.7354449359343 747.0 0.03222213668848613 19.83051926677581
1375.6952135718702 747.0 0.03215852909207157 19.84718906681519
1375.6550471240243 747.0 0.0320948120093318 19.863862066762522
1375.6149454739275 747.0 0.03203098399752076 19.880537766846828
1375.57490850338 747.0 0.03196704549866273 19.897243766812608
1375.5349360944538 747.0 0.0319029987971483 19.91392916685436
1375.4950281294946 747.0 0.031838847966367864 19.930600466788746
1375.4551844911232 747.0 0.031774598804923435 19.947277166764252
1375.4154050622371 747.0 0.031710258763016606 19.963948366814293
1375.375689726013 747.0 0.031645836859662095 19.980622566770762
1375.3360383659062 747.0 0.031581343591423214 19.99799356679432
1375.2964508656532 747.0 0.031516790833407006 20.014667666866444
1375.2569271092718 747.0 0.03145219173329274 20.031342466827482
1375.2174669810618 747.0 0.03138756059919799 20.048009466845542
1375.1780703656048 747.0 0.03132291278221094 20.064676166861318
1375.1387371477651 747.0 0.03125826455443686 20.08134926680941
1375.0994672126897 747.0 0.031193632983419504 20.098021466867067
1375.0602604458068 747.0 0.03112903580380596 20.114697166834958
1375.0211167328264 747.0 0.03106449128712491 20.13137216679752
1374.9820359597386 747.0 0.03100001811054474 20.148042266839184
1374.9430180128136 747.0 0.03093563522546837 20.164713166770525
1374.9040627785994 747.0 0.030871361726807222 20.181419366854243
1374.865170143921 747.0 0.03080721672375697 20.198087566765025
1374.8263399958787 747.0 0.03074321921287307 20.21475696680136
1374.787572221846 747.0 0.03067938795421484 20.23142456682399
1374.748866709468 747.0 0.030615741351293208 20.248097266769037
1374.7102233466592 747.0 0.030552297335519434 20.2647686668206
1374.6716420216007 747.0 0.030489073255810767 20.281509766820818
1374.6331226227387 747.0 0.030426085773963905 20.298185066785663
1374.5946650387807 747.0 0.030363350766359227 20.31485946686007
1374.556269158694 747.0 0.030300883232507972 20.331528666778468
1374.5179348717022 747.0 0.03023869721090149 20.3482019668445
1374.4796620672828 747.0 0.030176805702566627 20.364900566870347
1374.441450635164 747.0 0.030115220602674696 20.381569066783413
1374.4033004653222 747.0 0.03005395264049367 20.398238966823556
1374.365211447978 747.0 0.02999301132791466 20.414909866871312
1374.3271834735947 747.0 0.029932404916724695 20.431586466846056
1374.2892164328741 747.0 0.02987214036473881 20.448258766788058
1374.2513102167543 747.0 0.029812223310845803 20.46492586680688
1374.2134647164062 747.0 0.029752658058964015 20.48159566684626
1374.1756798232307 747.0 0.029693447570846698 20.49841106683016
1374.1379554288565 747.0 0.029634593467621 20.515086566796526
1374.1002914251362 747.0 0.029576096039891035 20.53175786684733
1374.0626877041448 747.0 0.02951795426618373 20.548426266759634
1374.0251441581763 747.0 0.02946016583946704 20.565094566787593
1373.9876606797416 747.0 0.029402727201423343 20.58176416682545
1373.950237161566 747.0 0.029345633584117146 20.598435766762123
1373.9128734965875 747.0 0.029288879058655588 20.615950266830623
1373.8755695779535 747.0 0.029232456590402797 20.632619466865435
1373.8383252990197 747.0 0.02917635810027543 20.649294566828758
1373.801140553349 747.0 0.029120574531616355 20.66611446684692
1373.7640152347078 747.0 0.029065095922117135 20.682786166784354
1373.7269492370667 747.0 0.029009911480237252 20.699484466807917
1373.689942454598 747.0 0.02895500966554945 20.71615376684349
1373.6529947816741 747.0 0.028900378272425867 20.732826966792345
1373.616106112868 747.0 0.02884600451646904 20.74949776683934
1373.579276342951 747.0 0.028791875123085092 20.76616776676383
1373.5425053668928 747.0 0.02873797641759388 20.78290906676557
1373.5057930798607 747.0 0.02868429441627203 20.799584566848353
1373.4691393772193 747.0 0.028630814917729844 20.816258766804822
1373.4325441545304 747.0 0.028577523594032005 20.833021366852336
1373.3960073075527 747.0 0.02852440608098423 20.849694766802713
1373.359528732242 747.0 0.028471448067024088 20.866361766820773
1373.3231083247515 747.0 0.028418635380173286 20.883030766854063
1373.2867459814315 747.0 0.028365954072531032 20.89982376678381
1373.250441598831 747.0 0.028313390501813362 20.916497366852127
1373.2141950736973 747.0 0.028260931409471175 20.93317246681545
1373.1780063029769 747.0 0.028208563994950156 20.94984146684874
1373.1418751838166 747.0 0.028156275985688397 20.96651656681206
1373.1058016135642 747.0 0.028104055702482134 20.983189866761677
1373.069785489769 747.0 0.028051892119886394 20.999862366821617
1373.033826710183 747.0 0.02799977492135511 21.016529866843484
1372.9979251727618 747.0 0.027947694548864345 21.03320376679767
1372.9620807756667 747.0 0.027895642246802167 21.049875166849233
1372.926293417264 747.0 0.02784361009994926 21.066543866763823
1372.8905629961275 747.0 0.02779159106541542 21.08321766683366
1372.854889411039 747.0 0.027739578998438146 21.099887566873804
1372.8192725609895 747.0 0.02768756867199038 21.116559966816567
1372.78371234518 747.0 0.02763555579018514 21.13323226675857
1372.7482086630237 747.0 0.027583536995504487 21.149899666779675
1372.7127614141455 747.0 0.027531509869919365 21.166574766859412
1372.6773704983839 747.0 0.02747947293000455 21.183246466796845
1372.6420358157918 747.0 0.02742742561618955 21.199931866838597
1372.6067572666373 747.0 0.027375368276321053 21.216600166866556
1372.5715347514044 747.0 0.027323302143745787 21.233276466839015
1372.5363681707943 747.0 0.027271229310153734 21.249952066806145
1372.5012574257248 747.0 0.027219152693450894 21.266620966838673
1372.4662024173322 747.0 0.027167076000957444 21.283298066817224
1372.431203046971 747.0 0.02711500368825179 21.299975366797298
1372.3962592162143 747.0 0.027062940914002853 21.31664806685876
1372.3613708268545 747.0 0.027010893491152363 21.333315166761167
1372.3265377809032 747.0 0.026958867834825644 21.350176166859455
1372.291759980591 747.0 0.026906870907363357 21.366845666780137
1372.2570373283677 747.0 0.0268549101608779 21.383515966823325
1372.2223697269023 747.0 0.026802993477746603 21.400189366773702
1372.1877570790823 747.0 0.026751129109459534 21.41686506685801
1372.1531992880132 747.0 0.02669932561424256 21.433541666832753
1372.1186962570189 747.0 0.026647591793876515 21.450211666873656
1372.0842478896402 747.0 0.026595936630130743 21.466881166794337
1372.0498540896342 747.0 0.026544369221224086 21.483549866825342
1372.015514760974 747.0 0.026492898718718707 21.500217866851017
1371.9812298078473 747.0 0.02644153426524198 21.516885866760276
1371.9469991346555 747.0 0.026390284933419075 21.533552866778336
1371.9128226460125 747.0 0.026339159666384265 21.550225766841322
1371.8787002467443 747.0 0.026288167220222085 21.566896166768856
1371.8446318418864 747.0 0.026237316108670767 21.583571966853924
1371.8106173366837 747.0 0.026186614550399813 21.600246866815723
1371.776656636588 747.0 0.026136070419151485 21.616915466845967
1371.7427496472583 747.0 0.02608569119701232 21.633589466800913
1371.708896274557 747.0 0.026035483931055987 21.65026486676652
1371.6750964245502 747.0 0.025985455193572808 21.666932866792195
1371.6413500035055 747.0 0.025935611046074433 21.683621166856028
1371.6076569178902 747.0 0.025885957007234593 21.70029626681935
1371.5740170743697 747.0 0.025836498024898753 21.7169679668732
1371.5404303798066 747.0 0.025787238452267096 21.733644866850227
1371.5068967412583 747.0 0.025738182028326628 21.750319166807458
1371.4734160659752 747.0 0.025689331862579757 21.76698916684836
1371.4399882614002 747.0 0.02564069042408828 21.783657366759144
1371.4066132351659 747.0 0.02559225953482386 21.800353866769
1371.3732908950933 747.0 0.02554404036728872 21.817030666861683
1371.340021149191 747.0 0.02549603344634357 21.833698966773227
1371.306803905653 747.0 0.02544823865515422 21.850368566811085
1371.273639072857 747.0 0.025400655245143445 21.867036466835998
1371.2405265593636 747.0 0.025353281849811296 21.883713466813788
1371.207466273915 747.0 0.025306116502264737 21.900383766856976
1371.1744581254331 747.0 0.025259156656276736 21.917058166814968
1371.1415020230183 747.0 0.0252123992106757 21.933729866868816
1371.108597875949 747.0 0.02516584053684842 21.950402066810057
1371.07574559368 747.0 0.02511947650912385 21.967078866786323
1371.0429450858412 747.0 0.0250733025377908 21.983751666848548
1371.0101962622373 747.0 0.02502731360449043 22.0004204667639
1370.9774990328467 747.0 0.024981504299713804 22.017097466858104
1370.9448533078203 747.0 0.024935868862126457 22.03377076680772
1370.9122589974809 747.0 0.02489040121943515 22.050438966834918
1370.8797160123233 747.0 0.024845095030507452 22.067155066761188
1370.8472242630128 747.0 0.024799943728452033 22.083825766807422
1370.814783660385 747.0 0.024754940564366733 22.100502266781405
1370.7823941154459 747.0 0.02471007865146259 22.117169766803272
1370.7500555393706 747.0 0.024665351009274916 22.13384356687311
1370.7177678435037 747.0 0.024620750607677266 22.150705966865644
1370.6855309393593 747.0 0.024576270410420528 22.167375466786325
1370.65334473862 747.0 0.024531903417927554 22.184049866860732
1370.6212091531381 747.0 0.024487642709083383 22.200724166817963
1370.5891240949343 747.0 0.0244434814817723 22.21739586687181
1370.5570894761988 747.0 0.024399413091925493 22.234064866788685
1370.5251052092906 747.0 0.02435543109085695 22.25073486682959
1370.4931712067382 747.0 0.024311529260680205 22.267405966762453
1370.4612873812398 747.0 0.02426770164761461 22.284073666785844
1370.4294536456632 747.0 0.02422394259300679 22.30074446683284
1370.3976699130465 747.0 0.024180246761910714 22.317415866767988
1370.3659360965978 747.0 0.024136609169088278 22.334083166788332
1370.3342521096963 747.0 0.024093025202311328 22.352159766829573
1370.302617865892 747.0 0.024049490642865424 22.36922536685597
1370.2710332789065 747.0 0.0240060016831754 22.385901066823862
1370.239498262633 747.0 0.023962554941492575 22.40314836683683
1370.208012731137 747.0 0.02391914747360338 22.41982186678797
1370.1765765986563 747.0 0.023875776781538943 22.436493166838773
1370.145189779602 747.0 0.023832440819284668 22.4531620668713
1370.1138521885582 747.0 0.023789137995508077 22.46983556682244
1370.0825637402825 747.0 0.02374586717334187 22.486511766794138
1370.0513243497062 747.0 0.02370262766727732 22.50318656687159
1370.020133931935 747.0 0.023659419237240596 22.519859166815877
1369.9889924022496 747.0 0.023616242079941202 22.5365425668424
1369.957899676104 747.0 0.023573096817597637 22.55322176683694
1369.926855669128 747.0 0.02352998448416014 22.569889566861093
1369.8958602971259 747.0 0.02348690650916419 22.58656786684878
1369.8649134760772 747.0 0.023443864699361182 22.60324346681591
1369.8340151221366 747.0 0.023400861218284188 22.619913566857576
1369.8031651516337 747.0 0.02335789856391699 22.636581666767597
1369.7723634810732 747.0 0.023314979544643732 22.653258666861802
1369.7416100271348 747.0 0.023272107253664128 22.6700564668281
1369.7109047066729 747.0 0.023229285042065763 22.68672616686672
1369.6802474367166 747.0 0.02318651649074993 22.70339286676608
1369.6496381344693 747.0 0.023143805381411343 22.720421766862273
1369.6190767173084 747.0 0.023101155666774335 22.737090666778386
1369.588563102785 747.0 0.023058571440289256 22.75376866676379
1369.5580972086234 747.0 0.023016056905492514 22.77124446677044
1369.5276789527206 747.0 0.02297361634523211 22.787918166839518
1369.4973082531465 747.0 0.022931254090957708 22.80478256684728
1369.4669850281418 747.0 0.02288897449227024 22.82146086683497
1369.4367091961192 747.0 0.022846781886920783 22.83812926686369
1369.406480675661 747.0 0.02280468057144218 22.854804466827773
1369.37629938552 747.0 0.022762674772589416 22.871482166810893
1369.3461652446179 747.0 0.022720768619756415 22.888158566784114
1369.3160781720442 747.0 0.022678966118527592 22.904832066851668
1369.2860380870563 747.0 0.022637271125512406 22.92149916687049
1369.2560449090784 747.0 0.022595687324600183 22.93817286682315
1369.2260985577 747.0 0.022554218204760935 22.954842666862532
1369.1961989526758 747.0 0.02251286703950575 22.971517966827378
1369.1663460139246 747.0 0.022471636868107568 22.988190766773187
1369.136539661528 747.0 0.022430530478670194 23.004862566827796
1369.1067798157305 747.0 0.02238955039311983 23.02219726680778
1369.077066396937 747.0 0.022348698854179894 23.038867366849445
1369.0473993257128 747.0 0.02230797781437608 23.055540166795254
1369.0177785227831 747.0 0.022267388927104715 23.073120166780427
1368.9882039090314 747.0 0.02222693353978379 23.089794466854073
1368.9586754054985 747.0 0.022186612689092285 23.10646646679379
1368.9291929333817 747.0 0.022146427098290018 23.12320426676888
1368.8997564140343 747.0 0.022106377176597098 23.139875766821206
1368.8703657689643 747.0 0.022066463020599218 23.15654766676016
1368.8410209198335 747.0 0.022026684417632808 23.173222266836092
1368.811721788457 747.0 0.02198704085109214 23.189890666864812
1368.7824682968017 747.0 0.021947531507589345 23.20658586686477
1368.7532603669865 747.0 0.021908155285887666 23.22346346685663
1368.7240979212809 747.0 0.021868910807518432 23.240130766760558
1368.694980882104 747.0 0.0218297964289831 23.256798366783187
1368.6659091720242 747.0 0.021790810255433394 23.27346636680886
1368.6368827137587 747.0 0.02175195015571504 23.29013466683682
1368.6079014301727 747.0 0.021713213778654067 23.30681366682984
1368.5789652442784 747.0 0.02167459857045881 23.32348456676118
1368.5500740792352 747.0 0.02163610179310601 23.340155866811983
1368.5212278583483 747.0 0.021597720543575498 23.356824866845272
1368.4924265050693 747.0 0.021559451773795014 23.373503566836007
1368.4636699429943 747.0 0.021521292311154665 23.390172266867012
1368.434958095865 747.0 0.021483238879449543 23.40684576681815
1368.4062908875678 747.0 0.021445288120108746 23.423519066767767
1368.3776682421326 747.0 0.021407436613569943 23.440188166801818
1368.349090083734 747.0 0.02136968090066015 23.456858466845006
1368.3205563366896 747.0 0.021332017503845956 23.47352886677254
1368.292066925461 747.0 0.021294442948219774 23.490210566786118
1368.263621774653 747.0 0.021256953782092747 23.50688456685748
1368.2352208090133 747.0 0.021219546597069934 23.523557766806334
1368.2068639534327 747.0 0.021182218047488863 23.540234066778794
1368.1785511329451 747.0 0.021144964869108857 23.556903666816652
1368.150282272727 747.0 0.021107783896945332 23.573573566856794
1368.1220572980976 747.0 0.02107067208215073 23.590242466772906
1368.0938761345192 747.0 0.021033626507851545 23.606916266842745
1368.0657387075964 747.0 0.02099664440385933 23.623608666821383
1368.0376449430767 747.0 0.02095972316018216 23.640278366860002
1368.0095947668503 747.0 0.020922860339272147 23.65695186681114
1367.9815881049506 747.0 0.02088605368695375 23.673622466856614
1367.953624883553 747.0 0.020849301141987138 23.690293966792524
1367.9257050289764 747.0 0.020812600844230398 23.706970366765745
1367.8978284676823 747.0 0.020775951141373962 23.723644266836345
1367.8699951262754 747.0 0.020739350594230307 23.74031666677911
1367.8422049315031 747.0 0.020702797980571463 23.75698506680783
1367.814457810256 747.0 0.020666292297516285 23.77366226678714
1367.7867536895676 747.0 0.020629832762478734 23.79032906680368
1367.7590924966146 747.0 0.02059341881269731 23.80700226686895
1367.731474158717 747.0 0.020557050103374573 23.82367736683227
1367.7038986033374 747.0 0.02052072650446395 23.84039476676844
1367.676365758082 747.0 0.020484448096149088 23.85706726682838
1367.6488755506998 747.0 0.020448215163068436 23.87374016677495
1367.6214279090827 747.0 0.0204120281873449 23.890416966867633
1367.594022761266 747.0 0.020375887840486846 23.90709026681725
1367.5666600354273 747.0 0.02033979497423285 23.923764066770673
1367.5393396598874 747.0 0.020303750610417892 23.940438766847365
1367.5120615631097 747.0 0.020267755929943652 23.957111766794696
1367.4848256736996 747.0 0.020231812260939668 23.973780766827986
1367.457631920405 747.0 0.020195921066205772 23.99045886681415
1367.4304802321162 747.0 0.020160083930029153 24.007133166771382
1367.4033705378652 747.0 0.02012430254447165 24.023800166789442
1367.3763027668251 747.0 0.020088578695224547 24.040473366854712
1367.3492768483109 747.0 0.020052914247129145 24.05714526679367
1367.3222927117783 747.0 0.020017311129461673 24.073814266826957
1367.295350286824 747.0 0.019981771321080855 24.09048586676363
1367.2684495031845 747.0 0.019946296835535504 24.107172466814518
1367.2415902907364 747.0 0.01991088970622801 24.123839366831817
1367.2147725794962 747.0 0.019875551971727464 24.14051316678524
1367.187996299619 747.0 0.0198402856613235 24.15766716678627
1367.161261381399 747.0 0.01980509278090872 24.174343866761774
1367.1345677552683 747.0 0.019769975299273906 24.191015566815622
1367.1079153517967 747.0 0.01973493513489599 24.207688566762954
1367.0813041016913 747.0 0.019699974143294167 24.22436346684117
1367.054733935796 747.0 0.01966509410502457 24.24103916680906
1367.0282047850908 747.0 0.01963029671437846 24.257826566812582
1367.0017165806912 747.0 0.019595583568843337 24.274501666775905
1366.9752692538482 747.0 0.019560956159380267 24.29117796686478
1366.948862735947 747.0 0.019526415861564676 24.30785366683267
1366.9224969585066 747.0 0.01949196392763138 24.324521066853777
1366.8961718531798 747.0 0.01945760147945812 24.341234866762534
1366.8698873517521 747.0 0.019423329502515314 24.35793746681884
1366.8436433861414 747.0 0.019389148840802922 24.374611266772263
1366.8174398883966 747.0 0.019355060192788796 24.391278366791084
1366.7912767906987 747.0 0.019321064108356087 24.40799786685966
1366.7651540253585 747.0 0.01928716098676078 24.424666066770442
1366.739071524817 747.0 0.019253351075593898 24.441334066796117
1366.713029221645 747.0 0.019219634470736657 24.458003866835497
1366.6870270485417 747.0 0.019186011117290663 24.474671166855842
1366.6610649383347 747.0 0.019152480811459364 24.491520866868086
1366.6351428239795 747.0 0.019119043203351362 24.508190766791813
1366.609260638559 747.0 0.019085697800670764 24.52485886681825
1366.5834183152826 747.0 0.01905244397325477 24.541536466800608
1366.5576157874864 747.0 0.019019280958414018 24.55820716684684
1366.5318529886322 747.0 0.018986207867026837 24.57488336681854
1366.5061298523071 747.0 0.0189532236903347 24.59155246685259
1366.4804463122234 747.0 0.018920327307382585 24.608248866861686
1366.4548023022176 747.0 0.018887517493044917 24.62491716677323
1366.4291977562507 747.0 0.01885479292657509 24.641592666856013
1366.4036326084072 747.0 0.018822152200614305 24.658269166829996
1366.378106792895 747.0 0.0187895938305938 24.67494036676362
1366.3526202440455 747.0 0.018757116264463126 24.691615266841836
1366.3271728963123 747.0 0.018724717892676383 24.70828966679983
1366.3017646842716 747.0 0.018692397058367803 24.724963466869667
1366.2763955426217 747.0 0.01866015206764824 24.74166416679509
1366.251065406183 747.0 0.018627981199954496 24.75833396683447
1366.2257742098973 747.0 0.018595882718384377 24.77500086685177
1366.200521888828 747.0 0.018563854879951693 24.791703066788614
1366.1753083781596 747.0 0.018531895945697083 24.80838536680676
1366.1501336131976 747.0 0.0185000041905927 24.825055266846903
1366.124997529368 747.0 0.018468177913181182 24.841723666759208
1366.0999000622182 747.0 0.018436415444892176 24.858395166811533
1366.074841147415 747.0 0.01840471515898273 24.875063666841015
1366.0498207207465 747.0 0.018373075479051273 24.891735666780733
1366.0248387181205 747.0 0.018341494887078594 24.9084101668559
1365.9998950755648 747.0 0.018309971930952983 24.925081166788004
1365.9749897292277 747.0 0.018278505231440912 24.94174996681977
1365.9501226153766 747.0 0.018247093488568806 24.958911466761492
1365.9252936703992 747.0 0.01821573548738584 24.975588366854936
1365.900502830803 747.0 0.018184430103082273 24.992262566811405
1365.8757500332142 747.0 0.018153176305442314 25.00893196684774
1365.8510352143796 747.0 0.018121973162615237 25.025604266789742
1365.8263583111645 747.0 0.01809081984419307 25.042272766819224
1365.8017192605541 747.0 0.01805971562358786 25.058939966838807
1365.7771179996523 747.0 0.018028659879706047 25.075613966793753
1365.7525544656828 747.0 0.01799765209792214 25.092288166866638
1365.7280285959876 747.0 0.017966691870358185 25.108965666848235
1365.703540328028 747.0 0.017935778895479978 25.125637366785668
1365.6790895993847 747.0 0.017904912977024966 25.14230596681591
1365.654676347756 747.0 0.01787409402228098 25.159422566764988
1365.63030051096 747.0 0.017843322039738565 25.176093966816552
1365.6059620269325 747.0 0.017812597136143367 25.192763266852126
1365.5816608337277 747.0 0.01778191951297834 25.20943366677966
1365.5573968695185 747.0 0.017751289462408653 25.226102566812187
